#wls	flux	fluxerr
1.600000E+03	1.843097E-16	1.790045E-16
1.640000E+03	1.942432E-16	1.869847E-16
1.680000E+03	2.049390E-16	1.954845E-16
1.720000E+03	2.164412E-16	2.045201E-16
1.760000E+03	2.288136E-16	2.141237E-16
1.800000E+03	2.421410E-16	2.243441E-16
1.840000E+03	2.564272E-16	2.351519E-16
1.880000E+03	2.717760E-16	2.466076E-16
1.920000E+03	2.882288E-16	2.587109E-16
1.960000E+03	3.058226E-16	2.714556E-16
2.000000E+03	3.245674E-16	2.848095E-16
2.040000E+03	3.444876E-16	2.987523E-16
2.080000E+03	3.655542E-16	3.132163E-16
2.120000E+03	3.876792E-16	3.280854E-16
2.160000E+03	4.108303E-16	3.432934E-16
2.200000E+03	4.348657E-16	3.586857E-16
2.240000E+03	4.596496E-16	3.741192E-16
2.280000E+03	4.850774E-16	3.894827E-16
2.320000E+03	5.110793E-16	4.046982E-16
2.360000E+03	5.376471E-16	4.197402E-16
2.400000E+03	5.647856E-16	4.345949E-16
2.440000E+03	5.924865E-16	4.492404E-16
2.480000E+03	6.208042E-16	4.637035E-16
2.520000E+03	6.496994E-16	4.779416E-16
2.560000E+03	6.791658E-16	4.919399E-16
2.600000E+03	7.090987E-16	5.056161E-16
2.640000E+03	7.393977E-16	5.188974E-16
2.680000E+03	7.698881E-16	5.316669E-16
2.720000E+03	8.003745E-16	5.438032E-16
2.760000E+03	8.306422E-16	5.551830E-16
2.800000E+03	8.604351E-16	5.656665E-16
2.840000E+03	8.894855E-16	5.751192E-16
2.880000E+03	9.175682E-16	5.834453E-16
2.920000E+03	9.444057E-16	5.905262E-16
2.960000E+03	9.698437E-16	5.963297E-16
3.000000E+03	9.936603E-16	6.007874E-16
3.010000E+03	9.993699E-16	6.017052E-16
3.020000E+03	1.004952E-15	6.025283E-16
3.030000E+03	1.010401E-15	6.032555E-16
3.040000E+03	1.015759E-15	6.039124E-16
3.050000E+03	1.020999E-15	6.044838E-16
3.060000E+03	1.026116E-15	6.049683E-16
3.070000E+03	1.031128E-15	6.053775E-16
3.080000E+03	1.036008E-15	6.056972E-16
3.090000E+03	1.040754E-15	6.059261E-16
3.100000E+03	1.045404E-15	6.060884E-16
3.110000E+03	1.049911E-15	6.061577E-16
3.120000E+03	1.054293E-15	6.061454E-16
3.130000E+03	1.058525E-15	6.060385E-16
3.140000E+03	1.062668E-15	6.058722E-16
3.150000E+03	1.066654E-15	6.056096E-16
3.160000E+03	1.070501E-15	6.052620E-16
3.170000E+03	1.074227E-15	6.048404E-16
3.180000E+03	1.077830E-15	6.043438E-16
3.190000E+03	1.081264E-15	6.037492E-16
3.200000E+03	1.084590E-15	6.030900E-16
3.210000E+03	1.087764E-15	6.023433E-16
3.220000E+03	1.090803E-15	6.015200E-16
3.230000E+03	1.093688E-15	6.006093E-16
3.240000E+03	1.096434E-15	5.996218E-16
3.250000E+03	1.099041E-15	5.985576E-16
3.260000E+03	1.101507E-15	5.974168E-16
3.270000E+03	1.103812E-15	5.961894E-16
3.280000E+03	1.105975E-15	5.948862E-16
3.290000E+03	1.107994E-15	5.935077E-16
3.300000E+03	1.109852E-15	5.920446E-16
3.310000E+03	1.111566E-15	5.905077E-16
3.320000E+03	1.113119E-15	5.888882E-16
3.330000E+03	1.114528E-15	5.871968E-16
3.340000E+03	1.115779E-15	5.854253E-16
3.350000E+03	1.116870E-15	5.835752E-16
3.360000E+03	1.117805E-15	5.816480E-16
3.370000E+03	1.118585E-15	5.796454E-16
3.380000E+03	1.119211E-15	5.775691E-16
3.390000E+03	1.119671E-15	5.754125E-16
3.400000E+03	1.119982E-15	5.731863E-16
3.410000E+03	1.120116E-15	5.708759E-16
3.420000E+03	1.120108E-15	5.685003E-16
3.430000E+03	1.119931E-15	5.660458E-16
3.440000E+03	1.119587E-15	5.635151E-16
3.450000E+03	1.119083E-15	5.609113E-16
3.460000E+03	1.118407E-15	5.582297E-16
3.470000E+03	1.117581E-15	5.554811E-16
3.480000E+03	1.116593E-15	5.526612E-16
3.490000E+03	1.115436E-15	5.497661E-16
3.500000E+03	1.114115E-15	5.467996E-16
3.510000E+03	1.112624E-15	5.437585E-16
3.520000E+03	1.110983E-15	5.406535E-16
3.530000E+03	1.109157E-15	5.374684E-16
3.540000E+03	1.107168E-15	5.342142E-16
3.550000E+03	1.105011E-15	5.308888E-16
3.560000E+03	1.102693E-15	5.274966E-16
3.570000E+03	1.100198E-15	5.240296E-16
3.580000E+03	1.097520E-15	5.204867E-16
3.590000E+03	1.094684E-15	5.168792E-16
3.600000E+03	1.091660E-15	5.131940E-16
3.610000E+03	1.088471E-15	5.094426E-16
3.620000E+03	1.085116E-15	5.056244E-16
3.630000E+03	1.081580E-15	5.017335E-16
3.640000E+03	1.077862E-15	4.977702E-16
3.650000E+03	1.073974E-15	4.937404E-16
3.660000E+03	1.069904E-15	4.896391E-16
3.670000E+03	1.065676E-15	4.854776E-16
3.680000E+03	1.061267E-15	4.812462E-16
3.690000E+03	1.056689E-15	4.769511E-16
3.700000E+03	1.051943E-15	4.725933E-16
3.710000E+03	1.047042E-15	4.681789E-16
3.720000E+03	1.041976E-15	4.637042E-16
3.730000E+03	1.036757E-15	4.591752E-16
3.740000E+03	1.031388E-15	4.545933E-16
3.750000E+03	1.025880E-15	4.499642E-16
3.760000E+03	1.020235E-15	4.452891E-16
3.770000E+03	1.014465E-15	4.405737E-16
3.780000E+03	1.008572E-15	4.358190E-16
3.790000E+03	1.002556E-15	4.310261E-16
3.800000E+03	9.964493E-16	4.262087E-16
3.810000E+03	9.902329E-16	4.213590E-16
3.820000E+03	9.839275E-16	4.164861E-16
3.830000E+03	9.775524E-16	4.115985E-16
3.840000E+03	9.710987E-16	4.066926E-16
3.850000E+03	9.645761E-16	4.017727E-16
3.860000E+03	9.580029E-16	3.968465E-16
3.870000E+03	9.513878E-16	3.919176E-16
3.880000E+03	9.447390E-16	3.869895E-16
3.890000E+03	9.380555E-16	3.820617E-16
3.900000E+03	9.313539E-16	3.771409E-16
3.910000E+03	9.246410E-16	3.722299E-16
3.920000E+03	9.179236E-16	3.673313E-16
3.930000E+03	9.112082E-16	3.624474E-16
3.940000E+03	9.045006E-16	3.575803E-16
3.950000E+03	8.978147E-16	3.527354E-16
3.960000E+03	8.911556E-16	3.479143E-16
3.970000E+03	8.845200E-16	3.431154E-16
3.980000E+03	8.779284E-16	3.383463E-16
3.990000E+03	8.713768E-16	3.336052E-16
4.000000E+03	8.648770E-16	3.288959E-16
4.010000E+03	8.584321E-16	3.242193E-16
4.020000E+03	8.520377E-16	3.195733E-16
4.030000E+03	8.457118E-16	3.149641E-16
4.040000E+03	8.394494E-16	3.103892E-16
4.050000E+03	8.332602E-16	3.058517E-16
4.060000E+03	8.271460E-16	3.013516E-16
4.070000E+03	8.211085E-16	2.968890E-16
4.080000E+03	8.151492E-16	2.924637E-16
4.090000E+03	8.092765E-16	2.880782E-16
4.100000E+03	8.034843E-16	2.837294E-16
4.110000E+03	7.977733E-16	2.794170E-16
4.120000E+03	7.921583E-16	2.751456E-16
4.130000E+03	7.866257E-16	2.709095E-16
4.140000E+03	7.811827E-16	2.667107E-16
4.150000E+03	7.758293E-16	2.625483E-16
4.160000E+03	7.705655E-16	2.584216E-16
4.170000E+03	7.653911E-16	2.543298E-16
4.180000E+03	7.603057E-16	2.502721E-16
4.190000E+03	7.553087E-16	2.462475E-16
4.200000E+03	7.503997E-16	2.422551E-16
4.210000E+03	7.455778E-16	2.382938E-16
4.220000E+03	7.408421E-16	2.343628E-16
4.230000E+03	7.361854E-16	2.304589E-16
4.240000E+03	7.316064E-16	2.265811E-16
4.250000E+03	7.271106E-16	2.227304E-16
4.260000E+03	7.226966E-16	2.189058E-16
4.270000E+03	7.183504E-16	2.151022E-16
4.280000E+03	7.140769E-16	2.113206E-16
4.290000E+03	7.098745E-16	2.075600E-16
4.300000E+03	7.057415E-16	2.038191E-16
4.310000E+03	7.016763E-16	2.000970E-16
4.320000E+03	6.976708E-16	1.963909E-16
4.330000E+03	6.937354E-16	1.927030E-16
4.340000E+03	6.898557E-16	1.890290E-16
4.350000E+03	6.860417E-16	1.853711E-16
4.360000E+03	6.822912E-16	1.817280E-16
4.370000E+03	6.786079E-16	1.781003E-16
4.380000E+03	6.749890E-16	1.744868E-16
4.390000E+03	6.714381E-16	1.708877E-16
4.400000E+03	6.679522E-16	1.673018E-16
4.410000E+03	6.645407E-16	1.637308E-16
4.420000E+03	6.612004E-16	1.601732E-16
4.430000E+03	6.579283E-16	1.566279E-16
4.440000E+03	6.547332E-16	1.530962E-16
4.450000E+03	6.516118E-16	1.495767E-16
4.460000E+03	6.485667E-16	1.460694E-16
4.470000E+03	6.456064E-16	1.425753E-16
4.480000E+03	6.427216E-16	1.390918E-16
4.490000E+03	6.399204E-16	1.356199E-16
4.500000E+03	6.372053E-16	1.321594E-16
4.510000E+03	6.345726E-16	1.287085E-16
4.520000E+03	6.320246E-16	1.252672E-16
4.530000E+03	6.295633E-16	1.218350E-16
4.540000E+03	6.271910E-16	1.184115E-16
4.550000E+03	6.249097E-16	1.149963E-16
4.560000E+03	6.227157E-16	1.115879E-16
4.570000E+03	6.206049E-16	1.081848E-16
4.580000E+03	6.185913E-16	1.047888E-16
4.590000E+03	6.166650E-16	1.013974E-16
4.600000E+03	6.148221E-16	9.800931E-17
4.610000E+03	6.130704E-16	9.462521E-17
4.620000E+03	6.114118E-16	9.124479E-17
4.630000E+03	6.098306E-16	8.786524E-17
4.640000E+03	6.083463E-16	8.448907E-17
4.650000E+03	6.069373E-16	8.111302E-17
4.660000E+03	6.056171E-16	7.773894E-17
4.670000E+03	6.043818E-16	7.436644E-17
4.680000E+03	6.032274E-16	7.099544E-17
4.690000E+03	6.021499E-16	6.762626E-17
4.700000E+03	6.011453E-16	6.425970E-17
4.710000E+03	6.002215E-16	6.089837E-17
4.720000E+03	5.993688E-16	5.754365E-17
4.730000E+03	5.985833E-16	5.419853E-17
4.740000E+03	5.978674E-16	5.086774E-17
4.750000E+03	5.972056E-16	4.755610E-17
4.760000E+03	5.966126E-16	4.427303E-17
4.770000E+03	5.960674E-16	4.102807E-17
4.780000E+03	5.955796E-16	3.783708E-17
4.790000E+03	5.951469E-16	3.472067E-17
4.800000E+03	5.947560E-16	3.170681E-17
4.810000E+03	5.944124E-16	2.883591E-17
4.820000E+03	5.941227E-16	2.616396E-17
4.830000E+03	5.938768E-16	2.376698E-17
4.840000E+03	5.936844E-16	2.174647E-17
4.850000E+03	5.935511E-16	2.022551E-17
4.860000E+03	5.934785E-16	1.933098E-17
4.870000E+03	5.934736E-16	1.915590E-17
4.880000E+03	5.935422E-16	1.971590E-17
4.890000E+03	5.936684E-16	2.093918E-17
4.900000E+03	5.938461E-16	2.270318E-17
4.910000E+03	5.940530E-16	2.487674E-17
4.920000E+03	5.942870E-16	2.734712E-17
4.930000E+03	5.945415E-16	3.002664E-17
4.940000E+03	5.948055E-16	3.285024E-17
4.950000E+03	5.950812E-16	3.577134E-17
4.960000E+03	5.953598E-16	3.875569E-17
4.970000E+03	5.956451E-16	4.177894E-17
4.980000E+03	5.959297E-16	4.482244E-17
4.990000E+03	5.962123E-16	4.787248E-17
5.000000E+03	5.964862E-16	5.091810E-17
5.010000E+03	5.967629E-16	5.395226E-17
5.020000E+03	5.970301E-16	5.696756E-17
5.030000E+03	5.972875E-16	5.995891E-17
5.040000E+03	5.975412E-16	6.292282E-17
5.050000E+03	5.977851E-16	6.585534E-17
5.060000E+03	5.980193E-16	6.875367E-17
5.070000E+03	5.982440E-16	7.161550E-17
5.080000E+03	5.984593E-16	7.443887E-17
5.090000E+03	5.986592E-16	7.722131E-17
5.100000E+03	5.988440E-16	7.996130E-17
5.110000E+03	5.990199E-16	8.265839E-17
5.120000E+03	5.991750E-16	8.530976E-17
5.130000E+03	5.993217E-16	8.791612E-17
5.140000E+03	5.994417E-16	9.047386E-17
5.150000E+03	5.995475E-16	9.298395E-17
5.160000E+03	5.996333E-16	9.544471E-17
5.170000E+03	5.996992E-16	9.785544E-17
5.180000E+03	5.997453E-16	1.002155E-16
5.190000E+03	5.997659E-16	1.025233E-16
5.200000E+03	5.997610E-16	1.047782E-16
5.210000E+03	5.997249E-16	1.069786E-16
5.220000E+03	5.996699E-16	1.091263E-16
5.230000E+03	5.995780E-16	1.112174E-16
5.240000E+03	5.994555E-16	1.132526E-16
5.250000E+03	5.993028E-16	1.152315E-16
5.260000E+03	5.991202E-16	1.171537E-16
5.270000E+03	5.988958E-16	1.190166E-16
5.280000E+03	5.986361E-16	1.208210E-16
5.290000E+03	5.983355E-16	1.225654E-16
5.300000E+03	5.979943E-16	1.242494E-16
5.310000E+03	5.976070E-16	1.258717E-16
5.320000E+03	5.971803E-16	1.274332E-16
5.330000E+03	5.967025E-16	1.289311E-16
5.340000E+03	5.961743E-16	1.303654E-16
5.350000E+03	5.955905E-16	1.317346E-16
5.360000E+03	5.949576E-16	1.330398E-16
5.370000E+03	5.942586E-16	1.342770E-16
5.380000E+03	5.935003E-16	1.354475E-16
5.390000E+03	5.926776E-16	1.365498E-16
5.400000E+03	5.917856E-16	1.375827E-16
5.410000E+03	5.908075E-16	1.385420E-16
5.420000E+03	5.897386E-16	1.394263E-16
5.430000E+03	5.885744E-16	1.402344E-16
5.440000E+03	5.872866E-16	1.409593E-16
5.450000E+03	5.858712E-16	1.415996E-16
5.460000E+03	5.843063E-16	1.421499E-16
5.470000E+03	5.825822E-16	1.426074E-16
5.480000E+03	5.807186E-16	1.429768E-16
5.490000E+03	5.787116E-16	1.432571E-16
5.500000E+03	5.765809E-16	1.434530E-16
5.510000E+03	5.743342E-16	1.435667E-16
5.520000E+03	5.719968E-16	1.436046E-16
5.530000E+03	5.695646E-16	1.435662E-16
5.540000E+03	5.670511E-16	1.434552E-16
5.550000E+03	5.644581E-16	1.432725E-16
5.560000E+03	5.618048E-16	1.430234E-16
5.570000E+03	5.590870E-16	1.427076E-16
5.580000E+03	5.563122E-16	1.423276E-16
5.590000E+03	5.534823E-16	1.418843E-16
5.600000E+03	5.506101E-16	1.413820E-16
5.610000E+03	5.476918E-16	1.408201E-16
5.620000E+03	5.447345E-16	1.402014E-16
5.630000E+03	5.417455E-16	1.395284E-16
5.640000E+03	5.387263E-16	1.388024E-16
5.650000E+03	5.356840E-16	1.380260E-16
5.660000E+03	5.326145E-16	1.371988E-16
5.670000E+03	5.295248E-16	1.363236E-16
5.680000E+03	5.264218E-16	1.354029E-16
5.690000E+03	5.233068E-16	1.344379E-16
5.700000E+03	5.201811E-16	1.334297E-16
5.710000E+03	5.170459E-16	1.323796E-16
5.720000E+03	5.139135E-16	1.312915E-16
5.730000E+03	5.107739E-16	1.301637E-16
5.740000E+03	5.076392E-16	1.290000E-16
5.750000E+03	5.045104E-16	1.278016E-16
5.760000E+03	5.013830E-16	1.265681E-16
5.770000E+03	4.982633E-16	1.253020E-16
5.780000E+03	4.951577E-16	1.240057E-16
5.790000E+03	4.920614E-16	1.226786E-16
5.800000E+03	4.889754E-16	1.213220E-16
5.810000E+03	4.859109E-16	1.199392E-16
5.820000E+03	4.828580E-16	1.185286E-16
5.830000E+03	4.798224E-16	1.170924E-16
5.840000E+03	4.768049E-16	1.156315E-16
5.850000E+03	4.738057E-16	1.141466E-16
5.860000E+03	4.708307E-16	1.126399E-16
5.870000E+03	4.678696E-16	1.111097E-16
5.880000E+03	4.649332E-16	1.095591E-16
5.890000E+03	4.620165E-16	1.079877E-16
5.900000E+03	4.591198E-16	1.063962E-16
5.910000E+03	4.562431E-16	1.047853E-16
5.920000E+03	4.533867E-16	1.031556E-16
5.930000E+03	4.505555E-16	1.015091E-16
5.940000E+03	4.477393E-16	9.984406E-17
5.950000E+03	4.449381E-16	9.816108E-17
5.960000E+03	4.421569E-16	9.646198E-17
5.970000E+03	4.393954E-16	9.474736E-17
5.980000E+03	4.366433E-16	9.301566E-17
5.990000E+03	4.339104E-16	9.126967E-17
6.000000E+03	4.311814E-16	8.950685E-17
6.010000E+03	4.284709E-16	8.773099E-17
6.020000E+03	4.257634E-16	8.593965E-17
6.030000E+03	4.230586E-16	8.413354E-17
6.040000E+03	4.203611E-16	8.231438E-17
6.050000E+03	4.176652E-16	8.048192E-17
6.060000E+03	4.149705E-16	7.863691E-17
6.070000E+03	4.122665E-16	7.677829E-17
6.080000E+03	4.095626E-16	7.490879E-17
6.090000E+03	4.068433E-16	7.302659E-17
6.100000E+03	4.041178E-16	7.113447E-17
6.110000E+03	4.013807E-16	6.923254E-17
6.120000E+03	3.986264E-16	6.732105E-17
6.130000E+03	3.958543E-16	6.540119E-17
6.140000E+03	3.930687E-16	6.347499E-17
6.150000E+03	3.902640E-16	6.154293E-17
6.160000E+03	3.874396E-16	5.960643E-17
6.170000E+03	3.846046E-16	5.766841E-17
6.180000E+03	3.817487E-16	5.572894E-17
6.190000E+03	3.788763E-16	5.379040E-17
6.200000E+03	3.759916E-16	5.185522E-17
6.210000E+03	3.730990E-16	4.992592E-17
6.220000E+03	3.701932E-16	4.800383E-17
6.230000E+03	3.672740E-16	4.609119E-17
6.240000E+03	3.643458E-16	4.419104E-17
6.250000E+03	3.614038E-16	4.230548E-17
6.260000E+03	3.584527E-16	4.043808E-17
6.270000E+03	3.554927E-16	3.859219E-17
6.280000E+03	3.525286E-16	3.677208E-17
6.290000E+03	3.495609E-16	3.498198E-17
6.300000E+03	3.465902E-16	3.322676E-17
6.310000E+03	3.436219E-16	3.151241E-17
6.320000E+03	3.406617E-16	2.984574E-17
6.330000E+03	3.377058E-16	2.823373E-17
6.340000E+03	3.347605E-16	2.668537E-17
6.350000E+03	3.318320E-16	2.521095E-17
6.360000E+03	3.289173E-16	2.382157E-17
6.370000E+03	3.260281E-16	2.253093E-17
6.380000E+03	3.231665E-16	2.135359E-17
6.390000E+03	3.203351E-16	2.030536E-17
6.400000E+03	3.175367E-16	1.940266E-17
6.410000E+03	3.147832E-16	1.866195E-17
6.420000E+03	3.120727E-16	1.809670E-17
6.430000E+03	3.094161E-16	1.771710E-17
6.440000E+03	3.068142E-16	1.752673E-17
6.450000E+03	3.042658E-16	1.752188E-17
6.460000E+03	3.017728E-16	1.769189E-17
6.470000E+03	2.993311E-16	1.802005E-17
6.480000E+03	2.969406E-16	1.848634E-17
6.490000E+03	2.945875E-16	1.906847E-17
6.500000E+03	2.922763E-16	1.974568E-17
6.510000E+03	2.900028E-16	2.049821E-17
6.520000E+03	2.877589E-16	2.130810E-17
6.530000E+03	2.855458E-16	2.216041E-17
6.540000E+03	2.833605E-16	2.304219E-17
6.550000E+03	2.812005E-16	2.394258E-17
6.560000E+03	2.790638E-16	2.485257E-17
6.570000E+03	2.769530E-16	2.576514E-17
6.580000E+03	2.748620E-16	2.667379E-17
6.590000E+03	2.727895E-16	2.757351E-17
6.600000E+03	2.707391E-16	2.846066E-17
6.610000E+03	2.687098E-16	2.933196E-17
6.620000E+03	2.666966E-16	3.018424E-17
6.630000E+03	2.647035E-16	3.101581E-17
6.640000E+03	2.627256E-16	3.182442E-17
6.650000E+03	2.607717E-16	3.260977E-17
6.660000E+03	2.588327E-16	3.336973E-17
6.670000E+03	2.569088E-16	3.410343E-17
6.680000E+03	2.550044E-16	3.481084E-17
6.690000E+03	2.531197E-16	3.549157E-17
6.700000E+03	2.512506E-16	3.614473E-17
6.710000E+03	2.493972E-16	3.677017E-17
6.720000E+03	2.475644E-16	3.736849E-17
6.730000E+03	2.457481E-16	3.793913E-17
6.740000E+03	2.439531E-16	3.848292E-17
6.750000E+03	2.421711E-16	3.899870E-17
6.760000E+03	2.404112E-16	3.948815E-17
6.770000E+03	2.386652E-16	3.995019E-17
6.780000E+03	2.369423E-16	4.038663E-17
6.790000E+03	2.352341E-16	4.079646E-17
6.800000E+03	2.335457E-16	4.118086E-17
6.810000E+03	2.318772E-16	4.154032E-17
6.820000E+03	2.302251E-16	4.187460E-17
6.830000E+03	2.285940E-16	4.218498E-17
6.840000E+03	2.269800E-16	4.247125E-17
6.850000E+03	2.253879E-16	4.273477E-17
6.860000E+03	2.238097E-16	4.297451E-17
6.870000E+03	2.222543E-16	4.319268E-17
6.880000E+03	2.207177E-16	4.338906E-17
6.890000E+03	2.192004E-16	4.356427E-17
6.900000E+03	2.176988E-16	4.371810E-17
6.910000E+03	2.162213E-16	4.385281E-17
6.920000E+03	2.147561E-16	4.396654E-17
6.930000E+03	2.133158E-16	4.406242E-17
6.940000E+03	2.118926E-16	4.413939E-17
6.950000E+03	2.104867E-16	4.419809E-17
6.960000E+03	2.091027E-16	4.424000E-17
6.970000E+03	2.077367E-16	4.426490E-17
6.980000E+03	2.063891E-16	4.427342E-17
6.990000E+03	2.050601E-16	4.426620E-17
7.000000E+03	2.037501E-16	4.424387E-17
7.010000E+03	2.024593E-16	4.420707E-17
7.020000E+03	2.011840E-16	4.415556E-17
7.030000E+03	1.999324E-16	4.409172E-17
7.040000E+03	1.986929E-16	4.401357E-17
7.050000E+03	1.974777E-16	4.392437E-17
7.060000E+03	1.962751E-16	4.382214E-17
7.070000E+03	1.950932E-16	4.370925E-17
7.080000E+03	1.939284E-16	4.358549E-17
7.090000E+03	1.927809E-16	4.345149E-17
7.100000E+03	1.916549E-16	4.330876E-17
7.110000E+03	1.905428E-16	4.315621E-17
7.120000E+03	1.894487E-16	4.299537E-17
7.130000E+03	1.883691E-16	4.282600E-17
7.140000E+03	1.873080E-16	4.264965E-17
7.150000E+03	1.862656E-16	4.246695E-17
7.160000E+03	1.852384E-16	4.227770E-17
7.170000E+03	1.842304E-16	4.208344E-17
7.180000E+03	1.832343E-16	4.188311E-17
7.190000E+03	1.822579E-16	4.167909E-17
7.200000E+03	1.812977E-16	4.147121E-17
7.210000E+03	1.803502E-16	4.125929E-17
7.220000E+03	1.794194E-16	4.104486E-17
7.230000E+03	1.785056E-16	4.082860E-17
7.240000E+03	1.776053E-16	4.061037E-17
7.250000E+03	1.767188E-16	4.039084E-17
7.260000E+03	1.758464E-16	4.017072E-17
7.270000E+03	1.749885E-16	3.995070E-17
7.280000E+03	1.741452E-16	3.973146E-17
7.290000E+03	1.733096E-16	3.951206E-17
7.300000E+03	1.724894E-16	3.929483E-17
7.310000E+03	1.716811E-16	3.907963E-17
7.320000E+03	1.708815E-16	3.886635E-17
7.330000E+03	1.700946E-16	3.865647E-17
7.340000E+03	1.693134E-16	3.844904E-17
7.350000E+03	1.685384E-16	3.824473E-17
7.360000E+03	1.677698E-16	3.804420E-17
7.370000E+03	1.670046E-16	3.784729E-17
7.380000E+03	1.662464E-16	3.765542E-17
7.390000E+03	1.654853E-16	3.746680E-17
7.400000E+03	1.647284E-16	3.728360E-17
7.410000E+03	1.639691E-16	3.710479E-17
7.420000E+03	1.632113E-16	3.693169E-17
7.430000E+03	1.624516E-16	3.676400E-17
7.440000E+03	1.616905E-16	3.660218E-17
7.450000E+03	1.609316E-16	3.644741E-17
7.460000E+03	1.601716E-16	3.629928E-17
7.470000E+03	1.594210E-16	3.616046E-17
7.480000E+03	1.586732E-16	3.602966E-17
7.490000E+03	1.579350E-16	3.590867E-17
7.500000E+03	1.572031E-16	3.579690E-17
7.510000E+03	1.564878E-16	3.569681E-17
7.520000E+03	1.557856E-16	3.560771E-17
7.530000E+03	1.550965E-16	3.552967E-17
7.540000E+03	1.544239E-16	3.546344E-17
7.550000E+03	1.537677E-16	3.540901E-17
7.560000E+03	1.531344E-16	3.536784E-17
7.570000E+03	1.525172E-16	3.533828E-17
7.580000E+03	1.519194E-16	3.532093E-17
7.590000E+03	1.513441E-16	3.531640E-17
7.600000E+03	1.507877E-16	3.532369E-17
7.610000E+03	1.502534E-16	3.534333E-17
7.620000E+03	1.497376E-16	3.537426E-17
7.630000E+03	1.492468E-16	3.541776E-17
7.640000E+03	1.487740E-16	3.547190E-17
7.650000E+03	1.483256E-16	3.553796E-17
7.660000E+03	1.478948E-16	3.561395E-17
7.670000E+03	1.474879E-16	3.570112E-17
7.680000E+03	1.470979E-16	3.579743E-17
7.690000E+03	1.467313E-16	3.590413E-17
7.700000E+03	1.463844E-16	3.601999E-17
7.710000E+03	1.460570E-16	3.614459E-17
7.720000E+03	1.457487E-16	3.627750E-17
7.730000E+03	1.454593E-16	3.641830E-17
7.740000E+03	1.451885E-16	3.656656E-17
7.750000E+03	1.449326E-16	3.672102E-17
7.760000E+03	1.446981E-16	3.688295E-17
7.770000E+03	1.444780E-16	3.705023E-17
7.780000E+03	1.442720E-16	3.722243E-17
7.790000E+03	1.440832E-16	3.740001E-17
7.800000E+03	1.439081E-16	3.758170E-17
7.810000E+03	1.437463E-16	3.776709E-17
7.820000E+03	1.435942E-16	3.795491E-17
7.830000E+03	1.434549E-16	3.814565E-17
7.840000E+03	1.433248E-16	3.833805E-17
7.850000E+03	1.432003E-16	3.853081E-17
7.860000E+03	1.430846E-16	3.872448E-17
7.870000E+03	1.429705E-16	3.891685E-17
7.880000E+03	1.428613E-16	3.910849E-17
7.890000E+03	1.427533E-16	3.929811E-17
7.900000E+03	1.426429E-16	3.948441E-17
7.910000E+03	1.425297E-16	3.966706E-17
7.920000E+03	1.424067E-16	3.984378E-17
7.930000E+03	1.422736E-16	4.001421E-17
7.940000E+03	1.421335E-16	4.017899E-17
7.950000E+03	1.419759E-16	4.033486E-17
7.960000E+03	1.418074E-16	4.048343E-17
7.970000E+03	1.416207E-16	4.062241E-17
7.980000E+03	1.414225E-16	4.075350E-17
7.990000E+03	1.412125E-16	4.087641E-17
8.000000E+03	1.409905E-16	4.099091E-17
8.010000E+03	1.407597E-16	4.109778E-17
8.020000E+03	1.405268E-16	4.119887E-17
8.030000E+03	1.402883E-16	4.129301E-17
8.040000E+03	1.400474E-16	4.138109E-17
8.050000E+03	1.398075E-16	4.146405E-17
8.060000E+03	1.395719E-16	4.154285E-17
8.070000E+03	1.393406E-16	4.161745E-17
8.080000E+03	1.391134E-16	4.168782E-17
8.090000E+03	1.388938E-16	4.175500E-17
8.100000E+03	1.386782E-16	4.181792E-17
8.110000E+03	1.384736E-16	4.187876E-17
8.120000E+03	1.382800E-16	4.193756E-17
8.130000E+03	1.380938E-16	4.199330E-17
8.140000E+03	1.379185E-16	4.204712E-17
8.150000E+03	1.377541E-16	4.209912E-17
8.160000E+03	1.376006E-16	4.214938E-17
8.170000E+03	1.374581E-16	4.219802E-17
8.180000E+03	1.373264E-16	4.224514E-17
8.190000E+03	1.372057E-16	4.229087E-17
8.200000E+03	1.370996E-16	4.233649E-17
8.210000E+03	1.370007E-16	4.237986E-17
8.220000E+03	1.369166E-16	4.242342E-17
8.230000E+03	1.368434E-16	4.246620E-17
8.240000E+03	1.367850E-16	4.250953E-17
8.250000E+03	1.367339E-16	4.255128E-17
8.260000E+03	1.366940E-16	4.259278E-17
8.270000E+03	1.366690E-16	4.263542E-17
8.280000E+03	1.366514E-16	4.267706E-17
8.290000E+03	1.366489E-16	4.272026E-17
8.300000E+03	1.366539E-16	4.276289E-17
8.310000E+03	1.366703E-16	4.280636E-17
8.320000E+03	1.366980E-16	4.285091E-17
8.330000E+03	1.367335E-16	4.289557E-17
8.340000E+03	1.367804E-16	4.294181E-17
8.350000E+03	1.368351E-16	4.298866E-17
8.360000E+03	1.369013E-16	4.303761E-17
8.370000E+03	1.369794E-16	4.308894E-17
8.380000E+03	1.370613E-16	4.314044E-17
8.390000E+03	1.371551E-16	4.319487E-17
8.400000E+03	1.372568E-16	4.325127E-17
8.410000E+03	1.373664E-16	4.330993E-17
8.420000E+03	1.374841E-16	4.337112E-17
8.430000E+03	1.376098E-16	4.343516E-17
8.440000E+03	1.377437E-16	4.350232E-17
8.450000E+03	1.378816E-16	4.357163E-17
8.460000E+03	1.380277E-16	4.364466E-17
8.470000E+03	1.381779E-16	4.372042E-17
8.480000E+03	1.383362E-16	4.380049E-17
8.490000E+03	1.385029E-16	4.388516E-17
8.500000E+03	1.386695E-16	4.397214E-17
8.510000E+03	1.388444E-16	4.406430E-17
8.520000E+03	1.390193E-16	4.415931E-17
8.530000E+03	1.392024E-16	4.426006E-17
8.540000E+03	1.393854E-16	4.436418E-17
8.550000E+03	1.395725E-16	4.447326E-17
8.560000E+03	1.397636E-16	4.458754E-17
8.570000E+03	1.399544E-16	4.470592E-17
8.580000E+03	1.401492E-16	4.482998E-17
8.590000E+03	1.403393E-16	4.495721E-17
8.600000E+03	1.405331E-16	4.509052E-17
8.610000E+03	1.407264E-16	4.522875E-17
8.620000E+03	1.409190E-16	4.537207E-17
8.630000E+03	1.411065E-16	4.551921E-17
8.640000E+03	1.412974E-16	4.567312E-17
8.650000E+03	1.414785E-16	4.582968E-17
8.660000E+03	1.416583E-16	4.599181E-17
8.670000E+03	1.418324E-16	4.615816E-17
8.680000E+03	1.419960E-16	4.632731E-17
8.690000E+03	1.421578E-16	4.650218E-17
8.700000E+03	1.423087E-16	4.667985E-17
8.710000E+03	1.424530E-16	4.686176E-17
8.720000E+03	1.425858E-16	4.704638E-17
8.730000E+03	1.427069E-16	4.723361E-17
8.740000E+03	1.428159E-16	4.742332E-17
8.750000E+03	1.429126E-16	4.761539E-17
8.760000E+03	1.429919E-16	4.780811E-17
8.770000E+03	1.430581E-16	4.800280E-17
8.780000E+03	1.431063E-16	4.819770E-17
8.790000E+03	1.431407E-16	4.839413E-17
8.800000E+03	1.431514E-16	4.858862E-17
8.810000E+03	1.431428E-16	4.878244E-17
8.820000E+03	1.431143E-16	4.897526E-17
8.830000E+03	1.430656E-16	4.916673E-17
8.840000E+03	1.429912E-16	4.935479E-17
8.850000E+03	1.429005E-16	4.954239E-17
8.860000E+03	1.427882E-16	4.972746E-17
8.870000E+03	1.426537E-16	4.990956E-17
8.880000E+03	1.424965E-16	5.008825E-17
8.890000E+03	1.423211E-16	5.026483E-17
8.900000E+03	1.421222E-16	5.043710E-17
8.910000E+03	1.419092E-16	5.060815E-17
8.920000E+03	1.416717E-16	5.077398E-17
8.930000E+03	1.414244E-16	5.093956E-17
8.940000E+03	1.411568E-16	5.110083E-17
8.950000E+03	1.408737E-16	5.125921E-17
8.960000E+03	1.405745E-16	5.141426E-17
8.970000E+03	1.402643E-16	5.156747E-17
8.980000E+03	1.399426E-16	5.171847E-17
8.990000E+03	1.396092E-16	5.186689E-17
9.000000E+03	1.392585E-16	5.201039E-17
9.040000E+03	1.377782E-16	5.256555E-17
9.080000E+03	1.361612E-16	5.307484E-17
9.120000E+03	1.344563E-16	5.354374E-17
9.160000E+03	1.326833E-16	5.396904E-17
9.200000E+03	1.308590E-16	5.434854E-17
9.240000E+03	1.289967E-16	5.468070E-17
9.280000E+03	1.271241E-16	5.497209E-17
9.320000E+03	1.252407E-16	5.521912E-17
9.360000E+03	1.233528E-16	5.542242E-17
9.400000E+03	1.214676E-16	5.558435E-17
9.440000E+03	1.195937E-16	5.570880E-17
9.480000E+03	1.177267E-16	5.579461E-17
9.520000E+03	1.158694E-16	5.584437E-17
9.560000E+03	1.140323E-16	5.586490E-17
9.600000E+03	1.121979E-16	5.584978E-17
9.640000E+03	1.103699E-16	5.580291E-17
9.680000E+03	1.085530E-16	5.572872E-17
9.720000E+03	1.067370E-16	5.562428E-17
9.760000E+03	1.049271E-16	5.549432E-17
9.800000E+03	1.031138E-16	5.533566E-17
9.840000E+03	1.013029E-16	5.515323E-17
9.880000E+03	9.949340E-17	5.494797E-17
9.920000E+03	9.768434E-17	5.472076E-17
9.960000E+03	9.586703E-17	5.446777E-17
1.000000E+04	9.404098E-17	5.418939E-17
1.004000E+04	9.222256E-17	5.389560E-17
1.008000E+04	9.040381E-17	5.358225E-17
1.012000E+04	8.858505E-17	5.324966E-17
1.016000E+04	8.676667E-17	5.289799E-17
1.020000E+04	8.495752E-17	5.253240E-17
1.024000E+04	8.315802E-17	5.215290E-17
1.028000E+04	8.136844E-17	5.175921E-17
1.032000E+04	7.959730E-17	5.135629E-17
