#wls	flux	fluxerr
1.588055E+03	9.583495E-17	5.312688E-19
1.627756E+03	9.766122E-17	5.413746E-19
1.667457E+03	9.937599E-17	5.508611E-19
1.707159E+03	1.009797E-16	5.597309E-19
1.746860E+03	1.024520E-16	5.678712E-19
1.786561E+03	1.037551E-16	5.750724E-19
1.826263E+03	1.048183E-16	5.809431E-19
1.865964E+03	1.055999E-16	5.852522E-19
1.905666E+03	1.059927E-16	5.874056E-19
1.945367E+03	1.059513E-16	5.871519E-19
1.985068E+03	1.055009E-16	5.846311E-19
2.024770E+03	1.048223E-16	5.808456E-19
2.064471E+03	1.043061E-16	5.779598E-19
2.104172E+03	1.046146E-16	5.796430E-19
2.143874E+03	1.063976E-16	5.894951E-19
2.183575E+03	1.100114E-16	6.094885E-19
2.223277E+03	1.153967E-16	6.392931E-19
2.262978E+03	1.221955E-16	6.769246E-19
2.302679E+03	1.299481E-16	7.198352E-19
2.342381E+03	1.382869E-16	7.659877E-19
2.382082E+03	1.470151E-16	8.142909E-19
2.421783E+03	1.559948E-16	8.639814E-19
2.461485E+03	1.652224E-16	9.150382E-19
2.501186E+03	1.746567E-16	9.672331E-19
2.540887E+03	1.843659E-16	1.020943E-18
2.580589E+03	1.943275E-16	1.076043E-18
2.620290E+03	2.045953E-16	1.132831E-18
2.659992E+03	2.151692E-16	1.191305E-18
2.699693E+03	2.260580E-16	1.251514E-18
2.739394E+03	2.372957E-16	1.313645E-18
2.779096E+03	2.488277E-16	1.377396E-18
2.818797E+03	2.606732E-16	1.442872E-18
2.858498E+03	2.727795E-16	1.509781E-18
2.898200E+03	2.851360E-16	1.578063E-18
2.937901E+03	2.977575E-16	1.647801E-18
2.977602E+03	3.106992E-16	1.719298E-18
2.987528E+03	3.140046E-16	1.737558E-18
2.997453E+03	3.173198E-16	1.755871E-18
3.007378E+03	3.206595E-16	1.774319E-18
3.017304E+03	3.240402E-16	1.792993E-18
3.027229E+03	3.274672E-16	1.811922E-18
3.037155E+03	3.309308E-16	1.831053E-18
3.047080E+03	3.344446E-16	1.850461E-18
3.057005E+03	3.380122E-16	1.870165E-18
3.066931E+03	3.416294E-16	1.890144E-18
3.076856E+03	3.453080E-16	1.910461E-18
3.086781E+03	3.490282E-16	1.931007E-18
3.096707E+03	3.528177E-16	1.951936E-18
3.106632E+03	3.566415E-16	1.973053E-18
3.116557E+03	3.605427E-16	1.994598E-18
3.126483E+03	3.644712E-16	2.016293E-18
3.136408E+03	3.684700E-16	2.038376E-18
3.146333E+03	3.725201E-16	2.060741E-18
3.156259E+03	3.766336E-16	2.083457E-18
3.166184E+03	3.807917E-16	2.106418E-18
3.176109E+03	3.850066E-16	2.129691E-18
3.186035E+03	3.892900E-16	2.153343E-18
3.195960E+03	3.936234E-16	2.177271E-18
3.205885E+03	3.980186E-16	2.201539E-18
3.215811E+03	4.024875E-16	2.226213E-18
3.225736E+03	4.070263E-16	2.251274E-18
3.235661E+03	4.116167E-16	2.276618E-18
3.245587E+03	4.162852E-16	2.302393E-18
3.255512E+03	4.210281E-16	2.328578E-18
3.265437E+03	4.258268E-16	2.355070E-18
3.275363E+03	4.307073E-16	2.382015E-18
3.285288E+03	4.356658E-16	2.409388E-18
3.295213E+03	4.407129E-16	2.437251E-18
3.305139E+03	4.458299E-16	2.465499E-18
3.315064E+03	4.510128E-16	2.494110E-18
3.324989E+03	4.563010E-16	2.523301E-18
3.334915E+03	4.616609E-16	2.552889E-18
3.344840E+03	4.671028E-16	2.582928E-18
3.354765E+03	4.726220E-16	2.613392E-18
3.364691E+03	4.782281E-16	2.644337E-18
3.374616E+03	4.839306E-16	2.675812E-18
3.384541E+03	4.896964E-16	2.707636E-18
3.394467E+03	4.955489E-16	2.739938E-18
3.404392E+03	5.014832E-16	2.772691E-18
3.414318E+03	5.074806E-16	2.805791E-18
3.424243E+03	5.135369E-16	2.839214E-18
3.434168E+03	5.196749E-16	2.873088E-18
3.444094E+03	5.258496E-16	2.907163E-18
3.454019E+03	5.320709E-16	2.941495E-18
3.463944E+03	5.383355E-16	2.976064E-18
3.473870E+03	5.446137E-16	3.010706E-18
3.483795E+03	5.509030E-16	3.045408E-18
3.493720E+03	5.571754E-16	3.080015E-18
3.503646E+03	5.634297E-16	3.114519E-18
3.513571E+03	5.696521E-16	3.148846E-18
3.523496E+03	5.758170E-16	3.182854E-18
3.533422E+03	5.819124E-16	3.216475E-18
3.543347E+03	5.879396E-16	3.249718E-18
3.553272E+03	5.938758E-16	3.282456E-18
3.563198E+03	5.997112E-16	3.314636E-18
3.573123E+03	6.054250E-16	3.346141E-18
3.583048E+03	6.109975E-16	3.376864E-18
3.592974E+03	6.164347E-16	3.406838E-18
3.602899E+03	6.217191E-16	3.435966E-18
3.612824E+03	6.268586E-16	3.464291E-18
3.622750E+03	6.318613E-16	3.491859E-18
3.632675E+03	6.367357E-16	3.518717E-18
3.642600E+03	6.414909E-16	3.544914E-18
3.652526E+03	6.461356E-16	3.570499E-18
3.662451E+03	6.506788E-16	3.595522E-18
3.672376E+03	6.551293E-16	3.620031E-18
3.682302E+03	6.594843E-16	3.644011E-18
3.692227E+03	6.637753E-16	3.667637E-18
3.702152E+03	6.679880E-16	3.690828E-18
3.712078E+03	6.721308E-16	3.713632E-18
3.722003E+03	6.762123E-16	3.736096E-18
3.731928E+03	6.802518E-16	3.758327E-18
3.741854E+03	6.842353E-16	3.780247E-18
3.751779E+03	6.881823E-16	3.801964E-18
3.761704E+03	6.921005E-16	3.823521E-18
3.771630E+03	6.959871E-16	3.844902E-18
3.781555E+03	6.998494E-16	3.866148E-18
3.791480E+03	7.036959E-16	3.887304E-18
3.801406E+03	7.075320E-16	3.908403E-18
3.811331E+03	7.113538E-16	3.929421E-18
3.821257E+03	7.151788E-16	3.950456E-18
3.831182E+03	7.190022E-16	3.971481E-18
3.841107E+03	7.228278E-16	3.992516E-18
3.851033E+03	7.266715E-16	4.013651E-18
3.860958E+03	7.305162E-16	4.034789E-18
3.870883E+03	7.343667E-16	4.055959E-18
3.880809E+03	7.382351E-16	4.077226E-18
3.890734E+03	7.421249E-16	4.098610E-18
3.900659E+03	7.460279E-16	4.120066E-18
3.910585E+03	7.499448E-16	4.141597E-18
3.920510E+03	7.538756E-16	4.163204E-18
3.930435E+03	7.578212E-16	4.184892E-18
3.940361E+03	7.617794E-16	4.206647E-18
3.950286E+03	7.657489E-16	4.228465E-18
3.960211E+03	7.697170E-16	4.250273E-18
3.970137E+03	7.736915E-16	4.272115E-18
3.980062E+03	7.776695E-16	4.293975E-18
3.989987E+03	7.816391E-16	4.315788E-18
3.999913E+03	7.855980E-16	4.337540E-18
4.009838E+03	7.895469E-16	4.359236E-18
4.019763E+03	7.934942E-16	4.380922E-18
4.029689E+03	7.974229E-16	4.402504E-18
4.039614E+03	8.013534E-16	4.424095E-18
4.049539E+03	8.052715E-16	4.445616E-18
4.059465E+03	8.091920E-16	4.467149E-18
4.069390E+03	8.131106E-16	4.488670E-18
4.079315E+03	8.170456E-16	4.510281E-18
4.089241E+03	8.209956E-16	4.531974E-18
4.099166E+03	8.249705E-16	4.553803E-18
4.109091E+03	8.289810E-16	4.575827E-18
4.119017E+03	8.330284E-16	4.598054E-18
4.128942E+03	8.371342E-16	4.620601E-18
4.138867E+03	8.413006E-16	4.643482E-18
4.148793E+03	8.455382E-16	4.666755E-18
4.158718E+03	8.498500E-16	4.690436E-18
4.168643E+03	8.542461E-16	4.714581E-18
4.178569E+03	8.587374E-16	4.739250E-18
4.188494E+03	8.633224E-16	4.764435E-18
4.198419E+03	8.680085E-16	4.790177E-18
4.208345E+03	8.727835E-16	4.816408E-18
4.218270E+03	8.776692E-16	4.843248E-18
4.228196E+03	8.826375E-16	4.870543E-18
4.238121E+03	8.876887E-16	4.898294E-18
4.248046E+03	8.928169E-16	4.926469E-18
4.257972E+03	8.980086E-16	4.954992E-18
4.267897E+03	9.032457E-16	4.983765E-18
4.277822E+03	9.085180E-16	5.012730E-18
4.287748E+03	9.137982E-16	5.041737E-18
4.297673E+03	9.190823E-16	5.070765E-18
4.307598E+03	9.243305E-16	5.099593E-18
4.317524E+03	9.295600E-16	5.128316E-18
4.327449E+03	9.347197E-16	5.156653E-18
4.337374E+03	9.398253E-16	5.184691E-18
4.347300E+03	9.448534E-16	5.212299E-18
4.357225E+03	9.498013E-16	5.239464E-18
4.367150E+03	9.546651E-16	5.266164E-18
4.377076E+03	9.594686E-16	5.292529E-18
4.387001E+03	9.642076E-16	5.318538E-18
4.396926E+03	9.688886E-16	5.344226E-18
4.406852E+03	9.735155E-16	5.369614E-18
4.416777E+03	9.780940E-16	5.394734E-18
4.426702E+03	9.826303E-16	5.419620E-18
4.436628E+03	9.871103E-16	5.444195E-18
4.446553E+03	9.915404E-16	5.468493E-18
4.456478E+03	9.959187E-16	5.492505E-18
4.466404E+03	1.000255E-15	5.516282E-18
4.476329E+03	1.004516E-15	5.539648E-18
4.486254E+03	1.008737E-15	5.562788E-18
4.496180E+03	1.012888E-15	5.585544E-18
4.506105E+03	1.016963E-15	5.607875E-18
4.516030E+03	1.020977E-15	5.629875E-18
4.525956E+03	1.024925E-15	5.651509E-18
4.535881E+03	1.028785E-15	5.672654E-18
4.545806E+03	1.032562E-15	5.693340E-18
4.555732E+03	1.036256E-15	5.713570E-18
4.565657E+03	1.039854E-15	5.733269E-18
4.575582E+03	1.043346E-15	5.752385E-18
4.585508E+03	1.046733E-15	5.770921E-18
4.595433E+03	1.050005E-15	5.788822E-18
4.605358E+03	1.053146E-15	5.806000E-18
4.615284E+03	1.056147E-15	5.822407E-18
4.625209E+03	1.059004E-15	5.838018E-18
4.635135E+03	1.061699E-15	5.852738E-18
4.645060E+03	1.064207E-15	5.866427E-18
4.654985E+03	1.066533E-15	5.879110E-18
4.664911E+03	1.068631E-15	5.890534E-18
4.674836E+03	1.070506E-15	5.900733E-18
4.684761E+03	1.072143E-15	5.909616E-18
4.694687E+03	1.073537E-15	5.917166E-18
4.704612E+03	1.074707E-15	5.923476E-18
4.714537E+03	1.075691E-15	5.928767E-18
4.724463E+03	1.076519E-15	5.933192E-18
4.734388E+03	1.077199E-15	5.936804E-18
4.744313E+03	1.077774E-15	5.939836E-18
4.754239E+03	1.078263E-15	5.942402E-18
4.764164E+03	1.078711E-15	5.944736E-18
4.774089E+03	1.079121E-15	5.946858E-18
4.784015E+03	1.079536E-15	5.949014E-18
4.793940E+03	1.079961E-15	5.951226E-18
4.803865E+03	1.080444E-15	5.953756E-18
4.813791E+03	1.081002E-15	5.956701E-18
4.823716E+03	1.081643E-15	5.960103E-18
4.833641E+03	1.082416E-15	5.964232E-18
4.843567E+03	1.083332E-15	5.969149E-18
4.853492E+03	1.084410E-15	5.974962E-18
4.863417E+03	1.085681E-15	5.981836E-18
4.873343E+03	1.087165E-15	5.989886E-18
4.883268E+03	1.088879E-15	5.999200E-18
4.893193E+03	1.090848E-15	6.009925E-18
4.903119E+03	1.093065E-15	6.022011E-18
4.913044E+03	1.095558E-15	6.035621E-18
4.922969E+03	1.098332E-15	6.050777E-18
4.932895E+03	1.101376E-15	6.067421E-18
4.942820E+03	1.104685E-15	6.085525E-18
4.952745E+03	1.108252E-15	6.105050E-18
4.962671E+03	1.112073E-15	6.125973E-18
4.972596E+03	1.116121E-15	6.148150E-18
4.982521E+03	1.120376E-15	6.171462E-18
4.992447E+03	1.124812E-15	6.195775E-18
5.002372E+03	1.129415E-15	6.221004E-18
5.012297E+03	1.134131E-15	6.246859E-18
5.022223E+03	1.138940E-15	6.273223E-18
5.032148E+03	1.143809E-15	6.299917E-18
5.042074E+03	1.148704E-15	6.326759E-18
5.051999E+03	1.153594E-15	6.353563E-18
5.061924E+03	1.158444E-15	6.380158E-18
5.071850E+03	1.163203E-15	6.406242E-18
5.081775E+03	1.167874E-15	6.431843E-18
5.091700E+03	1.172408E-15	6.456691E-18
5.101626E+03	1.176779E-15	6.480645E-18
5.111551E+03	1.180965E-15	6.503575E-18
5.121476E+03	1.184943E-15	6.525362E-18
5.131402E+03	1.188695E-15	6.545902E-18
5.141327E+03	1.192213E-15	6.565154E-18
5.151252E+03	1.195447E-15	6.582840E-18
5.161178E+03	1.198419E-15	6.599086E-18
5.171103E+03	1.201094E-15	6.613698E-18
5.181028E+03	1.203479E-15	6.626707E-18
5.190954E+03	1.205556E-15	6.638030E-18
5.200879E+03	1.207316E-15	6.647600E-18
5.210804E+03	1.208787E-15	6.655581E-18
5.220730E+03	1.209965E-15	6.661948E-18
5.230655E+03	1.210863E-15	6.666777E-18
5.240580E+03	1.211484E-15	6.670082E-18
5.250506E+03	1.211848E-15	6.671971E-18
5.260431E+03	1.211985E-15	6.672609E-18
5.270356E+03	1.211893E-15	6.671990E-18
5.280282E+03	1.211616E-15	6.670356E-18
5.290207E+03	1.211154E-15	6.667696E-18
5.300132E+03	1.210524E-15	6.664121E-18
5.310058E+03	1.209761E-15	6.659809E-18
5.319983E+03	1.208871E-15	6.654797E-18
5.329908E+03	1.207860E-15	6.649124E-18
5.339834E+03	1.206768E-15	6.643007E-18
5.349759E+03	1.205579E-15	6.636352E-18
5.359684E+03	1.204318E-15	6.629308E-18
5.369610E+03	1.203005E-15	6.621973E-18
5.379535E+03	1.201646E-15	6.614387E-18
5.389460E+03	1.200272E-15	6.606720E-18
5.399386E+03	1.198881E-15	6.598961E-18
5.409311E+03	1.197508E-15	6.591302E-18
5.419237E+03	1.196168E-15	6.583826E-18
5.429162E+03	1.194898E-15	6.576740E-18
5.439087E+03	1.193740E-15	6.570268E-18
5.449013E+03	1.192688E-15	6.564377E-18
5.458938E+03	1.191809E-15	6.559444E-18
5.468863E+03	1.191100E-15	6.555443E-18
5.478789E+03	1.190604E-15	6.552622E-18
5.488714E+03	1.190369E-15	6.551232E-18
5.498639E+03	1.190415E-15	6.551394E-18
5.508565E+03	1.190775E-15	6.553281E-18
5.518490E+03	1.191492E-15	6.557133E-18
5.528415E+03	1.192580E-15	6.563032E-18
5.538341E+03	1.194075E-15	6.571170E-18
5.548266E+03	1.195996E-15	6.581650E-18
5.558191E+03	1.198352E-15	6.594531E-18
5.568117E+03	1.201163E-15	6.609907E-18
5.578042E+03	1.204402E-15	6.627648E-18
5.587967E+03	1.208092E-15	6.647865E-18
5.597893E+03	1.212226E-15	6.670526E-18
5.607818E+03	1.216783E-15	6.695519E-18
5.617743E+03	1.221768E-15	6.722866E-18
5.627669E+03	1.227172E-15	6.752521E-18
5.637594E+03	1.232988E-15	6.784436E-18
5.647519E+03	1.239206E-15	6.818569E-18
5.657445E+03	1.245821E-15	6.854886E-18
5.667370E+03	1.252838E-15	6.893413E-18
5.677295E+03	1.260235E-15	6.934034E-18
5.687221E+03	1.268016E-15	6.976765E-18
5.697146E+03	1.276169E-15	7.021544E-18
5.707071E+03	1.284676E-15	7.068273E-18
5.716997E+03	1.293498E-15	7.116732E-18
5.726922E+03	1.302626E-15	7.166879E-18
5.736847E+03	1.311999E-15	7.218369E-18
5.746773E+03	1.321550E-15	7.270846E-18
5.756698E+03	1.331210E-15	7.323917E-18
5.766623E+03	1.340879E-15	7.377039E-18
5.776549E+03	1.350426E-15	7.429486E-18
5.786474E+03	1.359751E-15	7.480718E-18
5.796399E+03	1.368692E-15	7.529838E-18
5.806325E+03	1.377133E-15	7.576204E-18
5.816250E+03	1.384963E-15	7.619208E-18
5.826176E+03	1.392056E-15	7.658166E-18
5.836101E+03	1.398340E-15	7.692668E-18
5.846026E+03	1.403745E-15	7.722337E-18
5.855952E+03	1.408215E-15	7.746862E-18
5.865877E+03	1.411763E-15	7.766315E-18
5.875802E+03	1.414359E-15	7.780538E-18
5.885728E+03	1.416056E-15	7.789809E-18
5.895653E+03	1.416884E-15	7.794309E-18
5.905578E+03	1.416869E-15	7.794171E-18
5.915504E+03	1.416074E-15	7.789742E-18
5.925429E+03	1.414551E-15	7.781308E-18
5.935354E+03	1.412353E-15	7.769167E-18
5.945280E+03	1.409553E-15	7.753714E-18
5.955205E+03	1.406194E-15	7.735193E-18
5.965130E+03	1.402339E-15	7.713940E-18
5.975056E+03	1.398067E-15	7.690398E-18
5.984981E+03	1.393446E-15	7.664937E-18
5.994906E+03	1.388544E-15	7.637937E-18
6.004832E+03	1.383419E-15	7.609704E-18
6.014757E+03	1.378171E-15	7.580802E-18
6.024682E+03	1.372842E-15	7.551459E-18
6.034608E+03	1.367517E-15	7.522132E-18
6.044533E+03	1.362260E-15	7.493189E-18
6.054458E+03	1.357103E-15	7.464797E-18
6.064384E+03	1.352119E-15	7.437359E-18
6.074309E+03	1.347329E-15	7.410985E-18
6.084234E+03	1.342780E-15	7.385944E-18
6.094160E+03	1.338468E-15	7.362208E-18
6.104085E+03	1.334416E-15	7.339901E-18
6.114010E+03	1.330641E-15	7.319120E-18
6.123936E+03	1.327122E-15	7.299752E-18
6.133861E+03	1.323898E-15	7.282012E-18
6.143786E+03	1.321001E-15	7.266069E-18
6.153712E+03	1.318472E-15	7.252151E-18
6.163637E+03	1.316366E-15	7.240563E-18
6.173562E+03	1.314699E-15	7.231393E-18
6.183488E+03	1.313506E-15	7.224828E-18
6.193413E+03	1.312787E-15	7.220879E-18
6.203338E+03	1.312562E-15	7.219647E-18
6.213264E+03	1.312837E-15	7.221165E-18
6.223189E+03	1.313655E-15	7.225676E-18
6.233115E+03	1.315018E-15	7.233183E-18
6.243040E+03	1.316945E-15	7.243797E-18
6.252965E+03	1.319464E-15	7.257672E-18
6.262891E+03	1.322622E-15	7.275059E-18
6.272816E+03	1.326436E-15	7.296062E-18
6.282741E+03	1.330959E-15	7.320967E-18
6.292667E+03	1.336211E-15	7.349882E-18
6.302592E+03	1.342228E-15	7.383006E-18
6.312517E+03	1.349060E-15	7.420621E-18
6.322443E+03	1.356721E-15	7.462798E-18
6.332368E+03	1.365253E-15	7.509768E-18
6.342293E+03	1.374656E-15	7.561529E-18
6.352219E+03	1.384967E-15	7.618294E-18
6.362144E+03	1.396164E-15	7.679932E-18
6.372069E+03	1.408240E-15	7.746411E-18
6.381995E+03	1.421153E-15	7.817500E-18
6.391920E+03	1.434826E-15	7.892767E-18
6.401845E+03	1.449159E-15	7.971673E-18
6.411771E+03	1.464036E-15	8.053577E-18
6.421696E+03	1.479306E-15	8.137649E-18
6.431621E+03	1.494882E-15	8.223403E-18
6.441547E+03	1.510569E-15	8.309777E-18
6.451472E+03	1.526224E-15	8.395976E-18
6.461397E+03	1.541676E-15	8.481065E-18
6.471323E+03	1.556815E-15	8.564438E-18
6.481248E+03	1.571447E-15	8.645025E-18
6.491173E+03	1.585416E-15	8.721972E-18
6.501099E+03	1.598594E-15	8.794575E-18
6.511024E+03	1.610813E-15	8.861898E-18
6.520949E+03	1.621950E-15	8.923281E-18
6.530875E+03	1.631877E-15	8.978005E-18
6.540800E+03	1.640471E-15	9.025403E-18
6.550725E+03	1.647629E-15	9.064907E-18
6.560651E+03	1.653292E-15	9.096185E-18
6.570576E+03	1.657376E-15	9.118783E-18
6.580501E+03	1.659872E-15	9.132648E-18
6.590427E+03	1.660777E-15	9.137761E-18
6.600352E+03	1.660117E-15	9.134266E-18
6.610277E+03	1.657970E-15	9.122589E-18
6.620203E+03	1.654393E-15	9.103046E-18
6.630128E+03	1.649516E-15	9.076358E-18
6.640054E+03	1.643443E-15	9.043083E-18
6.649979E+03	1.636361E-15	9.004265E-18
6.659904E+03	1.628400E-15	8.960609E-18
6.669830E+03	1.619716E-15	8.912975E-18
6.679755E+03	1.610467E-15	8.862230E-18
6.689680E+03	1.600828E-15	8.809343E-18
6.699606E+03	1.590920E-15	8.754971E-18
6.709531E+03	1.580899E-15	8.699985E-18
6.719456E+03	1.570864E-15	8.644915E-18
6.729382E+03	1.560965E-15	8.590597E-18
6.739307E+03	1.551245E-15	8.537268E-18
6.749232E+03	1.541803E-15	8.485465E-18
6.759158E+03	1.532700E-15	8.435525E-18
6.769083E+03	1.523957E-15	8.387569E-18
6.779008E+03	1.515654E-15	8.342036E-18
6.788934E+03	1.507794E-15	8.298943E-18
6.798859E+03	1.500395E-15	8.258387E-18
6.808784E+03	1.493472E-15	8.220445E-18
6.818710E+03	1.487035E-15	8.185186E-18
6.828635E+03	1.481097E-15	8.152668E-18
6.838560E+03	1.475671E-15	8.122976E-18
6.848486E+03	1.470771E-15	8.096171E-18
6.858411E+03	1.466409E-15	8.072334E-18
6.868336E+03	1.462597E-15	8.051527E-18
6.878262E+03	1.459367E-15	8.033921E-18
6.888187E+03	1.456679E-15	8.019298E-18
6.898112E+03	1.454579E-15	8.007915E-18
6.908038E+03	1.453040E-15	7.999620E-18
6.917963E+03	1.452053E-15	7.994368E-18
6.927888E+03	1.451585E-15	7.991975E-18
6.937814E+03	1.451668E-15	7.992613E-18
6.947739E+03	1.452261E-15	7.996065E-18
6.957664E+03	1.453346E-15	8.002227E-18
6.967590E+03	1.454900E-15	8.010969E-18
6.977515E+03	1.456898E-15	8.022161E-18
6.987440E+03	1.459310E-15	8.035633E-18
6.997366E+03	1.462101E-15	8.051195E-18
7.007291E+03	1.465208E-15	8.068495E-18
7.017216E+03	1.468630E-15	8.087534E-18
7.027142E+03	1.472290E-15	8.107889E-18
7.037067E+03	1.476129E-15	8.129228E-18
7.046993E+03	1.480056E-15	8.151054E-18
7.056918E+03	1.484052E-15	8.173267E-18
7.066843E+03	1.487998E-15	8.195199E-18
7.076769E+03	1.491873E-15	8.216750E-18
7.086694E+03	1.495586E-15	8.237406E-18
7.096619E+03	1.499048E-15	8.256682E-18
7.106545E+03	1.502254E-15	8.274552E-18
7.116470E+03	1.505133E-15	8.290616E-18
7.126395E+03	1.507642E-15	8.304653E-18
7.136321E+03	1.509749E-15	8.316471E-18
7.146246E+03	1.511454E-15	8.326078E-18
7.156171E+03	1.512709E-15	8.333209E-18
7.166097E+03	1.513525E-15	8.337917E-18
7.176022E+03	1.513862E-15	8.339992E-18
7.185947E+03	1.513743E-15	8.339555E-18
7.195873E+03	1.513165E-15	8.336590E-18
7.205798E+03	1.512162E-15	8.331282E-18
7.215723E+03	1.510689E-15	8.323385E-18
7.225649E+03	1.508818E-15	8.313301E-18
7.235574E+03	1.506575E-15	8.301160E-18
7.245499E+03	1.503988E-15	8.287126E-18
7.255425E+03	1.501062E-15	8.271224E-18
7.265350E+03	1.497918E-15	8.254121E-18
7.275275E+03	1.494537E-15	8.235713E-18
7.285201E+03	1.490959E-15	8.216216E-18
7.295126E+03	1.487280E-15	8.196164E-18
7.305051E+03	1.483509E-15	8.175606E-18
7.314977E+03	1.479714E-15	8.154915E-18
7.324902E+03	1.475901E-15	8.134121E-18
7.334827E+03	1.472105E-15	8.113419E-18
7.344753E+03	1.468384E-15	8.093131E-18
7.354678E+03	1.464765E-15	8.073408E-18
7.364603E+03	1.461246E-15	8.054229E-18
7.374529E+03	1.457845E-15	8.035704E-18
7.384454E+03	1.454581E-15	8.017936E-18
7.394379E+03	1.451468E-15	8.000995E-18
7.404305E+03	1.448547E-15	7.985114E-18
7.414230E+03	1.445774E-15	7.970044E-18
7.424156E+03	1.443185E-15	7.955994E-18
7.434081E+03	1.440795E-15	7.943035E-18
7.444006E+03	1.438612E-15	7.931219E-18
7.453932E+03	1.436592E-15	7.920301E-18
7.463857E+03	1.434802E-15	7.910653E-18
7.473782E+03	1.433198E-15	7.902031E-18
7.483708E+03	1.431820E-15	7.894649E-18
7.493633E+03	1.430647E-15	7.888403E-18
7.503558E+03	1.429687E-15	7.883329E-18
7.513484E+03	1.428947E-15	7.879463E-18
7.523409E+03	1.428399E-15	7.876660E-18
7.533334E+03	1.428076E-15	7.875100E-18
7.543260E+03	1.427920E-15	7.874456E-18
7.553185E+03	1.427989E-15	7.875057E-18
7.563110E+03	1.428225E-15	7.876578E-18
7.573036E+03	1.428658E-15	7.879187E-18
7.582961E+03	1.429290E-15	7.882890E-18
7.592886E+03	1.430094E-15	7.887543E-18
7.602812E+03	1.431106E-15	7.893343E-18
7.612737E+03	1.432272E-15	7.899994E-18
7.622662E+03	1.433688E-15	7.908022E-18
7.632588E+03	1.435271E-15	7.916973E-18
7.642513E+03	1.437083E-15	7.927188E-18
7.652438E+03	1.439064E-15	7.938336E-18
7.662364E+03	1.441269E-15	7.950722E-18
7.672289E+03	1.443655E-15	7.964105E-18
7.682214E+03	1.446204E-15	7.978386E-18
7.692140E+03	1.448919E-15	7.993586E-18
7.702065E+03	1.451706E-15	8.009186E-18
7.711990E+03	1.454586E-15	8.025293E-18
7.721916E+03	1.457480E-15	8.041486E-18
7.731841E+03	1.460338E-15	8.057475E-18
7.741766E+03	1.463102E-15	8.072950E-18
7.751692E+03	1.465750E-15	8.087783E-18
7.761617E+03	1.468193E-15	8.101481E-18
7.771542E+03	1.470378E-15	8.113761E-18
7.781468E+03	1.472292E-15	8.124546E-18
7.791393E+03	1.473865E-15	8.133448E-18
7.801318E+03	1.475101E-15	8.140495E-18
7.811244E+03	1.475981E-15	8.145571E-18
7.821169E+03	1.476462E-15	8.148453E-18
7.831095E+03	1.476611E-15	8.149495E-18
7.841020E+03	1.476402E-15	8.148560E-18
7.850945E+03	1.475850E-15	8.145740E-18
7.860871E+03	1.475010E-15	8.141324E-18
7.870796E+03	1.473908E-15	8.135461E-18
7.880721E+03	1.472607E-15	8.128498E-18
7.890647E+03	1.471108E-15	8.120445E-18
7.900572E+03	1.469514E-15	8.111865E-18
7.910497E+03	1.467864E-15	8.102974E-18
7.920423E+03	1.466164E-15	8.093806E-18
7.930348E+03	1.464489E-15	8.084776E-18
7.940273E+03	1.462847E-15	8.075926E-18
7.950199E+03	1.461247E-15	8.067308E-18
7.960124E+03	1.459728E-15	8.059141E-18
7.970049E+03	1.458329E-15	8.051627E-18
7.979975E+03	1.457047E-15	8.044762E-18
7.989900E+03	1.455943E-15	8.038879E-18
7.999825E+03	1.454969E-15	8.033713E-18
8.009751E+03	1.454204E-15	8.029705E-18
8.019676E+03	1.453589E-15	8.026520E-18
8.029601E+03	1.453159E-15	8.024353E-18
8.039527E+03	1.452876E-15	8.023001E-18
8.049452E+03	1.452734E-15	8.022428E-18
8.059377E+03	1.452760E-15	8.022780E-18
8.069303E+03	1.452947E-15	8.024021E-18
8.079228E+03	1.453218E-15	8.025724E-18
8.089153E+03	1.453600E-15	8.028041E-18
8.099079E+03	1.454119E-15	8.031117E-18
8.109004E+03	1.454737E-15	8.034737E-18
8.118929E+03	1.455413E-15	8.038678E-18
8.128855E+03	1.456176E-15	8.043098E-18
8.138780E+03	1.457020E-15	8.047964E-18
8.148705E+03	1.457939E-15	8.053247E-18
8.158631E+03	1.458929E-15	8.058915E-18
8.168556E+03	1.459946E-15	8.064740E-18
8.178481E+03	1.460982E-15	8.070668E-18
8.188407E+03	1.462064E-15	8.076848E-18
8.198332E+03	1.463180E-15	8.083213E-18
8.208257E+03	1.464248E-15	8.089316E-18
8.218183E+03	1.465325E-15	8.095470E-18
8.228108E+03	1.466363E-15	8.101403E-18
8.238034E+03	1.467313E-15	8.106858E-18
8.247959E+03	1.468238E-15	8.112169E-18
8.257884E+03	1.469093E-15	8.117090E-18
8.267810E+03	1.469840E-15	8.121418E-18
8.277735E+03	1.470516E-15	8.125351E-18
8.287660E+03	1.471088E-15	8.128712E-18
8.297586E+03	1.471601E-15	8.131745E-18
8.307511E+03	1.472029E-15	8.134305E-18
8.317436E+03	1.472419E-15	8.136660E-18
8.327362E+03	1.472714E-15	8.138485E-18
8.337287E+03	1.472996E-15	8.140238E-18
8.347212E+03	1.473244E-15	8.141804E-18
8.357138E+03	1.473432E-15	8.143039E-18
8.367063E+03	1.473645E-15	8.144407E-18
8.376988E+03	1.473817E-15	8.145555E-18
8.386914E+03	1.473959E-15	8.146529E-18
8.396839E+03	1.474145E-15	8.147751E-18
8.406764E+03	1.474270E-15	8.148632E-18
8.416690E+03	1.474408E-15	8.149583E-18
8.426615E+03	1.474518E-15	8.150385E-18
8.436540E+03	1.474600E-15	8.151026E-18
8.446466E+03	1.474686E-15	8.151690E-18
8.456391E+03	1.474696E-15	8.151934E-18
8.466316E+03	1.474665E-15	8.151950E-18
8.476242E+03	1.474625E-15	8.151916E-18
8.486167E+03	1.474499E-15	8.151404E-18
8.496092E+03	1.474283E-15	8.150393E-18
8.506018E+03	1.474050E-15	8.149288E-18
8.515943E+03	1.473721E-15	8.147656E-18
8.525868E+03	1.473333E-15	8.145692E-18
8.535794E+03	1.472843E-15	8.143167E-18
8.545719E+03	1.472288E-15	8.140281E-18
8.555644E+03	1.471661E-15	8.136995E-18
8.565570E+03	1.470920E-15	8.133078E-18
8.575495E+03	1.470057E-15	8.128482E-18
8.585420E+03	1.469140E-15	8.123590E-18
8.595346E+03	1.468083E-15	8.117921E-18
8.605271E+03	1.466911E-15	8.111619E-18
8.615196E+03	1.465574E-15	8.104404E-18
8.625122E+03	1.464136E-15	8.096626E-18
8.635047E+03	1.462542E-15	8.087981E-18
8.644973E+03	1.460734E-15	8.078160E-18
8.654898E+03	1.458819E-15	8.067741E-18
8.664823E+03	1.456659E-15	8.055965E-18
8.674749E+03	1.454361E-15	8.043426E-18
8.684674E+03	1.451832E-15	8.029610E-18
8.694599E+03	1.449102E-15	8.014676E-18
8.704525E+03	1.446206E-15	7.998827E-18
8.714450E+03	1.443139E-15	7.982032E-18
8.724375E+03	1.439863E-15	7.964078E-18
8.734301E+03	1.436464E-15	7.945439E-18
8.744226E+03	1.432908E-15	7.925934E-18
8.754151E+03	1.429249E-15	7.905854E-18
8.764077E+03	1.425501E-15	7.885281E-18
8.774002E+03	1.421725E-15	7.864554E-18
8.783927E+03	1.417898E-15	7.843546E-18
8.793853E+03	1.414045E-15	7.822388E-18
8.803778E+03	1.410233E-15	7.801454E-18
8.813703E+03	1.406486E-15	7.780883E-18
8.823629E+03	1.402836E-15	7.760842E-18
8.833554E+03	1.399267E-15	7.741249E-18
8.843479E+03	1.395807E-15	7.722263E-18
8.853405E+03	1.392530E-15	7.704279E-18
8.863330E+03	1.389375E-15	7.686976E-18
8.873255E+03	1.386410E-15	7.670720E-18
8.883181E+03	1.383657E-15	7.655638E-18
8.893106E+03	1.381092E-15	7.641593E-18
8.903031E+03	1.378771E-15	7.628894E-18
8.912957E+03	1.376660E-15	7.617361E-18
8.922882E+03	1.374764E-15	7.607009E-18
8.932807E+03	1.373079E-15	7.597830E-18
8.972509E+03	1.368291E-15	7.571901E-18
9.012210E+03	1.365134E-15	7.554981E-18
9.051912E+03	1.361412E-15	7.534922E-18
9.091613E+03	1.355581E-15	7.503178E-18
9.131314E+03	1.347371E-15	7.458248E-18
9.171016E+03	1.337353E-15	7.403295E-18
9.210717E+03	1.326223E-15	7.342167E-18
9.250418E+03	1.314728E-15	7.279002E-18
9.290120E+03	1.303518E-15	7.217394E-18
9.329821E+03	1.293481E-15	7.162263E-18
9.369522E+03	1.285021E-15	7.115855E-18
9.409224E+03	1.278200E-15	7.078504E-18
9.448925E+03	1.273274E-15	7.051633E-18
9.488627E+03	1.270450E-15	7.036393E-18
9.528328E+03	1.269425E-15	7.031107E-18
9.568029E+03	1.269420E-15	7.031461E-18
9.607731E+03	1.269270E-15	7.031007E-18
9.647432E+03	1.268240E-15	7.025666E-18
9.687133E+03	1.265657E-15	7.011712E-18
9.726835E+03	1.261038E-15	6.986472E-18
9.766536E+03	1.254288E-15	6.949412E-18
9.806237E+03	1.245259E-15	6.899711E-18
9.845939E+03	1.233992E-15	6.837596E-18
9.885640E+03	1.220779E-15	6.764690E-18
9.925342E+03	1.205606E-15	6.680905E-18
9.965043E+03	1.188739E-15	6.587720E-18
1.000474E+04	1.170460E-15	6.486696E-18
1.004445E+04	1.150869E-15	6.378382E-18
1.008415E+04	1.130148E-15	6.263791E-18
1.012385E+04	1.108564E-15	6.144404E-18
1.016355E+04	1.086283E-15	6.021135E-18
1.020325E+04	1.063352E-15	5.894250E-18
1.024295E+04	1.040001E-15	5.765019E-18
