3626.9487 2.7633467e-15
3629.2359 2.66502425e-15
3631.523 2.6513117333333335e-15
3633.8101 2.618915875e-15
3636.0973 2.6335286800000003e-15
3638.3844 2.5793979600000004e-15
3640.6716 2.54556788e-15
3642.9587 2.47622564e-15
3645.2459 2.4694353400000002e-15
3647.533 2.4424696599999997e-15
3649.8201 2.4536531199999998e-15
3652.1073 2.43673648e-15
3654.3944 2.4723139400000002e-15
3656.6816 2.4386156199999998e-15
3658.9687 2.3827349200000003e-15
3661.2559 2.3747705800000004e-15
3663.543 2.3832982600000002e-15
3665.8301 2.35160862e-15
3668.1173 2.343151e-15
3670.4044 2.39401712e-15
3672.6916 2.41022924e-15
3674.9787 2.44957064e-15
3677.2659 2.49316646e-15
3679.553 2.56605382e-15
3681.8401 2.57329138e-15
3684.1273 2.6112342799999997e-15
3686.4144 2.62711878e-15
3688.7016 2.62055136e-15
3690.9887 2.5928347e-15
3693.2759 2.5982084e-15
3695.563 2.56552954e-15
3697.8501 2.5689948800000003e-15
3700.1373 2.61037372e-15
3702.4244 2.6633706e-15
3704.7116 2.6803647000000004e-15
3706.9987 2.70357774e-15
3709.2859 2.69211644e-15
3711.573 2.68076348e-15
3713.8601 2.6829308600000002e-15
3716.1473 2.6811157399999997e-15
3718.4344 2.6576234799999998e-15
3720.7216 2.6570403600000002e-15
3723.0087 2.6316292e-15
3725.2959 2.57872654e-15
3727.583 2.56875748e-15
3729.8701 2.55718824e-15
3732.1573 2.5512691000000003e-15
3734.4444 2.5594403e-15
3736.7316 2.53959814e-15
3739.0187 2.5012053000000003e-15
3741.3059 2.48938588e-15
3743.593 2.49246944e-15
3745.8801 2.52526406e-15
3748.1673 2.60046298e-15
3750.4544 2.68245254e-15
3752.7416 2.7224024199999998e-15
3755.0287 2.6984681599999998e-15
3757.3159 2.6343637799999998e-15
3759.603 2.53866032e-15
3761.8901 2.45277164e-15
3764.1773 2.39474896e-15
3766.4644 2.4066279799999998e-15
3768.7516 2.4063592399999997e-15
3771.0387 2.39934392e-15
3773.3259 2.4010245200000005e-15
3775.613 2.37118566e-15
3777.9001 2.31040858e-15
3780.1873 2.33474872e-15
3782.4744 2.3334831999999996e-15
3784.7616 2.30840082e-15
3787.0487 2.3256617799999997e-15
3789.3359 2.31433928e-15
3791.623 2.25885112e-15
3793.9101 2.2556000200000002e-15
3796.1973 2.2338459399999997e-15
3798.4844 2.1975751199999998e-15
3800.7716 2.23166726e-15
3803.0587 2.21528688e-15
3805.3459 2.16872808e-15
3807.633 2.16618476e-15
3809.9201 2.1724851e-15
3812.2073 2.12911894e-15
3814.4944 2.1449877599999998e-15
3816.7816 2.2016849e-15
3819.0687 2.21614376e-15
3821.3559 2.20785938e-15
3823.643 2.23478188e-15
3825.9301 2.24399308e-15
3828.2173 2.24904836e-15
3830.5044 2.22377286e-15
3832.7916 2.1968711400000003e-15
3835.0787 2.19163482e-15
3837.3659 2.1585809600000003e-15
3839.653 2.08499326e-15
3841.9401 2.06909996e-15
3844.2273 2.0605703400000002e-15
3846.5144 2.0127662000000005e-15
3848.8016 1.9710767200000003e-15
3851.0887 1.9649361800000002e-15
3853.3759 1.9678082400000002e-15
3855.663 1.9884639599999997e-15
3857.9501 1.9992197000000002e-15
3860.2373 2.0278276399999997e-15
3862.5244 2.04729486e-15
3864.8116 2.04303668e-15
3867.0987 2.03082494e-15
3869.3859 2.04265372e-15
3871.673 2.06061936e-15
3873.9601 2.1105699e-15
3876.2473 2.1282633e-15
3878.5344 2.18773432e-15
3880.8216 2.22889042e-15
3883.1087 2.2435515e-15
3885.3959 2.25828394e-15
3887.683 2.29929484e-15
3889.9701 2.31236466e-15
3892.2573 2.30252604e-15
3894.5444 2.32782798e-15
3896.8316 2.3247861200000004e-15
3899.1187 2.3331070199999995e-15
3901.4059 2.3157129e-15
3903.693 2.29724122e-15
3905.9801 2.2879016e-15
3908.2673 2.2610062400000003e-15
3910.5544 2.2348654800000004e-15
3912.8416 2.22805122e-15
3915.1287 2.2197704e-15
3917.4159 2.19383208e-15
3919.703 2.19285128e-15
3921.9901 2.1545970400000005e-15
3924.2773 2.10586404e-15
3926.5644 2.1149729e-15
3928.8516 2.06911356e-15
3931.1387 2.04364986e-15
3933.4258 2.0507763199999996e-15
3935.713 2.06102234e-15
3938.0001 2.04606988e-15
3940.2873 2.0686123400000003e-15
3942.5744 2.05829858e-15
3944.8616 2.0512632400000003e-15
3947.1487 2.03649472e-15
3949.4358 2.0368600799999997e-15
3951.723 2.03782354e-15
3954.0101 2.04677894e-15
3956.2973 2.0428119e-15
3958.5844 2.0364407000000003e-15
3960.8716 2.02549644e-15
3963.1587 2.00701382e-15
3965.4458 2.0032743800000003e-15
3967.733 2.0090091e-15
3970.0201 2.02099322e-15
3972.3073 2.02443668e-15
3974.5944 2.04241656e-15
3976.8816 2.05326404e-15
3979.1687 2.04908798e-15
3981.4558 2.0456959e-15
3983.743 2.0615637799999996e-15
3986.0301 2.06633494e-15
3988.3173 2.07459354e-15
3990.6044 2.0719007600000003e-15
3992.8916 2.08822546e-15
3995.1787 2.10741726e-15
3997.4658 2.1029912999999996e-15
3999.753 2.0859364e-15
4002.0401 2.1166381e-15
4004.3273 2.11039948e-15
4006.6144 2.0691049800000003e-15
4008.9016 2.07339922e-15
4011.1887 2.09738712e-15
4013.4758 2.07511138e-15
4015.763 2.08687522e-15
4018.0501 2.10947258e-15
4020.3373 2.10904838e-15
4022.6244 2.09758526e-15
4024.9116 2.09450264e-15
4027.1987 2.1057604600000004e-15
4029.4858 2.1142678400000003e-15
4031.773 2.1415828400000003e-15
4034.0601 2.1451637799999996e-15
4036.3473 2.18553762e-15
4038.6344 2.1802420999999997e-15
4040.9216 2.18683328e-15
4043.2087 2.18993212e-15
4045.4958 2.222472e-15
4047.783 2.22281966e-15
4050.0701 2.25518586e-15
4052.3573 2.30053844e-15
4054.6444 2.33365772e-15
4056.9316 2.3369443199999997e-15
4059.2187 2.3372775399999996e-15
4061.5058 2.3416899000000004e-15
4063.793 2.33414012e-15
4066.0801 2.309475e-15
4068.3673 2.29147902e-15
4070.6544 2.2993013800000003e-15
4072.9416 2.28910708e-15
4075.2287 2.28314884e-15
4077.5158 2.31298264e-15
4079.803 2.34063084e-15
4082.0901 2.34377344e-15
4084.3773 2.34597402e-15
4086.6644 2.3438815400000003e-15
4088.9516 2.30111836e-15
4091.2387 2.26072362e-15
4093.5258 2.2459694199999998e-15
4095.813 2.23803792e-15
4098.1001 2.20695986e-15
4100.3873 2.1838232600000003e-15
4102.6744 2.18729434e-15
4104.9616 2.15289714e-15
4107.2487 2.13757414e-15
4109.5358 2.1062930200000004e-15
4111.823 2.1044346799999997e-15
4114.1101 2.06563696e-15
4116.3973 2.05898396e-15
4118.6844 2.0054930200000004e-15
4120.9716 2.0017610800000002e-15
4123.2587 1.99077276e-15
4125.5458 2.01177706e-15
4127.833 2.00315526e-15
4130.1201 2.01560232e-15
4132.4073 2.00648292e-15
4134.6944 1.99396452e-15
4136.9816 1.96243552e-15
4139.2687 1.9596939e-15
4141.5558 1.97093096e-15
4143.843 1.96525954e-15
4146.1301 1.97125728e-15
4148.4173 1.98533104e-15
4150.7044 1.9717853599999997e-15
4152.9916 1.95055968e-15
4155.2787 1.9616949600000004e-15
4157.5658 1.9761578399999997e-15
4159.853 1.9727678e-15
4162.1401 2.01089456e-15
4164.4273 2.0432265e-15
4166.7144 2.06058632e-15
4169.0016 2.05513546e-15
4171.2887 2.07914698e-15
4173.5758 2.0924949e-15
4175.863 2.09711992e-15
4178.1501 2.0842279000000003e-15
4180.4373 2.08742826e-15
4182.7244 2.0599710599999996e-15
4185.0116 2.0251293e-15
4187.2987 2.022735e-15
4189.5858 2.0337257e-15
4191.873 2.02794054e-15
4194.1601 2.06655706e-15
4196.4473 2.09972268e-15
4198.7344 2.1050309600000004e-15
4201.0216 2.10163482e-15
4203.3087 2.1134533400000002e-15
4205.5958 2.12158394e-15
4207.883 2.13106528e-15
4210.1701 2.1482617e-15
4212.4573 2.17792032e-15
4214.7444 2.20508014e-15
4217.0316 2.20155294e-15
4219.3187 2.19288136e-15
4221.6058 2.18419482e-15
4223.893 2.1823036799999997e-15
4226.1801 2.1716951600000002e-15
4228.4673 2.1657881e-15
4230.7544 2.1726416400000002e-15
4233.0416 2.18810334e-15
4235.3287 2.1912085200000002e-15
4237.6158 2.21157992e-15
4239.903 2.2306517e-15
4242.1901 2.22101784e-15
4244.4773 2.20726372e-15
4246.7644 2.18871684e-15
4249.0515 2.18953346e-15
4251.3387 2.1913496e-15
4253.6258 2.18719618e-15
4255.913 2.18396646e-15
4258.2001 2.18282624e-15
4260.4873 2.1689913999999995e-15
4262.7744 2.1253511e-15
4265.0615 2.10097828e-15
4267.3487 2.07604396e-15
4269.6358 2.0505947800000004e-15
4271.923 1.9894486600000003e-15
4274.2101 1.98585656e-15
4276.4973 1.97160532e-15
4278.7844 1.93476454e-15
4281.0715 1.93976944e-15
4283.3587 1.9731776400000003e-15
4285.6458 1.973299e-15
4287.933 1.9624871799999998e-15
4290.2201 1.97145458e-15
4292.5073 1.9455593399999997e-15
4294.7944 1.9034756e-15
4297.0815 1.8585521600000002e-15
4299.3687 1.8506306e-15
4301.6558 1.84856114e-15
4303.943 1.8361360400000002e-15
4306.2301 1.8266591999999997e-15
4308.5173 1.8235876199999998e-15
4310.8044 1.83968584e-15
4313.0915 1.84042862e-15
4315.3787 1.8478484799999997e-15
4317.6658 1.8630533800000003e-15
4319.953 1.8736002e-15
4322.2401 1.85099452e-15
4324.5273 1.84059904e-15
4326.8144 1.8476723000000003e-15
4329.1015 1.8458073000000004e-15
4331.3887 1.8460869799999997e-15
4333.6758 1.8432633e-15
4335.963 1.83485206e-15
4338.2501 1.8121650999999997e-15
4340.5373 1.79443798e-15
4342.8244 1.78084824e-15
4345.1115 1.7680384600000001e-15
4347.3987 1.7621170999999999e-15
4349.6858 1.7359560999999998e-15
4351.973 1.72031024e-15
4354.2601 1.70441328e-15
4356.5473 1.6828019799999999e-15
4358.8344 1.65776736e-15
4361.1215 1.6527422400000001e-15
4363.4087 1.63669584e-15
4365.6958 1.6118011e-15
4367.983 1.60280832e-15
4370.2701 1.5926655400000001e-15
4372.5573 1.5869709599999999e-15
4374.8444 1.5606765400000002e-15
4377.1315 1.54291474e-15
4379.4187 1.53354834e-15
4381.7058 1.52933324e-15
4383.993 1.5170257999999997e-15
4386.2801 1.54027768e-15
4388.5673 1.5492962799999998e-15
4390.8544 1.54154342e-15
4393.1415 1.53248992e-15
4395.4287 1.51392454e-15
4397.7158 1.4970928800000001e-15
4400.003 1.5043170399999999e-15
4402.2901 1.5043834600000002e-15
4404.5773 1.4883350399999998e-15
4406.8644 1.4990809400000001e-15
4409.1515 1.49574572e-15
4411.4387 1.4581919800000002e-15
4413.7258 1.4293865e-15
4416.013 1.41665626e-15
4418.3001 1.3893930000000001e-15
4420.5873 1.3616443000000002e-15
4422.8744 1.36625976e-15
4425.1615 1.37631422e-15
4427.4487 1.4040588e-15
4429.7358 1.41114594e-15
4432.023 1.4397537799999999e-15
4434.3101 1.4590204400000001e-15
4436.5973 1.47108456e-15
4438.8844 1.4670144400000001e-15
4441.1715 1.5050392600000002e-15
4443.4587 1.5113096400000002e-15
4445.7458 1.5201203000000003e-15
4448.033 1.5328776600000002e-15
4450.3201 1.5183977200000002e-15
4452.6073 1.4914723800000001e-15
4454.8944 1.49611066e-15
4457.1815 1.5083884000000001e-15
4459.4687 1.5343311e-15
4461.7558 1.58807176e-15
4464.043 1.6378416e-15
4466.3301 1.6472996400000002e-15
4468.6173 1.6422813399999999e-15
4470.9044 1.63901714e-15
4473.1915 1.61982954e-15
4475.4787 1.60368644e-15
4477.7658 1.5901623599999998e-15
4480.053 1.57670804e-15
4482.3401 1.5660224000000001e-15
4484.6273 1.568536e-15
4486.9144 1.56331662e-15
4489.2015 1.5507655200000002e-15
4491.4887 1.5638114999999998e-15
4493.7758 1.5632882799999997e-15
4496.063 1.5690641600000001e-15
4498.3501 1.5668925400000002e-15
4500.6373 1.60371382e-15
4502.9244 1.61586376e-15
4505.2115 1.6346285200000002e-15
4507.4987 1.6391676600000002e-15
4509.7858 1.65758156e-15
4512.073 1.65943522e-15
4514.3601 1.65836898e-15
4516.6473 1.6502701199999999e-15
4518.9344 1.6576490599999998e-15
4521.2215 1.6584285800000003e-15
4523.5087 1.6606287400000002e-15
4525.7958 1.67985328e-15
4528.083 1.69654524e-15
4530.3701 1.6966873e-15
4532.6573 1.70529256e-15
4534.9444 1.7213259e-15
4537.2315 1.70990538e-15
4539.5187 1.6899318599999999e-15
4541.8058 1.677107e-15
4544.093 1.65537576e-15
4546.3801 1.6399968e-15
4548.6673 1.62921726e-15
4550.9544 1.6141291399999998e-15
4553.2415 1.6048266599999999e-15
4555.5287 1.5992148200000001e-15
4557.8158 1.5698212999999999e-15
4560.103 1.5543226599999999e-15
4562.3901 1.55802386e-15
4564.6772 1.5384244399999999e-15
4566.9644 1.52044754e-15
4569.2515 1.4957258e-15
4571.5387 1.4913758000000002e-15
4573.8258 1.49128538e-15
4576.113 1.48453226e-15
4578.4001 1.47975894e-15
4580.6872 1.49368504e-15
4582.9744 1.4739653000000002e-15
4585.2615 1.4477701399999998e-15
4587.5487 1.45104522e-15
4589.8358 1.4373690200000001e-15
4592.123 1.4141204999999999e-15
4594.4101 1.41737456e-15
4596.6972 1.43025712e-15
4598.9844 1.4220612799999998e-15
4601.2715 1.43845634e-15
4603.5587 1.46630284e-15
4605.8458 1.4871397199999998e-15
4608.133 1.47483402e-15
4610.4201 1.4883538400000003e-15
4612.7072 1.4794689400000001e-15
4614.9944 1.4698955200000001e-15
4617.2815 1.4672881200000002e-15
4619.5687 1.4987097e-15
4621.8558 1.4968113800000001e-15
4624.143 1.49801928e-15
4626.4301 1.5246423400000002e-15
4628.7172 1.5305131800000003e-15
4631.0044 1.50927994e-15
4633.2915 1.51331656e-15
4635.5787 1.52651316e-15
4637.8658 1.5115597400000001e-15
4640.153 1.49039178e-15
4642.4401 1.4880314200000002e-15
4644.7272 1.4931132200000001e-15
4647.0144 1.4908466800000002e-15
4649.3015 1.4933820199999999e-15
4651.5887 1.52471702e-15
4653.8758 1.5455775200000002e-15
4656.163 1.5602649800000001e-15
4658.4501 1.577958e-15
4660.7372 1.5957523e-15
4663.0244 1.59643192e-15
4665.3115 1.59352452e-15
4667.5987 1.6088337e-15
4669.8858 1.61420292e-15
4672.173 1.5965227599999999e-15
4674.4601 1.57894298e-15
4676.7472 1.59083472e-15
4679.0344 1.55738406e-15
4681.3215 1.52853488e-15
4683.6087 1.5437965999999998e-15
4685.8958 1.56048454e-15
4688.183 1.54215326e-15
4690.4701 1.55379328e-15
4692.7572 1.57256168e-15
4695.0444 1.5692486e-15
4697.3315 1.55897234e-15
4699.6187 1.5372628000000001e-15
4701.9058 1.51535842e-15
4704.193 1.5095994999999998e-15
4706.4801 1.5030880799999999e-15
4708.7672 1.50125436e-15
4711.0544 1.5199840799999998e-15
4713.3415 1.52108046e-15
4715.6287 1.50084744e-15
4717.9158 1.48709106e-15
4720.203 1.47090788e-15
4722.4901 1.4630901999999998e-15
4724.7772 1.4661534e-15
4727.0644 1.4715155800000001e-15
4729.3515 1.4803344400000001e-15
4731.6387 1.4919126400000001e-15
4733.9258 1.4912984199999999e-15
4736.213 1.4820054e-15
4738.5001 1.4852173600000002e-15
4740.7872 1.491252e-15
4743.0744 1.5084829199999999e-15
4745.3615 1.5387165400000001e-15
4747.6487 1.5770958799999999e-15
4749.9358 1.58031308e-15
4752.223 1.5879349e-15
4754.5101 1.5893610799999999e-15
4756.7972 1.5893005200000001e-15
4759.0844 1.57230424e-15
4761.3715 1.5923584600000002e-15
4763.6587 1.5906883400000001e-15
4765.9458 1.57342278e-15
4768.233 1.5739509000000001e-15
4770.5201 1.5926069399999998e-15
4772.8072 1.58945552e-15
4775.0944 1.59556488e-15
4777.3815 1.6162431999999998e-15
4779.6687 1.6270004e-15
4781.9558 1.6244923199999999e-15
4784.243 1.63102534e-15
4786.5301 1.6265811399999999e-15
4788.8172 1.6070007e-15
4791.1044 1.5846183000000002e-15
4793.3915 1.55552924e-15
4795.6787 1.5367297799999999e-15
4797.9658 1.53692036e-15
4800.253 1.54354542e-15
4802.5401 1.54277912e-15
4804.8272 1.54110198e-15
4807.1144 1.5338894999999999e-15
4809.4015 1.5062641999999998e-15
4811.6887 1.4924792199999999e-15
4813.9758 1.4630096200000001e-15
4816.263 1.46814912e-15
4818.5501 1.4829487e-15
4820.8372 1.47475972e-15
4823.1244 1.46362766e-15
4825.4115 1.45371796e-15
4827.6987 1.44570886e-15
4829.9858 1.4144966399999998e-15
4832.273 1.409222e-15
4834.5601 1.4109448800000001e-15
4836.8472 1.41757556e-15
4839.1344 1.39809944e-15
4841.4215 1.3922206e-15
4843.7087 1.3973578e-15
4845.9958 1.3930204e-15
4848.283 1.38941676e-15
4850.5701 1.3854219400000002e-15
4852.8572 1.3922996399999998e-15
4855.1444 1.39746942e-15
4857.4315 1.40269094e-15
4859.7187 1.39886714e-15
4862.0058 1.39805462e-15
4864.293 1.3755237199999998e-15
4866.5801 1.3464674e-15
4868.8672 1.3188105400000001e-15
4871.1544 1.30134732e-15
4873.4415 1.2926686800000002e-15
4875.7287 1.29154522e-15
4878.0158 1.28700956e-15
4880.3029 1.290644e-15
4882.5901 1.3055561200000002e-15
4884.8772 1.31593748e-15
4887.1644 1.3229600000000001e-15
4889.4515 1.34895364e-15
4891.7387 1.32802578e-15
4894.0258 1.3080613800000001e-15
4896.3129 1.29953712e-15
4898.6001 1.2996452e-15
4900.8872 1.29078986e-15
4903.1744 1.29805414e-15
4905.4615 1.3004211000000001e-15
4907.7487 1.30029442e-15
4910.0358 1.28999918e-15
4912.3229 1.2793833999999999e-15
4914.6101 1.2941122e-15
4916.8972 1.30885832e-15
4919.1844 1.30350638e-15
4921.4715 1.31534832e-15
4923.7587 1.32400134e-15
4926.0458 1.3255451000000001e-15
4928.3329 1.32937042e-15
4930.6201 1.3504646399999998e-15
4932.9072 1.34538568e-15
4935.1944 1.34495e-15
4937.4815 1.3449702399999998e-15
4939.7687 1.34400294e-15
4942.0558 1.330923e-15
4944.3429 1.3310065e-15
4946.6301 1.33057832e-15
4948.9172 1.33737578e-15
4951.2044 1.33988956e-15
4953.4915 1.3462720999999999e-15
4955.7787 1.35673554e-15
4958.0658 1.36607724e-15
4960.3529 1.36057058e-15
4962.6401 1.35608338e-15
4964.9272 1.3478486599999998e-15
4967.2144 1.33543642e-15
4969.5015 1.322179e-15
4971.7887 1.32017346e-15
4974.0758 1.3140642e-15
4976.3629 1.3160173e-15
4978.6501 1.3167201800000002e-15
4980.9372 1.31410414e-15
4983.2244 1.3050496199999998e-15
4985.5115 1.3084190999999998e-15
4987.7987 1.30324912e-15
4990.0858 1.2956593e-15
4992.3729 1.28252718e-15
4994.6601 1.26960928e-15
4996.9472 1.24595728e-15
4999.2344 1.2275759199999999e-15
5001.5215 1.21766062e-15
5003.8087 1.20450976e-15
5006.0958 1.19882182e-15
5008.3829 1.1981624999999999e-15
5010.6701 1.2004811400000001e-15
5012.9572 1.19626032e-15
5015.2444 1.19547024e-15
5017.5315 1.19300314e-15
5019.8187 1.1876069e-15
5022.1058 1.174327e-15
5024.3929 1.15775942e-15
5026.6801 1.1447862599999999e-15
5028.9672 1.1417313399999999e-15
5031.2544 1.1522190800000002e-15
5033.5415 1.16770244e-15
5035.8287 1.18413326e-15
5038.1158 1.2004696e-15
5040.4029 1.20444436e-15
5042.6901 1.1898813999999999e-15
5044.9772 1.17209204e-15
5047.2644 1.16399822e-15
5049.5515 1.1611268200000002e-15
5051.8387 1.16070582e-15
5054.1258 1.1668691600000001e-15
5056.4129 1.1744824e-15
5058.7001 1.17340102e-15
5060.9872 1.1632654200000001e-15
5063.2744 1.1487199799999999e-15
5065.5615 1.13272674e-15
5067.8487 1.119256e-15
5070.1358 1.10960526e-15
5072.4229 1.0989382e-15
5074.7101 1.08672338e-15
5076.9972 1.08106898e-15
5079.2844 1.0830127200000001e-15
5081.5715 1.08420244e-15
5083.8587 1.08532674e-15
5086.1458 1.09248958e-15
5088.4329 1.10042366e-15
5090.7201 1.10308444e-15
5093.0072 1.10664446e-15
5095.2944 1.1160357e-15
5097.5815 1.12437802e-15
5099.8687 1.12418082e-15
5102.1558 1.1175746e-15
5104.4429 1.1097884200000001e-15
5106.7301 1.10256378e-15
5109.0172 1.09852654e-15
5111.3044 1.1005427e-15
5113.5915 1.10522254e-15
5115.8787 1.10547506e-15
5118.1658 1.09689364e-15
5120.4529 1.07893024e-15
5122.7401 1.05611552e-15
5125.0272 1.03938642e-15
5127.3144 1.0373243799999999e-15
5129.6015 1.0466494599999999e-15
5131.8887 1.059292e-15
5134.1758 1.06920128e-15
5136.4629 1.07077034e-15
5138.7501 1.0661742400000002e-15
5141.0372 1.0652923400000002e-15
5143.3244 1.0719829e-15
5145.6115 1.0841940799999998e-15
5147.8987 1.09794578e-15
5150.1858 1.10377178e-15
5152.4729 1.0947065199999998e-15
5154.7601 1.07772522e-15
5157.0472 1.0664771199999999e-15
5159.3344 1.0625642e-15
5161.6215 1.05675484e-15
5163.9087 1.05189214e-15
5166.1958 1.0583521200000001e-15
5168.4829 1.0687990200000001e-15
5170.7701 1.0730053200000001e-15
5173.0572 1.0797432e-15
5175.3444 1.0932480600000001e-15
5177.6315 1.09913078e-15
5179.9187 1.0916457599999999e-15
5182.2058 1.0826435800000001e-15
5184.4929 1.0783750799999999e-15
5186.7801 1.07438474e-15
5189.0672 1.0701234799999999e-15
5191.3544 1.06820686e-15
5193.6415 1.0661494799999999e-15
5195.9286 1.0613436799999997e-15
5198.2158 1.0549370999999999e-15
5200.5029 1.0473096e-15
5202.7901 1.03983144e-15
5205.0772 1.03685728e-15
5207.3644 1.03873308e-15
5209.6515 1.04136616e-15
5211.9386 1.04375156e-15
5214.2258 1.0463784200000001e-15
5216.5129 1.04794594e-15
5218.8001 1.0500584799999998e-15
5221.0872 1.0552454e-15
5223.3744 1.06143948e-15
5225.6615 1.06677406e-15
5227.9486 1.0710711799999999e-15
5230.2358 1.0701383400000002e-15
5232.5229 1.0608221e-15
5234.8101 1.0495575799999999e-15
5237.0972 1.04452148e-15
5239.3844 1.04545864e-15
5241.6715 1.0496757999999999e-15
5243.9586 1.05595314e-15
5246.2458 1.05928926e-15
5248.5329 1.05659816e-15
5250.8201 1.05222406e-15
5253.1072 1.04959834e-15
5255.3944 1.0499211400000001e-15
5257.6815 1.05532462e-15
5259.9686 1.06311954e-15
5262.2558 1.06796588e-15
5264.5429 1.06897968e-15
5266.8301 1.06544632e-15
5269.1172 1.05661984e-15
5271.4044 1.04726866e-15
5273.6915 1.0414476800000002e-15
5275.9786 1.03833434e-15
5278.2658 1.03997242e-15
5280.5529 1.04964546e-15
5282.8401 1.0626112200000001e-15
5285.1272 1.07161684e-15
5287.4144 1.0768950200000001e-15
5289.7015 1.08155636e-15
5291.9886 1.08501546e-15
5294.2758 1.0868303399999999e-15
5296.5629 1.08865592e-15
5298.8501 1.089803e-15
5301.1372 1.08737958e-15
5303.4244 1.08002406e-15
5305.7115 1.06921666e-15
5307.9986 1.0583308399999998e-15
5310.2858 1.04947328e-15
5312.5729 1.04258936e-15
5314.8601 1.03764228e-15
5317.1472 1.0340978e-15
5319.4344 1.03137234e-15
5321.7215 1.03045852e-15
5324.0086 1.03069242e-15
5326.2958 1.03014776e-15
5328.5829 1.0305022399999999e-15
5330.8701 1.03272016e-15
5333.1572 1.03287632e-15
5335.4444 1.02935272e-15
5337.7315 1.023902736e-15
5340.0186 1.0156199000000001e-15
5342.3058 1.0046037520000001e-15
5344.5929 9.96533222e-16
5346.8801 9.974748420000002e-16
5349.1672 1.0071992060000001e-15
5351.4544 1.019523662e-15
5353.7415 1.02976979e-15
5356.0286 1.0377063200000001e-15
5358.3158 1.04269004e-15
5360.6029 1.044914e-15
5362.8901 1.04783706e-15
5365.1772 1.0521057e-15
5367.4644 1.0549304599999999e-15
5369.7515 1.05548284e-15
5372.0386 1.05439848e-15
5374.3258 1.0521047e-15
5376.6129 1.04777958e-15
5378.9001 1.0397674e-15
5381.1872 1.0326812600000002e-15
5383.4744 1.03358852e-15
5385.7615 1.03714138e-15
5388.0486 1.03459068e-15
5390.3358 1.0286869040000002e-15
5392.6229 1.020797282e-15
5394.9101 1.00786981e-15
5397.1972 9.9680107e-16
5399.4844 9.9433027e-16
5401.7715 9.963339960000001e-16
5404.0586 1.000083522e-15
5406.3458 1.004837834e-15
5408.6329 1.0064845540000002e-15
5410.9201 1.005631374e-15
5413.2072 1.0050512760000001e-15
5415.4944 1.001360266e-15
5417.7815 9.92534376e-16
5420.0686 9.81046868e-16
5422.3558 9.666511580000002e-16
5424.6429 9.512063600000002e-16
5426.9301 9.4178007e-16
5429.2172 9.390172420000002e-16
5431.5044 9.38488994e-16
5433.7915 9.407285540000001e-16
5436.0786 9.44055988e-16
5438.3658 9.4101404e-16
5440.6529 9.303038019999999e-16
5442.9401 9.172620500000003e-16
5445.2272 9.0488617e-16
5447.5144 8.941409660000001e-16
5449.8015 8.858375320000002e-16
5452.0886 8.79406284e-16
5454.3758 8.747909380000001e-16
5456.6629 8.7426700000000015e-16
5458.9501 8.785084220000001e-16
5461.2372 8.82922674e-16
5463.5244 8.84337252e-16
5465.8115 8.8695719e-16
5468.0986 8.92225374e-16
5470.3858 8.93156062e-16
5472.6729 8.887484560000003e-16
5474.9601 8.866584340000001e-16
5477.2472 8.863400860000001e-16
5479.5344 8.8118452e-16
5481.8215 8.74903818e-16
5484.1086 8.749123520000001e-16
5486.3958 8.775364100000001e-16
5488.6829 8.75892226e-16
5490.9701 8.7195058e-16
5493.2572 8.69645288e-16
5495.5444 8.657132600000001e-16
5497.8315 8.56320764e-16
5500.1186 8.46245668e-16
5502.4058 8.422443100000001e-16
5504.6929 8.42730804e-16
5506.9801 8.439101580000001e-16
5509.2672 8.477772940000001e-16
5511.5543 8.542765580000001e-16
5513.8415 8.566805340000001e-16
5516.1286 8.520085580000001e-16
5518.4158 8.44400254e-16
5520.7029 8.367040960000001e-16
5522.9901 8.29874406e-16
5525.2772 8.265185800000001e-16
5527.5643 8.267530120000001e-16
5529.8515 8.274406040000001e-16
5532.1386 8.27286272e-16
5534.4258 8.2540281e-16
5536.7129 8.198445760000001e-16
5539.0001 8.132669300000002e-16
5541.2872 8.119596280000001e-16
5543.5743 8.16928056e-16
5545.8615 8.24081366e-16
5548.1486 8.309852840000001e-16
5550.4358 8.358490820000001e-16
5552.7229 8.34571396e-16
5555.0101 8.25161496e-16
5557.2972 8.131554020000001e-16
5559.5843 8.077396920000001e-16
5561.8715 8.111123300000001e-16
5564.1586 8.18279722e-16
5566.4458 8.25608698e-16
5568.7329 8.296901560000001e-16
5571.0201 8.275387980000001e-16
5573.3072 8.235120380000001e-16
5575.5943 8.220245200000001e-16
5577.8815 8.21444506e-16
5580.1686 8.237128680000001e-16
5582.4558 8.307581320000001e-16
5584.7429 8.347365200000002e-16
5587.0301 8.312469140000002e-16
5589.3172 8.283207100000001e-16
5591.6043 8.292931380000001e-16
5593.8915 8.263030680000001e-16
5596.1786 8.17896384e-16
5598.4658 8.119229040000001e-16
5600.7529 8.091062660000001e-16
5603.0401 8.03730668e-16
5605.3272 7.98111002e-16
5607.6143 7.99864546e-16
5609.9015 8.085422020000001e-16
5612.1886 8.175988940000001e-16
5614.4758 8.244462859999999e-16
5616.7629 8.283986400000001e-16
5619.0501 8.27043446e-16
5621.3372 8.2146313e-16
5623.6243 8.15752066e-16
5625.9115 8.112460880000002e-16
5628.1986 8.06549094e-16
5630.4858 7.9881555e-16
5632.7729 7.874108860000001e-16
5635.0601 7.76974154e-16
5637.3472 7.711699800000001e-16
5639.6343 7.7018908e-16
5641.9215 7.747701420000001e-16
5644.2086 7.825000040000001e-16
5646.4958 7.851393360000001e-16
5648.7829 7.781390700000001e-16
5651.0701 7.6703435e-16
5653.3572 7.58958204e-16
5655.6443 7.553455739999999e-16
5657.9315 7.571430360000001e-16
5660.2186 7.66087034e-16
5662.5058 7.77949786e-16
5664.7929 7.85617866e-16
5667.0801 7.87109452e-16
5669.3672 7.8376745e-16
5671.6543 7.776081020000001e-16
5673.9415 7.7272135e-16
5676.2286 7.713119340000001e-16
5678.5158 7.70360846e-16
5680.8029 7.68674092e-16
5683.0901 7.695524400000001e-16
5685.3772 7.720232e-16
5687.6643 7.722014500000001e-16
5689.9515 7.73247628e-16
5692.2386 7.79910698e-16
5694.5258 7.8785067000000005e-16
5696.8129 7.906880680000001e-16
5699.1001 7.904981460000001e-16
5701.3872 7.912085380000001e-16
5703.6743 7.906190300000001e-16
5705.9615 7.875210340000001e-16
5708.2486 7.868277840000001e-16
5710.5358 7.914189860000001e-16
5712.8229 7.989070600000001e-16
5715.1101 8.075198940000001e-16
5717.3972 8.148486780000001e-16
5719.6843 8.16537734e-16
5721.9715 8.138606500000001e-16
5724.2586 8.114175120000001e-16
5726.5458 8.081596200000002e-16
5728.8329 8.03977086e-16
5731.1201 8.0426101e-16
5733.4072 8.079548980000001e-16
5735.6943 8.07424398e-16
5737.9815 8.024052660000001e-16
5740.2686 7.983438100000001e-16
5742.5558 7.94939584e-16
5744.8429 7.885638680000001e-16
5747.1301 7.81218144e-16
5749.4172 7.77823576e-16
5751.7043 7.7721361e-16
5753.9915 7.7417111e-16
5756.2786 7.686287280000001e-16
5758.5658 7.6372378e-16
5760.8529 7.595645700000002e-16
5763.1401 7.572407760000001e-16
5765.4272 7.600303500000001e-16
5767.7143 7.669660580000002e-16
5770.0015 7.737410860000001e-16
5772.2886 7.7734225e-16
5774.5758 7.755514340000002e-16
5776.8629 7.681229180000002e-16
5779.1501 7.59093236e-16
5781.4372 7.528544460000001e-16
5783.7243 7.503715700000001e-16
5786.0115 7.513589660000002e-16
5788.2986 7.546348900000001e-16
5790.5858 7.576667800000001e-16
5792.8729 7.620126440000001e-16
5795.1601 7.709679700000001e-16
5797.4472 7.804579100000001e-16
5799.7343 7.864083080000001e-16
5802.0215 7.91827946e-16
5804.3086 7.962178160000001e-16
5806.5958 7.96442504e-16
5808.8829 7.9536357e-16
5811.1701 7.93155496e-16
5813.4572 7.85584192e-16
5815.7443 7.743669560000001e-16
5818.0315 7.636975500000001e-16
5820.3186 7.566449960000001e-16
5822.6058 7.577702800000001e-16
5824.8929 7.665280500000001e-16
5827.18 7.770225980000001e-16
5829.4672 7.870496620000001e-16
5831.7543 7.954604940000001e-16
5834.0415 7.996687960000001e-16
5836.3286 8.021214660000001e-16
5838.6158 8.060845480000002e-16
5840.9029 8.066080340000001e-16
5843.19 7.988717800000002e-16
5845.4772 7.8935336e-16
5847.7643 7.854405240000002e-16
5850.0515 7.847896940000001e-16
5852.3386 7.8637279e-16
5854.6258 7.959455720000002e-16
5856.9129 8.12100152e-16
5859.2 8.2336779e-16
5861.4872 8.24840908e-16
5863.7743 8.236237340000001e-16
5866.0615 8.238882040000001e-16
5868.3486 8.214044120000001e-16
5870.6358 8.16303214e-16
5872.9229 8.134318140000001e-16
5875.21 8.10544982e-16
5877.4972 8.03261878e-16
5879.7843 7.952573480000001e-16
5882.0715 7.92157346e-16
5884.3586 7.935141900000001e-16
5886.6458 7.95881744e-16
5888.9329 7.968995860000001e-16
5891.22 7.94368896e-16
5893.5072 7.8807271e-16
5895.7943 7.819502960000001e-16
5898.0815 7.789509760000001e-16
5900.3686 7.787562220000001e-16
5902.6558 7.807053900000001e-16
5904.9429 7.82375586e-16
5907.23 7.8262625e-16
5909.5172 7.853706740000001e-16
5911.8043 7.906164200000001e-16
5914.0915 7.936621300000002e-16
5916.3786 7.94761548e-16
5918.6658 7.942382240000001e-16
5920.9529 7.892606040000001e-16
5923.24 7.828175980000002e-16
5925.5272 7.79428822e-16
5927.8143 7.771655320000001e-16
5930.1015 7.739508380000001e-16
5932.3886 7.698087240000002e-16
5934.6758 7.638476080000001e-16
5936.9629 7.57926788e-16
5939.25 7.557293240000002e-16
5941.5372 7.570585220000001e-16
5943.8243 7.60267194e-16
5946.1115 7.64581564e-16
5948.3986 7.671828120000001e-16
5950.6858 7.657901980000001e-16
5952.9729 7.61667408e-16
5955.26 7.57824322e-16
5957.5472 7.590919680000001e-16
5959.8343 7.67596876e-16
5962.1215 7.77814686e-16
5964.4086 7.848001320000001e-16
5966.6958 7.878752380000001e-16
5968.9829 7.831283900000001e-16
5971.27 7.687411220000001e-16
5973.5572 7.533125780000001e-16
5975.8443 7.446815140000001e-16
5978.1315 7.41604348e-16
5980.4186 7.426902280000001e-16
5982.7058 7.484876820000001e-16
5984.9929 7.549021860000001e-16
5987.28 7.572367360000001e-16
5989.5672 7.55485354e-16
5991.8543 7.50107394e-16
5994.1415 7.42344086e-16
5996.4286 7.36982872e-16
5998.7158 7.36179338e-16
6001.0029 7.373937560000001e-16
6003.29 7.398103900000001e-16
6005.5772 7.439028180000001e-16
6007.8643 7.4716550800000005e-16
6010.1515 7.473902139999999e-16
6012.4386 7.455949660000001e-16
6014.7258 7.430088440000001e-16
6017.0129 7.407679279999999e-16
6019.3 7.40956074e-16
6021.5872 7.432987420000001e-16
6023.8743 7.450727860000001e-16
6026.1615 7.463958800000001e-16
6028.4486 7.49303964e-16
6030.7358 7.517031280000001e-16
6033.0229 7.50330722e-16
6035.31 7.46597658e-16
6037.5972 7.424574800000001e-16
6039.8843 7.38602928e-16
6042.1715 7.3832718e-16
6044.4586 7.426612540000001e-16
6046.7458 7.474208140000002e-16
6049.0329 7.499095300000002e-16
6051.32 7.492334020000001e-16
6053.6072 7.454497860000001e-16
6055.8943 7.426297920000001e-16
6058.1815 7.424430580000001e-16
6060.4686 7.41450968e-16
6062.7558 7.389487800000001e-16
6065.0429 7.35560806e-16
6067.33 7.31150336e-16
6069.6172 7.2885345e-16
6071.9043 7.294638780000001e-16
6074.1915 7.30120664e-16
6076.4786 7.330442920000001e-16
6078.7658 7.38523316e-16
6081.0529 7.38611964e-16
6083.34 7.33714006e-16
6085.6272 7.334854760000001e-16
6087.9143 7.3642474e-16
6090.2015 7.359649960000001e-16
6092.4886 7.373019020000001e-16
6094.7758 7.44459836e-16
6097.0629 7.483306920000001e-16
6099.35 7.418600960000001e-16
6101.6372 7.312112460000001e-16
6103.9243 7.25116908e-16
6106.2115 7.242253400000001e-16
6108.4986 7.265777540000002e-16
6110.7858 7.33922024e-16
6113.0729 7.453790940000001e-16
6115.36 7.555158320000001e-16
6117.6472 7.622472680000002e-16
6119.9343 7.656573100000001e-16
6122.2215 7.63940964e-16
6124.5086 7.5798636e-16
6126.7958 7.512462440000001e-16
6129.0829 7.45695414e-16
6131.37 7.4331215000000005e-16
6133.6572 7.446582700000001e-16
6135.9443 7.464478980000001e-16
6138.2315 7.463143940000001e-16
6140.5186 7.442996280000001e-16
6142.8057 7.39876548e-16
6145.0929 7.349148800000001e-16
6147.38 7.339478000000001e-16
6149.6672 7.374686220000001e-16
6151.9543 7.427283699999999e-16
6154.2415 7.480040260000001e-16
6156.5286 7.499284720000001e-16
6158.8157 7.46751094e-16
6161.1029 7.43620822e-16
6163.39 7.434077400000001e-16
6165.6772 7.43394802e-16
6167.9643 7.439828840000001e-16
6170.2515 7.44799412e-16
6172.5386 7.4296885e-16
6174.8257 7.422430520000001e-16
6177.1129 7.459488880000001e-16
6179.4 7.498071640000001e-16
6181.6872 7.51467444e-16
6183.9743 7.50150758e-16
6186.2615 7.432259500000002e-16
6188.5486 7.341705520000001e-16
6190.8357 7.2898303200000005e-16
6193.1229 7.274569480000001e-16
6195.41 7.288100200000001e-16
6197.6972 7.334044780000001e-16
6199.9843 7.383403740000002e-16
6202.2715 7.420181520000001e-16
6204.5586 7.45353674e-16
6206.8457 7.46151716e-16
6209.1329 7.417015020000001e-16
6211.42 7.351052860000001e-16
6213.7072 7.32652334e-16
6215.9943 7.355606580000002e-16
6218.2815 7.391992600000002e-16
6220.5686 7.4104096600000005e-16
6222.8557 7.417387380000002e-16
6225.1429 7.403632400000001e-16
6227.43 7.378640820000001e-16
6229.7172 7.38517516e-16
6232.0043 7.430596879999999e-16
6234.2915 7.475490700000001e-16
6236.5786 7.480335740000001e-16
6238.8657 7.44024002e-16
6241.1529 7.38512236e-16
6243.44 7.334096440000002e-16
6245.7272 7.287872260000001e-16
6248.0143 7.263757780000001e-16
6250.3015 7.262627700000001e-16
6252.5886 7.231442820000002e-16
6254.8757 7.14477442e-16
6257.1629 7.0805221e-16
6259.45 7.10604136e-16
6261.7372 7.166741380000001e-16
6264.0243 7.212162480000001e-16
6266.3115 7.27089276e-16
6268.5986 7.309498220000001e-16
6270.8857 7.24265902e-16
6273.1729 7.10938238e-16
6275.46 7.03183784e-16
6277.7472 7.034804520000001e-16
6280.0343 7.061812880000001e-16
6282.3215 7.092042660000001e-16
6284.6086 7.115580199999999e-16
6286.8957 7.0907109e-16
6289.1829 7.012629920000001e-16
6291.47 6.929613500000001e-16
6293.7572 6.8782729400000005e-16
6296.0443 6.8596204e-16
6298.3315 6.846424240000001e-16
6300.6186 6.822480220000001e-16
6302.9057 6.80627162e-16
6305.1929 6.79241324e-16
6307.48 6.753128080000001e-16
6309.7672 6.69988872e-16
6312.0543 6.645122880000001e-16
6314.3415 6.58571854e-16
6316.6286 6.55218098e-16
6318.9157 6.551438180000001e-16
6321.2029 6.53872314e-16
6323.49 6.50913148e-16
6325.7772 6.47441242e-16
6328.0643 6.40445284e-16
6330.3515 6.30829654e-16
6332.6386 6.233593720000001e-16
6334.9257 6.169377880000001e-16
6337.2129 6.08537592e-16
6339.5 5.996704060000001e-16
6341.7872 5.92339852e-16
6344.0743 5.860301920000001e-16
6346.3615 5.786867420000002e-16
6348.6486 5.701139240000001e-16
6350.9357 5.647420540000001e-16
6353.2229 5.646465920000001e-16
6355.51 5.65778412e-16
6357.7972 5.66764802e-16
6360.0843 5.685452540000001e-16
6362.3715 5.674242920000001e-16
6364.6586 5.619568440000001e-16
6366.9457 5.57774292e-16
6369.2329 5.5837826600000005e-16
6371.52 5.60703654e-16
6373.8072 5.610183560000001e-16
6376.0943 5.58964768e-16
6378.3815 5.555355700000001e-16
6380.6686 5.513561960000001e-16
6382.9557 5.48071048e-16
6385.2429 5.470683340000001e-16
6387.53 5.47636174e-16
6389.8172 5.498113600000001e-16
6392.1043 5.541937580000001e-16
6394.3915 5.58823648e-16
6396.6786 5.6182013e-16
6398.9657 5.62791176e-16
6401.2529 5.603425900000001e-16
6403.54 5.543045720000001e-16
6405.8272 5.476997440000001e-16
6408.1143 5.43487524e-16
6410.4015 5.427620940000001e-16
6412.6886 5.45037444e-16
6414.9757 5.48367586e-16
6417.2629 5.51066918e-16
6419.55 5.53613258e-16
6421.8372 5.58093592e-16
6424.1243 5.643744180000001e-16
6426.4115 5.690344340000001e-16
6428.6986 5.70184026e-16
6430.9857 5.681488000000001e-16
6433.2729 5.638111440000001e-16
6435.56 5.609945320000001e-16
6437.8472 5.637458780000001e-16
6440.1343 5.71306468e-16
6442.4215 5.79677668e-16
6444.7086 5.841382540000001e-16
6446.9957 5.8202144e-16
6449.2829 5.753126980000001e-16
6451.57 5.676345720000001e-16
6453.8572 5.61909684e-16
6456.1443 5.609848420000001e-16
6458.4314 5.648796840000001e-16
6460.7186 5.697827020000001e-16
6463.0057 5.73150196e-16
6465.2929 5.76383092e-16
6467.58 5.803110700000001e-16
6469.8672 5.82859114e-16
6472.1543 5.83318096e-16
6474.4414 5.822757480000001e-16
6476.7286 5.78892276e-16
6479.0157 5.74197258e-16
6481.3029 5.713331360000001e-16
6483.59 5.713603540000001e-16
6485.8772 5.739808180000001e-16
6488.1643 5.782974880000001e-16
6490.4514 5.828907780000001e-16
6492.7386 5.88795852e-16
6495.0257 5.958418680000001e-16
6497.3129 5.9944061e-16
6499.6 5.9891104e-16
6501.8872 5.977372620000001e-16
6504.1743 5.946196200000001e-16
6506.4614 5.88474718e-16
6508.7486 5.841481240000001e-16
6511.0357 5.83036288e-16
6513.3229 5.80669168e-16
6515.61 5.757979860000001e-16
6517.8972 5.711655240000001e-16
6520.1843 5.67917868e-16
6522.4714 5.64642976e-16
6524.7586 5.6020998e-16
6527.0457 5.55756712e-16
6529.3329 5.528626740000001e-16
6531.62 5.519904720000001e-16
6533.9072 5.53085472e-16
6536.1943 5.538719840000001e-16
6538.4814 5.51292832e-16
6540.7686 5.46289696e-16
6543.0557 5.4086914e-16
6545.3429 5.34892508e-16
6547.63 5.3008539e-16
6549.9172 5.28423014e-16
6552.2043 5.27154482e-16
6554.4914 5.23038162e-16
6556.7786 5.1784273000000005e-16
6559.0657 5.15346302e-16
6561.3529 5.153220600000001e-16
6563.64 5.145738940000001e-16
6565.9272 5.131128760000002e-16
6568.2143 5.127231100000001e-16
6570.5014 5.11943326e-16
6572.7886 5.098978960000001e-16
6575.0757 5.0923526600000015e-16
6577.3629 5.105292680000001e-16
6579.65 5.104636020000001e-16
6581.9372 5.071449340000001e-16
6584.2243 5.026049540000001e-16
6586.5114 4.9946108e-16
6588.7986 4.984635240000001e-16
6591.0857 5.00042984e-16
6593.3729 5.04255584e-16
6595.66 5.091987100000001e-16
6597.9472 5.131582500000001e-16
6600.2343 5.156804120000001e-16
6602.5214 5.153172560000001e-16
6604.8086 5.12163022e-16
6607.0957 5.10193882e-16
6609.3829 5.1172127e-16
6611.67 5.15719818e-16
6613.9572 5.216093520000001e-16
6616.2443 5.27146634e-16
6618.5314 5.2804414e-16
6620.8186 5.23546852e-16
6623.1057 5.165166480000001e-16
6625.3929 5.10391762e-16
6627.68 5.08160302e-16
6629.9672 5.09885102e-16
6632.2543 5.12607012e-16
6634.5414 5.13785086e-16
6636.8286 5.1323674e-16
6639.1157 5.12781014e-16
6641.4029 5.14111082e-16
6643.69 5.175914800000001e-16
6645.9772 5.225902360000001e-16
6648.2643 5.27170824e-16
6650.5514 5.2910831e-16
6652.8386 5.28263284e-16
6655.1257 5.27546682e-16
6657.4129 5.30180236e-16
6659.7 5.35292764e-16
6661.9872 5.403953380000001e-16
6664.2743 5.461408300000001e-16
6666.5614 5.52506672e-16
6668.8486 5.573107660000001e-16
6671.1357 5.6120831e-16
6673.4229 5.6515433600000005e-16
6675.71 5.67396444e-16
6677.9972 5.68122576e-16
6680.2843 5.69349724e-16
6682.5714 5.71820396e-16
6684.8586 5.75809406e-16
6687.1457 5.797972240000001e-16
6689.4329 5.806183360000001e-16
6691.72 5.776504280000001e-16
6694.0072 5.73163196e-16
6696.2943 5.7015147e-16
6698.5814 5.699380600000001e-16
6700.8686 5.70547002e-16
6703.1557 5.703900440000001e-16
6705.4429 5.70171204e-16
6707.73 5.702301060000001e-16
6710.0172 5.71727452e-16
6712.3043 5.7639195e-16
6714.5914 5.8291167e-16
6716.8786 5.891784680000001e-16
6719.1657 5.94999366e-16
6721.4529 6.0079633e-16
6723.74 6.068062160000001e-16
6726.0272 6.103627540000001e-16
6728.3143 6.075663940000001e-16
6730.6014 6.005233260000001e-16
6732.8886 5.93756408e-16
6735.1757 5.883578300000001e-16
6737.4629 5.8665928e-16
6739.75 5.905608059999999e-16
6742.0372 5.95819428e-16
6744.3243 5.982680780000001e-16
6746.6114 5.99014236e-16
6748.8986 6.008129500000001e-16
6751.1857 6.048656380000001e-16
6753.4729 6.095994200000001e-16
6755.76 6.1274753e-16
6758.0472 6.139526060000001e-16
6760.3343 6.12589252e-16
6762.6214 6.078738260000001e-16
6764.9086 6.026353300000001e-16
6767.1957 6.0049545e-16
6769.4829 6.00160046e-16
6771.77 5.985997360000001e-16
6774.0571 5.9642203e-16
6776.3443 5.943829600000001e-16
6778.6314 5.90154426e-16
6780.9186 5.83250976e-16
6783.2057 5.768392080000001e-16
6785.4929 5.726355760000001e-16
6787.78 5.69598158e-16
6790.0671 5.676456260000001e-16
6792.3543 5.68932376e-16
6794.6414 5.742204460000001e-16
6796.9286 5.80279166e-16
6799.2157 5.84290256e-16
6801.5029 5.87317204e-16
6803.79 5.891032400000001e-16
6806.0771 5.859771e-16
6808.3643 5.79021776e-16
6810.6514 5.752163560000001e-16
6812.9386 5.753836160000002e-16
6815.2257 5.72895606e-16
6817.5129 5.67313956e-16
6819.8 5.6388194e-16
6822.0871 5.60971532e-16
6824.3743 5.55025126e-16
6826.6614 5.511299860000001e-16
6828.9486 5.54486376e-16
6831.2357 5.610685220000001e-16
6833.5229 5.655295800000001e-16
6835.81 5.685817660000001e-16
6838.0971 5.71638104e-16
6840.3843 5.72769984e-16
6842.6714 5.71311968e-16
6844.9586 5.69307756e-16
6847.2457 5.67287266e-16
6849.5329 5.642652339999999e-16
6851.82 5.60360846e-16
6854.1071 5.56340608e-16
6856.3943 5.525567980000001e-16
6858.6814 5.48397778e-16
6860.9686 5.432964520000001e-16
6863.2557 5.396645080000001e-16
6865.5429 5.39072072e-16
6867.83 5.36111864e-16
6870.1171 5.2725449e-16
6872.4043 5.18188748e-16
6874.6914 5.13052114e-16
6876.9786 5.12572138e-16
6879.2657 5.205979740000001e-16
6881.5529 5.35700102e-16
6883.84 5.484924940000001e-16
6886.1271 5.529081860000001e-16
6888.4143 5.488978140000001e-16
6890.7014 5.405807960000001e-16
6892.9886 5.335696900000001e-16
6895.2757 5.2849977000000005e-16
6897.5629 5.239196380000001e-16
6899.85 5.207600180000001e-16
6902.1371 5.1921792e-16
6904.4243 5.20327924e-16
6906.7114 5.25510288e-16
6908.9986 5.314552520000001e-16
6911.2857 5.33904864e-16
6913.5729 5.323787680000001e-16
6915.86 5.29997118e-16
6918.1471 5.320555280000001e-16
6920.4343 5.387074300000001e-16
6922.7214 5.444493620000001e-16
6925.0086 5.47907486e-16
6927.2957 5.490470620000001e-16
6929.5829 5.4407739e-16
6931.87 5.35171682e-16
6934.1571 5.308891280000001e-16
6936.4443 5.323101660000001e-16
6938.7314 5.32902886e-16
6941.0186 5.30711796e-16
6943.3057 5.28867192e-16
6945.5929 5.268732e-16
6947.88 5.2196583e-16
6950.1671 5.165868820000001e-16
6952.4543 5.1524591e-16
6954.7414 5.169901820000001e-16
6957.0286 5.1817e-16
6959.3157 5.199156e-16
6961.6029 5.25835172e-16
6963.89 5.3343095e-16
6966.1771 5.369171900000001e-16
6968.4643 5.357221440000001e-16
6970.7514 5.30735278e-16
6973.0386 5.208564460000001e-16
6975.3257 5.09127838e-16
6977.6129 5.01540212e-16
6979.9 4.99767774e-16
6982.1871 5.008682180000001e-16
6984.4743 5.00798418e-16
6986.7614 4.980208160000001e-16
6989.0486 4.9408931e-16
6991.3357 4.90274766e-16
6993.6229 4.87667064e-16
6995.91 4.87688176e-16
6998.1971 4.894386120000001e-16
7000.4843 4.91352848e-16
7002.7714 4.939043280000001e-16
7005.0586 4.97811742e-16
7007.3457 5.028575400000001e-16
7009.6329 5.083024340000001e-16
7011.92 5.118237600000001e-16
7014.2071 5.09766852e-16
7016.4943 5.01619634e-16
7018.7814 4.913392339999999e-16
7021.0686 4.82262932e-16
7023.3557 4.75955536e-16
7025.6429 4.74246474e-16
7027.93 4.762903820000001e-16
7030.2171 4.782979479999999e-16
7032.5043 4.78463326e-16
7034.7914 4.776764480000001e-16
7037.0786 4.776329240000001e-16
7039.3657 4.797162020000001e-16
7041.6529 4.83658192e-16
7043.94 4.88300558e-16
7046.2271 4.9289144e-16
7048.5143 4.974781280000001e-16
7050.8014 5.02577662e-16
7053.0886 5.063284040000001e-16
7055.3757 5.056716000000001e-16
7057.6629 5.01735306e-16
7059.95 4.971293860000001e-16
7062.2371 4.9175436e-16
7064.5243 4.869988160000002e-16
7066.8114 4.854837820000001e-16
7069.0986 4.856378980000001e-16
7071.3857 4.84636348e-16
7073.6729 4.826879700000001e-16
7075.96 4.80715e-16
7078.2471 4.79626788e-16
7080.5343 4.8128922e-16
7082.8214 4.85348546e-16
7085.1086 4.88389684e-16
7087.3957 4.89757936e-16
7089.6828 4.922416879999999e-16
7091.97 4.9455615e-16
7094.2571 4.925621800000001e-16
7096.5443 4.87914948e-16
7098.8314 4.843989980000001e-16
7101.1186 4.80598184e-16
7103.4057 4.75669492e-16
7105.6928 4.74387622e-16
7107.98 4.795000600000001e-16
7110.2671 4.845931660000001e-16
7112.5543 4.81909872e-16
7114.8414 4.74412772e-16
7117.1286 4.69222172e-16
7119.4157 4.66633544e-16
7121.7028 4.67171106e-16
7123.99 4.72935556e-16
7126.2771 4.786355780000001e-16
7128.5643 4.79433266e-16
7130.8514 4.779511460000001e-16
7133.1386 4.76044874e-16
7135.4257 4.745349380000001e-16
7137.7128 4.747742960000001e-16
7140.0 4.738464140000001e-16
7142.2871 4.69401592e-16
7144.5743 4.635851580000001e-16
7146.8614 4.570334320000001e-16
7149.1486 4.503955380000001e-16
7151.4357 4.473667380000001e-16
7153.7228 4.48563394e-16
7156.01 4.52187998e-16
7158.2971 4.5767007e-16
7160.5843 4.61049876e-16
7162.8714 4.58518016e-16
7165.1586 4.531622660000001e-16
7167.4457 4.47029478e-16
7169.7328 4.3898496000000003e-16
7172.02 4.3391046799999996e-16
7174.3071 4.3607329200000004e-16
7176.5943 4.3939044e-16
7178.8814 4.38540354e-16
7181.1686 4.3606679800000005e-16
7183.4557 4.32531072e-16
7185.7428 4.26119104e-16
7188.03 4.19690014e-16
7190.3171 4.15481942e-16
7192.6043 4.1188360200000003e-16
7194.8914 4.0921737400000003e-16
7197.1786 4.07746162e-16
7199.4657 4.054732e-16
7201.7528 4.0395289800000007e-16
7204.04 4.0680411e-16
7206.3271 4.12832872e-16
7208.6143 4.1784512400000005e-16
7210.9014 4.2062901999999997e-16
7213.1886 4.2309777600000004e-16
7215.4757 4.2591325200000005e-16
7217.7628 4.2781674400000004e-16
7220.05 4.2841322800000006e-16
7222.3371 4.2709142800000005e-16
7224.6243 4.2244138000000006e-16
7226.9114 4.15357042e-16
7229.1986 4.08080592e-16
7231.4857 4.0160664800000005e-16
7233.7728 3.96129386e-16
7236.06 3.9067876400000003e-16
7238.3471 3.8421863e-16
7240.6343 3.7796037600000003e-16
7242.9214 3.7345315600000003e-16
7245.2086 3.7128521600000006e-16
7247.4957 3.72387376e-16
7249.7828 3.7653270800000004e-16
7252.07 3.8150755000000006e-16
7254.3571 3.859328680000001e-16
7256.6443 3.8996700400000003e-16
7258.9314 3.9328838e-16
7261.2186 3.94859654e-16
7263.5057 3.9423931600000007e-16
7265.7928 3.9166234600000003e-16
7268.08 3.87107862e-16
7270.3671 3.801925e-16
7272.6543 3.7176024200000005e-16
7274.9414 3.6474471000000003e-16
7277.2286 3.61296164e-16
7279.5157 3.61062992e-16
7281.8028 3.6368025199999997e-16
7284.09 3.68869922e-16
7286.3771 3.7478534600000004e-16
7288.6643 3.8034750600000003e-16
7290.9514 3.8558539000000006e-16
7293.2386 3.8908450400000006e-16
7295.5257 3.9076520200000005e-16
7297.8128 3.9313717600000005e-16
7300.1 3.96111072e-16
7302.3871 3.9795058800000004e-16
7304.6743 4.00689384e-16
7306.9614 4.061799580000001e-16
7309.2486 4.1101874200000004e-16
7311.5357 4.12388094e-16
7313.8228 4.12512512e-16
7316.11 4.1317885400000003e-16
7318.3971 4.1365430200000003e-16
7320.6843 4.1432599e-16
7322.9714 4.1440023000000005e-16
7325.2586 4.105106160000001e-16
7327.5457 4.01966098e-16
7329.8328 3.9115162800000007e-16
7332.12 3.8192515200000005e-16
7334.4071 3.78837538e-16
7336.6943 3.8089229000000004e-16
7338.9814 3.84013622e-16
7341.2686 3.901929400000001e-16
7343.5557 4.000773960000001e-16
7345.8428 4.08153278e-16
7348.13 4.1455545000000006e-16
7350.4171 4.2249974400000004e-16
7352.7043 4.27287214e-16
7354.9914 4.24626148e-16
7357.2786 4.1848559400000006e-16
7359.5657 4.130713200000001e-16
7361.8528 4.08554156e-16
7364.14 4.0465215600000005e-16
7366.4271 4.0128518000000004e-16
7368.7143 3.9809588400000003e-16
7371.0014 3.9601632000000005e-16
7373.2886 3.9656823400000005e-16
7375.5757 3.9833151000000003e-16
7377.8628 3.9857588799999997e-16
7380.15 3.9898521400000005e-16
7382.4371 4.02489816e-16
7384.7243 4.06676428e-16
7387.0114 4.0910754e-16
7389.2986 4.12166846e-16
7391.5857 4.1624624000000005e-16
7393.8728 4.1884708e-16
7396.16 4.21192282e-16
7398.4471 4.260376320000001e-16
7400.7343 4.31869808e-16
7403.0214 4.3364877200000007e-16
7405.3085 4.2912616e-16
7407.5957 4.23145316e-16
7409.8828 4.2043586000000004e-16
7412.17 4.19812566e-16
7414.4571 4.20656844e-16
7416.7443 4.2272787200000005e-16
7419.0314 4.21715498e-16
7421.3185 4.1670669000000007e-16
7423.6057 4.11365874e-16
7425.8928 4.06170254e-16
7428.18 4.0211043799999997e-16
7430.4671 4.0267059800000004e-16
7432.7543 4.0637911e-16
7435.0414 4.103302160000001e-16
7437.3285 4.1651881199999997e-16
7439.6157 4.25063964e-16
7441.9028 4.312188340000001e-16
7444.19 4.3280586200000007e-16
7446.4771 4.3111533400000007e-16
7448.7643 4.2682651400000004e-16
7451.0514 4.21917628e-16
7453.3385 4.1927304400000003e-16
7455.6257 4.17360284e-16
7457.9128 4.13623184e-16
7460.2 4.1100120000000005e-16
7462.4871 4.1130007800000004e-16
7464.7743 4.09838532e-16
7467.0614 4.054451020000001e-16
7469.3485 4.0334571200000006e-16
7471.6357 4.0397428000000005e-16
7473.9228 4.03284924e-16
7476.21 4.015180480000001e-16
7478.4971 3.99463446e-16
7480.7843 3.9569095800000006e-16
7483.0714 3.92774458e-16
7485.3585 3.93601936e-16
7487.6457 3.9614683200000006e-16
7489.9328 3.99165062e-16
7492.22 4.01588048e-16
7494.5071 3.99974582e-16
7496.7943 3.95597008e-16
7499.0814 3.9323186200000003e-16
7501.3685 3.9382989200000004e-16
7503.6557 3.97234954e-16
7505.9428 4.0298030800000005e-16
7508.23 4.0649987199999996e-16
7510.5171 4.0450647800000004e-16
7512.8043 4.0035876600000006e-16
7515.0914 3.9780903e-16
7517.3785 3.9597483e-16
7519.6657 3.9442236800000003e-16
7521.9528 3.9584879800000004e-16
7524.24 4.0048725800000004e-16
7526.5271 4.050655280000001e-16
7528.8143 4.0761965e-16
7531.1014 4.065991280000001e-16
7533.3885 4.0012165800000004e-16
7535.6757 3.9031095600000007e-16
7537.9628 3.815670120000001e-16
7540.25 3.76497098e-16
7542.5371 3.7705276400000006e-16
7544.8243 3.8280952200000003e-16
7547.1114 3.8947182800000007e-16
7549.3985 3.9399275800000007e-16
7551.6857 3.95850908e-16
7553.9728 3.94656252e-16
7556.26 3.9135137400000007e-16
7558.5471 3.8711417800000004e-16
7560.8343 3.8164977e-16
7563.1214 3.75602808e-16
7565.4085 3.7146602600000004e-16
7567.6957 3.71255662e-16
7569.9828 3.7367204800000005e-16
7572.27 3.7487222600000003e-16
7574.5571 3.7372278600000005e-16
7576.8443 3.7193023999999997e-16
7579.1314 3.6973463800000006e-16
7581.4185 3.679643360000001e-16
7583.7057 3.6939526e-16
7585.9928 3.73622208e-16
7588.28 3.76950016e-16
7590.5671 3.7737055400000003e-16
7592.8543 3.7526389000000005e-16
7595.1414 3.70845226e-16
7597.4285 3.6270927000000006e-16
7599.7157 3.5054841200000003e-16
7602.0028 3.38085298e-16
7604.29 3.29234636e-16
7606.5771 3.2535976400000005e-16
7608.8643 3.2854439200000005e-16
7611.1514 3.4046176200000003e-16
7613.4385 3.588039940000001e-16
7615.7257 3.80618184e-16
7618.0128 4.0180789400000003e-16
7620.3 4.1364198000000004e-16
7622.5871 4.1152313600000003e-16
7624.8743 3.99218744e-16
7627.1614 3.8058422e-16
7629.4485 3.6069206600000004e-16
7631.7357 3.4853113400000004e-16
7634.0228 3.4717863200000004e-16
7636.31 3.5142148400000006e-16
7638.5971 3.56275832e-16
7640.8843 3.5917648799999995e-16
7643.1714 3.5926018600000003e-16
7645.4585 3.5875411600000003e-16
7647.7457 3.60500066e-16
7650.0328 3.63469722e-16
7652.32 3.6498591800000005e-16
7654.6071 3.65909836e-16
7656.8943 3.672988e-16
7659.1814 3.66869414e-16
7661.4685 3.6428093200000004e-16
7663.7557 3.61673232e-16
7666.0428 3.5841515400000003e-16
7668.33 3.5326810400000005e-16
7670.6171 3.47800922e-16
7672.9043 3.4386003800000003e-16
7675.1914 3.42239328e-16
7677.4785 3.43163068e-16
7679.7657 3.457320080000001e-16
7682.0528 3.4896826600000006e-16
7684.34 3.5226804000000006e-16
7686.6271 3.5424417400000003e-16
7688.9143 3.5364388400000003e-16
7691.2014 3.50123012e-16
7693.4885 3.45124606e-16
7695.7757 3.42654356e-16
7698.0628 3.4307485800000004e-16
7700.35 3.4097058e-16
7702.6371 3.3683664400000006e-16
7704.9243 3.36547052e-16
7707.2114 3.3626797200000005e-16
7709.4985 3.2968138e-16
7711.7857 3.2270848200000004e-16
7714.0728 3.20282884e-16
7716.36 3.1725541000000004e-16
7718.6471 3.13539314e-16
7720.9342 3.15081252e-16
7723.2214 3.2045532800000005e-16
7725.5085 3.23726288e-16
7727.7957 3.22787226e-16
7730.0828 3.1804863e-16
7732.37 3.11673898e-16
7734.6571 3.08303198e-16
7736.9442 3.0992440600000003e-16
7739.2314 3.12568494e-16
7741.5185 3.1291378800000006e-16
7743.8057 3.12037324e-16
7746.0928 3.1037989200000004e-16
7748.38 3.08692892e-16
7750.6671 3.0989062800000004e-16
7752.9542 3.1260103800000006e-16
7755.2414 3.1376182600000003e-16
7757.5285 3.1512783400000003e-16
7759.8157 3.1699937200000003e-16
7762.1028 3.1749376400000005e-16
7764.39 3.1859710600000004e-16
7766.6771 3.20317166e-16
7768.9642 3.1849617600000007e-16
7771.2514 3.1305787400000007e-16
7773.5385 3.0676260200000004e-16
7775.8257 3.0036966600000007e-16
7778.1128 2.9451504600000003e-16
7780.4 2.8933102800000003e-16
7782.6871 2.85131682e-16
7784.9742 2.8478001600000003e-16
7787.2614 2.89089772e-16
7789.5485 2.9548325800000004e-16
7791.8357 3.02798254e-16
7794.1228 3.0947701200000004e-16
7796.41 3.12001024e-16
7798.6971 3.1091652800000003e-16
7800.9842 3.11131828e-16
7803.2714 3.1426003600000007e-16
7805.5585 3.1706045400000006e-16
7807.8457 3.18123254e-16
7810.1328 3.19823826e-16
7812.42 3.21695226e-16
7814.7071 3.19846198e-16
7816.9942 3.1403192e-16
7819.2814 3.06215624e-16
7821.5685 2.96404792e-16
7823.8557 2.8666326600000003e-16
7826.1428 2.8075106600000005e-16
7828.43 2.7892897200000006e-16
7830.7171 2.80221636e-16
7833.0042 2.8417297000000005e-16
7835.2914 2.8730584e-16
7837.5785 2.86428452e-16
7839.8657 2.85249364e-16
7842.1528 2.8914826200000003e-16
7844.44 2.9570149000000003e-16
7846.7271 2.99928848e-16
7849.0142 3.03220358e-16
7851.3014 3.0684755600000006e-16
7853.5885 3.0778654400000003e-16
7855.8757 3.0690546600000004e-16
7858.1628 3.07369336e-16
7860.45 3.0729011000000004e-16
7862.7371 3.03633096e-16
7865.0242 2.96329862e-16
7867.3114 2.8713368800000003e-16
7869.5985 2.7938829800000006e-16
7871.8857 2.7580101800000004e-16
7874.1728 2.7615106600000004e-16
7876.46 2.7888617800000004e-16
7878.7471 2.8198587000000003e-16
7881.0342 2.8314499e-16
7883.3214 2.81737542e-16
7885.6085 2.78802488e-16
7887.8957 2.75487388e-16
7890.1828 2.7322834600000003e-16
7892.47 2.72741708e-16
7894.7571 2.7248298600000007e-16
7897.0442 2.72101148e-16
7899.3314 2.7392200400000004e-16
7901.6185 2.7724810400000004e-16
7903.9057 2.79243132e-16
7906.1928 2.82287146e-16
7908.48 2.8963542000000004e-16
7910.7671 2.9763507200000003e-16
7913.0542 3.0212605200000005e-16
7915.3414 3.0262863200000004e-16
7917.6285 2.9700012600000004e-16
7919.9157 2.86105966e-16
7922.2028 2.772073e-16
7924.49 2.7385238600000004e-16
7926.7771 2.7524718000000005e-16
7929.0642 2.8135884200000005e-16
7931.3514 2.8776630200000005e-16
7933.6385 2.8838585e-16
7935.9257 2.84354024e-16
7938.2128 2.7947721e-16
7940.5 2.7485395000000005e-16
7942.7871 2.7102489e-16
7945.0742 2.6787320800000003e-16
7947.3614 2.6471500200000004e-16
7949.6485 2.6252335600000003e-16
7951.9357 2.6287094200000004e-16
7954.2228 2.6578974400000005e-16
7956.51 2.7060037800000004e-16
7958.7971 2.76036264e-16
7961.0842 2.79436084e-16
7963.3714 2.80123946e-16
7965.6585 2.8074289600000004e-16
7967.9457 2.8193253600000003e-16
7970.2328 2.8233469000000004e-16
7972.52 2.8279646000000003e-16
7974.8071 2.8337506600000005e-16
7977.0942 2.8319586e-16
7979.3814 2.8488183800000003e-16
7981.6685 2.9026626000000006e-16
7983.9557 2.9726538000000004e-16
7986.2428 3.04120034e-16
7988.53 3.0851191e-16
7990.8171 3.06537268e-16
7993.1042 2.98653422e-16
7995.3914 2.9065083e-16
7997.6785 2.86460904e-16
7999.9657 2.85138798e-16
8002.2528 2.8507734400000005e-16
8004.54 2.85655228e-16
8006.8271 2.8461388200000003e-16
8009.1142 2.7966410200000003e-16
8011.4014 2.7271318800000003e-16
8013.6885 2.68265552e-16
8015.9757 2.6896803e-16
8018.2628 2.7516989e-16
8020.55 2.8542379600000004e-16
8022.8371 2.95727432e-16
8025.1242 3.0269971e-16
8027.4114 3.0670108200000003e-16
8029.6985 3.0725284200000003e-16
8031.9857 3.0202851800000003e-16
8034.2728 2.93804344e-16
8036.5599 2.87590184e-16
8038.8471 2.8292753200000003e-16
8041.1342 2.78903924e-16
8043.4214 2.78191222e-16
8045.7085 2.80540274e-16
8047.9957 2.8263195400000004e-16
8050.2828 2.8411067800000003e-16
8052.5699 2.8674677600000003e-16
8054.8571 2.9128465e-16
8057.1442 2.96482938e-16
8059.4314 2.99942746e-16
8061.7185 3.01725964e-16
8064.0057 3.0304617e-16
8066.2928 3.01515302e-16
8068.5799 2.96012874e-16
8070.8671 2.91091958e-16
8073.1542 2.88615914e-16
8075.4414 2.8534862600000006e-16
8077.7285 2.8231331000000004e-16
8080.0157 2.8370762800000007e-16
8082.3028 2.8829648400000004e-16
8084.5899 2.9293603800000007e-16
8086.8771 2.9839036600000006e-16
8089.1642 3.0524985800000007e-16
8091.4514 3.1116833200000003e-16
8093.7385 3.1394623000000004e-16
8096.0257 3.1362092e-16
8098.3128 3.1179826000000003e-16
8100.5999 3.09694062e-16
8102.8871 3.07301674e-16
8105.1742 3.03223264e-16
8107.4614 2.9497297200000004e-16
8109.7485 2.8348854799999997e-16
8112.0357 2.73679756e-16
8114.3228 2.6724921600000007e-16
8116.6099 2.63341436e-16
8118.8971 2.63030222e-16
8121.1842 2.64810166e-16
8123.4714 2.6481710000000006e-16
8125.7585 2.63662816e-16
8128.0457 2.64312248e-16
8130.3328 2.66843578e-16
8132.6199 2.6853739800000006e-16
8134.9071 2.66698988e-16
8137.1942 2.6187467800000006e-16
8139.4814 2.5665167600000005e-16
8141.7685 2.5294718e-16
8144.0557 2.5257102200000003e-16
8146.3428 2.5571765400000005e-16
8148.6299 2.596e-16
8150.9171 2.6184412000000003e-16
8153.2042 2.62372308e-16
8155.4914 2.62446726e-16
8157.7785 2.6262855e-16
8160.0657 2.61030958e-16
8162.3528 2.5776846800000003e-16
8164.6399 2.56830262e-16
8166.9271 2.5788247e-16
8169.2142 2.5682382200000004e-16
8171.5014 2.5574414000000003e-16
8173.7885 2.58144606e-16
8176.0757 2.59805256e-16
8178.3628 2.5760488200000003e-16
8180.6499 2.5719928e-16
8182.9371 2.622892840000001e-16
8185.2242 2.6730420400000004e-16
8187.5114 2.6768406000000005e-16
8189.7985 2.6681318e-16
8192.0857 2.6703826e-16
8194.3728 2.6532822000000004e-16
8196.6599 2.6164329600000006e-16
8198.9471 2.5928349600000003e-16
8201.2342 2.5783811000000006e-16
8203.5214 2.5605429600000002e-16
8205.8085 2.55488414e-16
8208.0957 2.56651794e-16
8210.3828 2.58667356e-16
8212.6699 2.6099156000000004e-16
8214.9571 2.6200652000000003e-16
8217.2442 2.6055753200000003e-16
8219.5314 2.5752153400000004e-16
8221.8185 2.5315265800000006e-16
8224.1057 2.4768017800000004e-16
8226.3928 2.4307639e-16
8228.6799 2.40502706e-16
8230.9671 2.4012515e-16
8233.2542 2.42062264e-16
8235.5414 2.44396804e-16
8237.8285 2.4651416800000003e-16
8240.1157 2.5158171400000005e-16
8242.4028 2.58613472e-16
8244.6899 2.62726804e-16
8246.9771 2.6429607200000003e-16
8249.2642 2.6429959200000004e-16
8251.5514 2.59237966e-16
8253.8385 2.50299806e-16
8256.1257 2.44548476e-16
8258.4128 2.44395774e-16
8260.6999 2.46331088e-16
8262.9871 2.4751892200000006e-16
8265.2742 2.4710316199999997e-16
8267.5614 2.44276022e-16
8269.8485 2.39344732e-16
8272.1357 2.34096362e-16
8274.4228 2.28914276e-16
8276.7099 2.2460454200000005e-16
8278.9971 2.2557078200000003e-16
8281.2842 2.3270361200000004e-16
8283.5714 2.4017159199999997e-16
8285.8585 2.4515439200000004e-16
8288.1457 2.48406876e-16
8290.4328 2.48661334e-16
8292.7199 2.48407012e-16
8295.0071 2.5262723199999997e-16
8297.2942 2.59500208e-16
8299.5814 2.65953188e-16
8301.8685 2.7187308e-16
8304.1557 2.7379936000000005e-16
8306.4428 2.6985798000000003e-16
8308.7299 2.6406758400000004e-16
8311.0171 2.5758189000000004e-16
8313.3042 2.4964127800000003e-16
8315.5914 2.4339843e-16
8317.8785 2.39238202e-16
8320.1657 2.34446952e-16
8322.4528 2.3145715000000004e-16
8324.7399 2.3234368800000003e-16
8327.0271 2.3354802200000007e-16
8329.3142 2.34787888e-16
8331.6014 2.3902503200000006e-16
8333.8885 2.4377237200000007e-16
8336.1757 2.4448055800000004e-16
8338.4628 2.41249494e-16
8340.7499 2.37122312e-16
8343.0371 2.34898296e-16
8345.3242 2.3616683000000003e-16
8347.6114 2.4036245000000003e-16
8349.8985 2.44736768e-16
8352.1856 2.47268842e-16
8354.4728 2.48826088e-16
8356.7599 2.49648286e-16
8359.0471 2.4795961600000003e-16
8361.3342 2.44881986e-16
8363.6214 2.43233328e-16
8365.9085 2.41855244e-16
8368.1956 2.38906222e-16
8370.4828 2.36574594e-16
8372.7699 2.36690864e-16
8375.0571 2.37468284e-16
8377.3442 2.37659144e-16
8379.6314 2.3842318400000004e-16
8381.9185 2.40224874e-16
8384.2056 2.4180828200000003e-16
8386.4928 2.42516688e-16
8388.7799 2.43637294e-16
8391.0671 2.46602768e-16
8393.3542 2.51394298e-16
8395.6414 2.5730629400000004e-16
8397.9285 2.62577894e-16
8400.2156 2.64672532e-16
8402.5028 2.6349194799999997e-16
8404.7899 2.60369998e-16
8407.0771 2.54719532e-16
8409.3642 2.4744824800000004e-16
8411.6514 2.4250686e-16
8413.9385 2.4091297400000004e-16
8416.2256 2.4085505200000003e-16
8418.5128 2.4377604e-16
8420.7999 2.5247728000000006e-16
8423.0871 2.64108e-16
8425.3742 2.7225464000000004e-16
8427.6614 2.7548093400000005e-16
8429.9485 2.7637001800000005e-16
8432.2356 2.75048158e-16
8434.5228 2.7180716200000003e-16
8436.8099 2.7022752200000005e-16
8439.0971 2.71435296e-16
8441.3842 2.71463344e-16
8443.6714 2.6676904e-16
8445.9585 2.5854377800000003e-16
8448.2456 2.5031830200000004e-16
8450.5328 2.4375508000000004e-16
8452.8199 2.3970874200000007e-16
8455.1071 2.3975105800000007e-16
8457.3942 2.4272435200000007e-16
8459.6814 2.44098642e-16
8461.9685 2.41423814e-16
8464.2556 2.36835376e-16
8466.5428 2.33069684e-16
8468.8299 2.308397260000001e-16
8471.1171 2.31711016e-16
8473.4042 2.38827698e-16
8475.6914 2.5044113200000007e-16
8477.9785 2.5809050000000003e-16
8480.2656 2.5811565200000003e-16
8482.5528 2.5643705800000003e-16
8484.8399 2.5552629800000007e-16
8487.1271 2.5193438400000006e-16
8489.4142 2.48722046e-16
8491.7014 2.50688968e-16
8493.9885 2.5359127800000007e-16
8496.2756 2.535361860000001e-16
8498.5628 2.5320473800000005e-16
8500.8499 2.5332427600000003e-16
8503.1371 2.5215401000000003e-16
8505.4242 2.50154344e-16
8507.7114 2.4733449e-16
8509.9985 2.43130484e-16
8512.2856 2.3915397600000004e-16
8514.5728 2.3616682800000004e-16
8516.8599 2.3347959999999997e-16
8519.1471 2.32146702e-16
8521.4342 2.32205308e-16
8523.7214 2.3145731e-16
8526.0085 2.3006000000000003e-16
8528.2956 2.2903659800000005e-16
8530.5828 2.27131912e-16
8532.8699 2.2509542000000004e-16
8535.1571 2.2622471400000002e-16
8537.4442 2.3029546e-16
8539.7314 2.3378506e-16
8542.0185 2.3608016400000003e-16
8544.3056 2.4022748e-16
8546.5928 2.4682580800000003e-16
8548.8799 2.52500366e-16
8551.1671 2.55682118e-16
8553.4542 2.5687894000000004e-16
8555.7414 2.5445209600000006e-16
8558.0285 2.47532128e-16
8560.3156 2.39609654e-16
8562.6028 2.3446712e-16
8564.8899 2.32395774e-16
8567.1771 2.32004706e-16
8569.4642 2.3209627400000002e-16
8571.7514 2.31315438e-16
8574.0385 2.2963527e-16
8576.3256 2.29144062e-16
8578.6128 2.29656404e-16
8580.8999 2.28603966e-16
8583.1871 2.2653195400000003e-16
8585.4742 2.2484807800000006e-16
8587.7614 2.22549676e-16
8590.0485 2.2069122600000006e-16
8592.3356 2.2136561800000005e-16
8594.6228 2.23281016e-16
8596.9099 2.2604726200000003e-16
8599.1971 2.3028373800000004e-16
8601.4842 2.3125129600000004e-16
8603.7714 2.26121282e-16
8606.0585 2.2175614000000003e-16
8608.3456 2.2156377200000002e-16
8610.6328 2.19697736e-16
8612.9199 2.1659312600000003e-16
8615.2071 2.1872173800000002e-16
8617.4942 2.22651776e-16
8619.7814 2.2069321200000002e-16
8622.0685 2.1631823e-16
8624.3556 2.1769636000000003e-16
8626.6428 2.2318553200000004e-16
8628.9299 2.2565370599999997e-16
8631.2171 2.25250982e-16
8633.5042 2.2559166000000003e-16
8635.7914 2.2415129400000005e-16
8638.0785 2.1882852e-16
8640.3656 2.1519730800000003e-16
8642.6528 2.17501748e-16
8644.9399 2.2109028200000005e-16
8647.2271 2.2050604000000003e-16
8649.5142 2.17657306e-16
8651.8014 2.1568370400000004e-16
8654.0885 2.12831492e-16
8656.3756 2.0888688400000003e-16
8658.6628 2.07624554e-16
8660.9499 2.0906759600000002e-16
8663.2371 2.09248628e-16
8665.5242 2.0734530000000001e-16
8667.8113 2.0613104000000002e-16
8670.0985 2.0685264200000003e-16
8672.3856 2.07595088e-16
8674.6728 2.0765937600000001e-16
8676.9599 2.0978481200000004e-16
8679.2471 2.1423205000000003e-16
8681.5342 2.1696199e-16
8683.8213 2.1645765800000003e-16
8686.1085 2.13536866e-16
8688.3956 2.0737552600000002e-16
8690.6828 1.99584246e-16
8692.9699 1.9390689000000005e-16
8695.2571 1.90347934e-16
8697.5442 1.88490894e-16
8699.8313 1.89824564e-16
8702.1185 1.9240476199999998e-16
8704.4056 1.9374956200000001e-16
8706.6928 1.9624211400000003e-16
8708.9799 2.0141471800000003e-16
8711.2671 2.0625228800000002e-16
8713.5542 2.0892414400000002e-16
8715.8413 2.10615418e-16
8718.1285 2.1153164800000002e-16
8720.4156 2.10324062e-16
8722.7028 2.0679524600000004e-16
8724.9899 2.0314309000000002e-16
8727.2771 2.01791242e-16
8729.5642 2.0282438400000001e-16
8731.8513 2.0524013200000002e-16
8734.1385 2.0807549800000005e-16
8736.4256 2.0988793000000005e-16
8738.7128 2.1106108200000001e-16
8740.9999 2.1361671800000002e-16
8743.2871 2.17359284e-16
8745.5742 2.20878886e-16
8747.8613 2.23140258e-16
8750.1485 2.2117158800000002e-16
8752.4356 2.11737368e-16
8754.7228 1.9930886400000002e-16
8757.0099 1.9571504200000002e-16
8759.2971 2.0381756400000003e-16
8761.5842 2.1386926800000003e-16
8763.8713 2.21745054e-16
8766.1585 2.28631018e-16
8768.4456 2.27903866e-16
8770.7328 2.1703902600000002e-16
8773.0199 2.05356478e-16
8775.3071 1.9755146800000004e-16
8777.5942 1.91939298e-16
8779.8813 1.90333302e-16
8782.1685 1.9368618000000002e-16
8784.4556 1.9996881200000003e-16
8786.7428 2.0866622200000003e-16
8789.0299 2.1735902600000002e-16
8791.3171 2.2041509200000003e-16
8793.6042 2.1665557800000002e-16
8795.8913 2.1106988599999999e-16
8798.1785 2.0755159600000002e-16
8800.4656 2.05980452e-16
8802.7528 2.0570197800000002e-16
8805.0399 2.05671798e-16
8807.3271 2.0380455e-16
8809.6142 2.0128866e-16
8811.9013 2.0086905400000003e-16
8814.1885 2.0139852600000002e-16
8816.4756 2.0205160600000003e-16
8818.7628 2.0396173400000003e-16
8821.0499 2.0606034200000002e-16
8823.3371 2.09112454e-16
8825.6242 2.1626512600000002e-16
8827.9113 2.2619189200000003e-16
8830.1985 2.3409012000000005e-16
8832.4856 2.3526616e-16
8834.7728 2.2812372400000005e-16
8837.0599 2.17573772e-16
8839.3471 2.0778265200000003e-16
8841.6342 1.97577066e-16
8843.9213 1.8994101600000002e-16
8846.2085 1.89188798e-16
8848.4956 1.8978990000000002e-16
8850.7828 1.8655142800000002e-16
8853.0699 1.8443444600000003e-16
8855.3571 1.8592777200000002e-16
8857.6442 1.8620127600000003e-16
8859.9313 1.8540603599999998e-16
8862.2185 1.8931015e-16
8864.5056 1.98313562e-16
8866.7928 2.06587564e-16
8869.0799 2.1052554000000003e-16
8871.3671 2.1183234600000002e-16
8873.6542 2.1208258400000002e-16
8875.9413 2.1054850599999998e-16
8878.2285 2.0847913400000003e-16
8880.5156 2.07740544e-16
8882.8028 2.0767326200000005e-16
8885.0899 2.0902177800000003e-16
8887.3771 2.1251589600000002e-16
8889.6642 2.1430021999999999e-16
8891.9513 2.12526126e-16
8894.2385 2.0989343e-16
8896.5256 2.0462931200000002e-16
8898.8128 1.9314468000000001e-16
8901.0999 1.8212038600000001e-16
8903.3871 1.81422414e-16
8905.6742 1.8749565000000003e-16
8907.9613 1.9123805e-16
8910.2485 1.9542034400000002e-16
8912.5356 2.0456668000000002e-16
8914.8228 2.0989650399999999e-16
8917.1099 2.04459574e-16
8919.3971 1.94585546e-16
8921.6842 1.8405094e-16
8923.9713 1.7109398200000002e-16
8926.2585 1.6059021600000002e-16
8928.5456 1.57962586e-16
8930.8328 1.6103943200000002e-16
8933.1199 1.6649729400000002e-16
8935.4071 1.7134984000000002e-16
8937.6942 1.7187607400000002e-16
8939.9813 1.6901602200000002e-16
8942.2685 1.66361718e-16
8944.5556 1.6460220200000004e-16
8946.8428 1.64148748e-16
8949.1299 1.65215494e-16
8951.4171 1.64574694e-16
8953.7042 1.6091262e-16
8955.9913 1.57860658e-16
8958.2785 1.5706424e-16
8960.5656 1.58409646e-16
8962.8528 1.6419484e-16
8965.1399 1.7368008800000001e-16
8967.4271 1.8191056200000002e-16
8969.7142 1.86584994e-16
8972.0013 1.88237052e-16
8974.2885 1.87827652e-16
8976.5756 1.87765438e-16
8978.8628 1.8947818800000002e-16
8981.1499 1.8981190800000003e-16
8983.437 1.8476010600000002e-16
8985.7242 1.7519496e-16
8988.0113 1.6402340200000002e-16
8990.2985 1.52273328e-16
8992.5856 1.42354416e-16
8994.8728 1.3777021800000001e-16
8997.1599 1.3778258000000002e-16
8999.447 1.3850933200000002e-16
9001.7342 1.38099438e-16
9004.0213 1.3814756800000002e-16
9006.3085 1.40071532e-16
9008.5956 1.4143555200000001e-16
9010.8828 1.4180906e-16
9013.1699 1.4761535400000002e-16
9015.457 1.5970202000000002e-16
9017.7442 1.6833029800000002e-16
9020.0313 1.7062498400000002e-16
9022.3185 1.7222514600000002e-16
9024.6056 1.71126386e-16
9026.8928 1.64138092e-16
9029.1799 1.5909552600000002e-16
9031.467 1.6229676400000002e-16
9033.7542 1.68434264e-16
9036.0413 1.7086970000000003e-16
9038.3285 1.7018050200000003e-16
9040.6156 1.6981478800000003e-16
9042.9028 1.7015993200000002e-16
9045.1899 1.7068103e-16
9047.477 1.7179187200000002e-16
9049.7642 1.71679836e-16
9052.0513 1.6928557000000002e-16
9054.3385 1.6727412600000002e-16
9056.6256 1.66132362e-16
9058.9128 1.6453374e-16
9061.1999 1.64306362e-16
9063.487 1.65601018e-16
9065.7742 1.6538591800000002e-16
9068.0613 1.6377710600000002e-16
9070.3485 1.61569388e-16
9072.6356 1.5730716600000002e-16
9074.9228 1.5287229800000002e-16
9077.2099 1.5111876e-16
9079.497 1.50496806e-16
9081.7842 1.5061020200000002e-16
9084.0713 1.5301363800000002e-16
9086.3585 1.5446047000000001e-16
9088.6456 1.5102172800000003e-16
9090.9328 1.4504864200000002e-16
9093.2199 1.40543488e-16
9095.507 1.3807565800000002e-16
9097.7942 1.3721418800000003e-16
9100.0813 1.3843750000000002e-16
9102.3685 1.41591624e-16
9104.6556 1.45254298e-16
9106.9428 1.48143692e-16
9109.2299 1.50244572e-16
9111.517 1.52230786e-16
9113.8042 1.5369489200000003e-16
9116.0913 1.53660514e-16
9118.3785 1.53348568e-16
9120.6656 1.544787e-16
9122.9528 1.5543290400000002e-16
9125.2399 1.5437716600000002e-16
9127.527 1.52904024e-16
9129.8142 1.51752714e-16
9132.1013 1.48862442e-16
9134.3885 1.4453695400000001e-16
9136.6756 1.41740084e-16
9138.9628 1.41062338e-16
9141.2499 1.4100532600000002e-16
9143.537 1.41818468e-16
9145.8242 1.45334598e-16
9148.1113 1.5059992e-16
9150.3985 1.5271463800000003e-16
9152.6856 1.50213836e-16
9154.9728 1.4789999200000001e-16
9157.2599 1.4705363200000002e-16
9159.547 1.4413416200000002e-16
9161.8342 1.41208964e-16
9164.1213 1.4239601200000002e-16
9166.4085 1.4436339e-16
9168.6956 1.4372049e-16
9170.9828 1.44054358e-16
9173.2699 1.4791989000000002e-16
9175.557 1.50804582e-16
9177.8442 1.47749428e-16
9180.1313 1.42413566e-16
9182.4185 1.4191968800000001e-16
9184.7056 1.44239628e-16
9186.9928 1.4429247000000002e-16
9189.2799 1.45581804e-16
9191.567 1.4964908200000003e-16
9193.8542 1.49088758e-16
9196.1413 1.42623276e-16
9198.4285 1.3818859800000002e-16
9200.7156 1.37852876e-16
9203.0028 1.3660548400000002e-16
9205.2899 1.3378142599999999e-16
9207.577 1.3326291400000002e-16
9209.8642 1.35027532e-16
9212.1513 1.3532195800000003e-16
9214.4385 1.33453796e-16
9216.7256 1.3129220600000003e-16
9219.0128 1.2915792400000002e-16
9221.2999 1.2786418e-16
9223.587 1.2901308200000003e-16
9225.8742 1.3125348000000003e-16
9228.1613 1.3338104600000001e-16
9230.4485 1.3708919000000002e-16
9232.7356 1.4138765600000001e-16
9235.0228 1.4336869e-16
9237.3099 1.445913e-16
9239.597 1.46860982e-16
9241.8842 1.4611101e-16
9244.1713 1.3893778200000004e-16
9246.4585 1.3095123800000002e-16
9248.7456 1.2956213000000001e-16
9251.0328 1.3185999200000003e-16
9253.3199 1.3163868800000003e-16
9255.607 1.3038222399999998e-16
9257.8942 1.2889097800000002e-16
9260.1813 1.2391879600000001e-16
9262.4685 1.18846466e-16
9264.7556 1.1995439600000002e-16
9267.0428 1.26225374e-16
9269.3299 1.3306445800000003e-16
9271.617 1.37092598e-16
9273.9042 1.3608000800000004e-16
9276.1913 1.3118682200000001e-16
9278.4785 1.2681856000000002e-16
9280.7656 1.2563240600000004e-16
9283.0528 1.2676231000000002e-16
9285.3399 1.29630052e-16
9287.627 1.34897482e-16
9289.9142 1.40203928e-16
9292.2013 1.4142530200000003e-16
9294.4885 1.39322342e-16
9296.7756 1.3785291e-16
9299.0627 1.3749022400000003e-16
9301.3499 1.3718814000000003e-16
9303.637 1.3806870800000001e-16
9305.9242 1.39594008e-16
9308.2113 1.38074254e-16
9310.4985 1.31674442e-16
9312.7856 1.2343050400000003e-16
9315.0727 1.1800599200000002e-16
9317.3599 1.1662849200000002e-16
9319.647 1.17430966e-16
9321.9342 1.1693405000000002e-16
9324.2213 1.104749032e-16
9326.5085 9.88548312e-17
9328.7956 8.81074846e-17
9331.0827 7.84599164e-17
9333.3699 6.878215019999999e-17
9335.657 6.53930122e-17
9337.9442 6.963983380000001e-17
9340.2313 7.3803926e-17
9342.5185 7.7224245e-17
9344.8056 8.54595444e-17
9347.0927 9.51571132e-17
9349.3799 9.76187678e-17
9351.667 9.316508780000001e-17
9353.9542 8.89925324e-17
9356.2413 8.829884860000001e-17
9358.5285 9.181724260000001e-17
9360.8156 9.952982440000002e-17
9363.1027 1.0500673480000002e-16
9365.3899 1.02433562e-16
9367.677 9.46224268e-17
9369.9642 8.40669942e-17
9372.2513 7.2290254e-17
9374.5385 6.866956500000001e-17
9376.8256 7.99899864e-17
9379.1127 9.79643722e-17
9381.3999 1.120336068e-16
9383.687 1.2240130500000001e-16
9385.9742 1.3041429400000003e-16
9388.2613 1.3194370600000002e-16
9390.5485 1.27575926e-16
9392.8356 1.22727258e-16
9395.1227 1.179422686e-16
9397.4099 1.12623886e-16
9399.697 1.0935666400000002e-16
9401.9842 1.0931571200000002e-16
9404.2713 1.12434434e-16
9406.5585 1.178890094e-16
9408.8456 1.23383006e-16
9411.1327 1.3063230400000002e-16
9413.4199 1.41466742e-16
9415.707 1.49146014e-16
9417.9942 1.49542734e-16
9420.2813 1.47479078e-16
9422.5685 1.41862924e-16
9424.8556 1.28001896e-16
9427.1427 1.127786286e-16
9429.4299 1.0453711220000001e-16
9431.717 1.0060739019999999e-16
9434.0042 9.80125922e-17
9436.2913 9.812216020000001e-17
9438.5785 9.897388280000002e-17
9440.8656 9.85338492e-17
9443.1527 9.878206340000002e-17
9445.4399 1.004220554e-16
9447.727 1.035926134e-16
9450.0142 1.094597222e-16
9452.3013 1.1518145820000003e-16
9454.5885 1.16572598e-16
9456.8756 1.1380239800000002e-16
9459.1627 1.0894845000000001e-16
9461.4499 1.0421127000000001e-16
9463.737 1.0136443660000002e-16
9466.0242 1.0001633120000001e-16
9468.3113 1.0051464120000001e-16
9470.5985 1.042874232e-16
9472.8856 1.096914292e-16
9475.1727 1.157305066e-16
9477.4599 1.25931224e-16
9479.747 1.3936391600000002e-16
9482.0342 1.47409722e-16
9484.3213 1.4720256200000003e-16
9486.6085 1.4368560200000002e-16
9488.8956 1.3705376000000002e-16
9491.1827 1.25783374e-16
9493.4699 1.1465683200000002e-16
9495.757 1.062052988e-16
9498.0442 9.82135198e-17
9500.3313 9.214277020000001e-17
9502.6185 9.18047682e-17
9504.9056 9.963943020000001e-17
9507.1927 1.149252314e-16
9509.4799 1.310331924e-16
9511.767 1.41066332e-16
9514.0542 1.4336903000000003e-16
9516.3413 1.3949215e-16
9518.6285 1.34032898e-16
9520.9156 1.3132911600000001e-16
9523.2027 1.3026562e-16
9525.4899 1.27912156e-16
9527.777 1.2309522e-16
9530.0642 1.1711722200000002e-16
9532.3513 1.1391225400000003e-16
9534.6385 1.1466999e-16
9536.9256 1.1740846799999998e-16
9539.2127 1.2248621e-16
9541.4999 1.28648152e-16
9543.787 1.30371904e-16
9546.0742 1.26857008e-16
9548.3613 1.2247260800000003e-16
9550.6485 1.1806706e-16
9552.9356 1.1309074400000002e-16
9555.2227 1.1102999600000002e-16
9557.5099 1.1481765800000002e-16
9559.797 1.21718734e-16
9562.0842 1.26418332e-16
9564.3713 1.2633761999999998e-16
9566.6585 1.2197729399999999e-16
9568.9456 1.1622699599999999e-16
9571.2327 1.1456507e-16
9573.5199 1.18677084e-16
9575.807 1.23432746e-16
9578.0942 1.26208724e-16
9580.3813 1.2733495e-16
9582.6685 1.214168384e-16
9584.9556 1.056965136e-16
9587.2427 9.0800346e-17
9589.5299 8.68021738e-17
9591.817 9.11884138e-17
9594.1042 1.005236914e-16
9596.3913 1.1437097620000002e-16
9598.6785 1.262403018e-16
9600.9656 1.3064531000000002e-16
9603.2527 1.3099929000000001e-16
9605.5399 1.31076114e-16
9607.827 1.32479374e-16
9610.1142 1.36532608e-16
9612.4013 1.4006353800000002e-16
9614.6884 1.3903083800000002e-16
9616.9756 1.3487146600000001e-16
9619.2627 1.3107136800000001e-16
9621.5499 1.288717e-16
9623.837 1.2775125200000002e-16
9626.1242 1.2744213000000002e-16
9628.4113 1.2859643e-16
9630.6984 1.3117014600000001e-16
9632.9856 1.34472414e-16
9635.2727 1.3766115000000002e-16
9637.5599 1.3862640200000002e-16
9639.847 1.36480748e-16
9642.1342 1.3336918e-16
9644.4213 1.30724978e-16
9646.7084 1.28829838e-16
9648.9956 1.28261312e-16
9651.2827 1.2762787200000002e-16
9653.5699 1.2632292400000002e-16
9655.857 1.26805288e-16
9658.1442 1.2787586200000001e-16
9660.4313 1.2600171000000001e-16
9662.7184 1.2267228000000001e-16
9665.0056 1.1929011000000002e-16
9667.2927 1.14665604e-16
9669.5799 1.11536372e-16
9671.867 1.1234094400000002e-16
9674.1542 1.1422068e-16
9676.4413 1.1550550400000003e-16
9678.7284 1.1586867600000003e-16
9681.0156 1.1269206200000003e-16
9683.3027 1.069523548e-16
9685.5899 1.0348035100000001e-16
9687.877 1.0257640500000001e-16
9690.1642 1.01829829e-16
9692.4513 1.0438330300000001e-16
9694.7384 1.1579080420000002e-16
9697.0256 1.31955128e-16
9699.3127 1.4131080200000002e-16
9701.5999 1.4220358600000001e-16
9703.887 1.4156475800000002e-16
9706.1742 1.3844441800000002e-16
9708.4613 1.30698282e-16
9710.7484 1.26259538e-16
9713.0356 1.2896151200000002e-16
9715.3227 1.3175717800000002e-16
9717.6099 1.3172001e-16
9719.897 1.34794212e-16
9722.1842 1.44799454e-16
9724.4713 1.5689115e-16
9726.7584 1.64441724e-16
9729.0456 1.6615604600000001e-16
9731.3327 1.6212014400000001e-16
9733.6199 1.5337013800000002e-16
9735.907 1.4474592e-16
9738.1942 1.3642587800000002e-16
9740.4813 1.255855216e-16
9742.7684 1.1917016140000002e-16
9745.0556 1.2197395540000002e-16
9747.3427 1.2615653940000003e-16
9749.6299 1.303468154e-16
9751.917 1.4056983580000003e-16
9754.2042 1.4985047200000001e-16
9756.4913 1.4760257600000002e-16
9758.7784 1.3856442800000003e-16
9761.0656 1.31507704e-16
9763.3527 1.24571054e-16
9765.6399 1.127005824e-16
9767.927 9.99477718e-17
9770.2142 9.50057734e-17
9772.5013 9.73496874e-17
9774.7884 1.0088546540000001e-16
9777.0756 1.0598300100000001e-16
9779.3627 1.129288956e-16
9781.6499 1.1638554000000002e-16
9783.937 1.1637420600000003e-16
9786.2242 1.1879476400000004e-16
9788.5113 1.25015118e-16
9790.7984 1.3301844800000003e-16
9793.0856 1.4049598800000003e-16
9795.3727 1.4056764200000003e-16
9797.6599 1.2791910779999999e-16
9799.947 1.0938751359999999e-16
9802.2342 9.49592628e-17
9804.5213 8.88668208e-17
9806.8084 9.491540680000001e-17
9809.0956 1.10994053e-16
9811.3827 1.256745792e-16
9813.6699 1.3293901000000003e-16
9815.957 1.3374715600000002e-16
9818.2442 1.28840524e-16
9820.5313 1.23436356e-16
9822.8184 1.2228286400000002e-16
9825.1056 1.22336778e-16
9827.3927 1.2202545200000003e-16
9829.6799 1.2313385800000002e-16
9831.967 1.2440223200000002e-16
9834.2542 1.27454394e-16
9836.5413 1.3768089200000003e-16
9838.8284 1.51420102e-16
9841.1156 1.59885924e-16
9843.4027 1.6437476e-16
9845.6899 1.6864261800000002e-16
9847.977 1.6844425800000001e-16
9850.2642 1.63614896e-16
9852.5513 1.6307603800000001e-16
9854.8384 1.7010775e-16
9857.1256 1.7694570800000001e-16
9859.4127 1.7649821200000002e-16
9861.6999 1.69775522e-16
9863.987 1.59382514e-16
9866.2742 1.4538478400000001e-16
9868.5613 1.30399498e-16
9870.8484 1.170704724e-16
9873.1356 1.0511488520000002e-16
9875.4227 9.954132720000001e-17
9877.7099 1.067060632e-16
9879.997 1.251009612e-16
9882.2842 1.492841388e-16
9884.5713 1.68071252e-16
9886.8584 1.71898032e-16
9889.1456 1.7085015200000002e-16
9891.4327 1.73045394e-16
9893.7199 1.66160224e-16
9896.007 1.53161302e-16
9898.2942 1.52138436e-16
9900.5813 1.53408058e-16
9902.8684 1.4151633600000002e-16
9905.1556 1.3218429200000002e-16
9907.4427 1.37750118e-16
9909.7299 1.4159020800000002e-16
9912.017 1.3197683000000003e-16
9914.3042 1.198839386e-16
9916.5913 1.1542561060000002e-16
9918.8784 1.156643046e-16
9921.1656 1.179887146e-16
9923.4527 1.257025446e-16
9925.7399 1.3795874e-16
9928.027 1.4881512800000002e-16
9930.3141 1.55769036e-16
9932.6013 1.58401772e-16
9934.8884 1.5505629000000003e-16
9937.1756 1.4650815800000003e-16
9939.4627 1.3634028800000002e-16
9941.7499 1.2940484e-16
9944.037 1.2906319400000002e-16
9946.3241 1.31228896e-16
9948.6113 1.3042539800000003e-16
9950.8984 1.2919723e-16
9953.1856 1.27488202e-16
9955.4727 1.1830011600000002e-16
9957.7599 1.0496014340000001e-16
9960.047 9.8031377e-17
9962.3341 9.776275100000001e-17
9964.6213 1.0253075300000001e-16
9966.9084 1.16527149e-16
9969.1956 1.3695789959999999e-16
9971.4827 1.5319108600000003e-16
9973.7699 1.5810748600000002e-16
9976.057 1.5351079800000002e-16
9978.3441 1.4846257600000002e-16
9980.6313 1.47178476e-16
9982.9184 1.4533483600000002e-16
9985.2056 1.4257702e-16
9987.4927 1.40015696e-16
9989.7799 1.3421372000000004e-16
9992.067 1.2786399e-16
9994.3541 1.2653958200000002e-16
9996.6413 1.2765384400000002e-16
9998.9284 1.2899757600000001e-16
