#wls	flux	fluxerr
1.588055E+03	-9.270414E-03	-0.000000E+00
1.627756E+03	-9.307701E-03	-0.000000E+00
1.667457E+03	-9.344268E-03	-0.000000E+00
1.707159E+03	-9.380045E-03	-0.000000E+00
1.746860E+03	-9.414943E-03	-0.000000E+00
1.786561E+03	-9.448885E-03	-0.000000E+00
1.826263E+03	-9.481791E-03	-0.000000E+00
1.865964E+03	-9.513564E-03	-0.000000E+00
1.905666E+03	-9.544129E-03	-0.000000E+00
1.945367E+03	-9.573392E-03	-0.000000E+00
1.985068E+03	-9.601265E-03	-0.000000E+00
2.024770E+03	-9.627655E-03	-0.000000E+00
2.064471E+03	-9.652471E-03	-0.000000E+00
2.104172E+03	-9.675629E-03	-0.000000E+00
2.143874E+03	-9.697041E-03	-0.000000E+00
2.183575E+03	-9.716614E-03	-0.000000E+00
2.223277E+03	-9.734266E-03	-0.000000E+00
2.262978E+03	-9.749925E-03	-0.000000E+00
2.302679E+03	-9.763510E-03	-0.000000E+00
2.342381E+03	-9.774957E-03	-0.000000E+00
2.382082E+03	-9.784209E-03	-0.000000E+00
2.421783E+03	-9.791207E-03	-0.000000E+00
2.461485E+03	-9.795914E-03	-0.000000E+00
2.501186E+03	-9.798299E-03	-0.000000E+00
2.540887E+03	-9.798358E-03	-0.000000E+00
2.580589E+03	-9.796086E-03	-0.000000E+00
2.620290E+03	-9.791500E-03	-0.000000E+00
2.659992E+03	-9.784656E-03	-0.000000E+00
2.699693E+03	-9.775607E-03	-0.000000E+00
2.739394E+03	-9.764452E-03	-0.000000E+00
2.779096E+03	-9.751313E-03	-0.000000E+00
2.818797E+03	-9.736340E-03	-0.000000E+00
2.858498E+03	-9.719720E-03	-0.000000E+00
2.898200E+03	-9.701685E-03	-0.000000E+00
2.937901E+03	-9.682491E-03	-0.000000E+00
2.977602E+03	-9.662454E-03	-0.000000E+00
2.987528E+03	-9.657354E-03	-0.000000E+00
2.997453E+03	-9.652228E-03	-0.000000E+00
3.007378E+03	-9.647083E-03	-0.000000E+00
3.017304E+03	-9.641925E-03	-0.000000E+00
3.027229E+03	-9.636763E-03	-0.000000E+00
3.037155E+03	-9.631605E-03	-0.000000E+00
3.047080E+03	-9.626451E-03	-0.000000E+00
3.057005E+03	-9.621311E-03	-0.000000E+00
3.066931E+03	-9.616198E-03	-0.000000E+00
3.076856E+03	-9.611112E-03	-0.000000E+00
3.086781E+03	-9.606062E-03	-0.000000E+00
3.096707E+03	-9.601062E-03	-0.000000E+00
3.106632E+03	-9.596111E-03	-0.000000E+00
3.116557E+03	-9.591228E-03	-0.000000E+00
3.126483E+03	-9.586413E-03	-0.000000E+00
3.136408E+03	-9.581674E-03	-0.000000E+00
3.146333E+03	-9.577030E-03	-0.000000E+00
3.156259E+03	-9.572481E-03	-0.000000E+00
3.166184E+03	-9.568040E-03	-0.000000E+00
3.176109E+03	-9.563711E-03	-0.000000E+00
3.186035E+03	-9.559513E-03	-0.000000E+00
3.195960E+03	-9.555451E-03	-0.000000E+00
3.205885E+03	-9.551533E-03	-0.000000E+00
3.215811E+03	-9.547773E-03	-0.000000E+00
3.225736E+03	-9.544179E-03	-0.000000E+00
3.235661E+03	-9.540766E-03	-0.000000E+00
3.245587E+03	-9.537538E-03	-0.000000E+00
3.255512E+03	-9.534512E-03	-0.000000E+00
3.265437E+03	-9.531694E-03	-0.000000E+00
3.275363E+03	-9.529102E-03	-0.000000E+00
3.285288E+03	-9.526739E-03	-0.000000E+00
3.295213E+03	-9.524629E-03	-0.000000E+00
3.305139E+03	-9.522771E-03	-0.000000E+00
3.315064E+03	-9.521184E-03	-0.000000E+00
3.324989E+03	-9.519877E-03	-0.000000E+00
3.334915E+03	-9.518862E-03	-0.000000E+00
3.344840E+03	-9.518159E-03	-0.000000E+00
3.354765E+03	-9.517771E-03	-0.000000E+00
3.364691E+03	-9.517712E-03	-0.000000E+00
3.374616E+03	-9.518001E-03	-0.000000E+00
3.384541E+03	-9.518646E-03	-0.000000E+00
3.394467E+03	-9.519660E-03	-0.000000E+00
3.404392E+03	-9.521058E-03	-0.000000E+00
3.414318E+03	-9.522848E-03	-0.000000E+00
3.424243E+03	-9.525048E-03	-0.000000E+00
3.434168E+03	-9.527672E-03	-0.000000E+00
3.444094E+03	-9.530734E-03	-0.000000E+00
3.454019E+03	-9.534242E-03	-0.000000E+00
3.463944E+03	-9.538209E-03	-0.000000E+00
3.473870E+03	-9.542651E-03	-0.000000E+00
3.483795E+03	-9.547583E-03	-0.000000E+00
3.493720E+03	-9.553016E-03	-0.000000E+00
3.503646E+03	-9.558963E-03	-0.000000E+00
3.513571E+03	-9.565442E-03	-0.000000E+00
3.523496E+03	-9.572458E-03	-0.000000E+00
3.533422E+03	-9.580028E-03	-0.000000E+00
3.543347E+03	-9.588162E-03	-0.000000E+00
3.553272E+03	-9.596882E-03	-0.000000E+00
3.563198E+03	-9.606189E-03	-0.000000E+00
3.573123E+03	-9.616103E-03	-0.000000E+00
3.583048E+03	-9.626636E-03	-0.000000E+00
3.592974E+03	-9.637795E-03	-0.000000E+00
3.602899E+03	-9.649595E-03	-0.000000E+00
3.612824E+03	-9.662053E-03	-0.000000E+00
3.622750E+03	-9.675173E-03	-0.000000E+00
3.632675E+03	-9.688975E-03	-0.000000E+00
3.642600E+03	-9.703457E-03	-0.000000E+00
3.652526E+03	-9.718647E-03	-0.000000E+00
3.662451E+03	-9.734541E-03	-0.000000E+00
3.672376E+03	-9.751155E-03	-0.000000E+00
3.682302E+03	-9.768505E-03	-0.000000E+00
3.692227E+03	-9.786590E-03	-0.000000E+00
3.702152E+03	-9.805428E-03	-0.000000E+00
3.712078E+03	-9.825028E-03	-0.000000E+00
3.722003E+03	-9.845389E-03	-0.000000E+00
3.731928E+03	-9.866531E-03	-0.000000E+00
3.741854E+03	-9.888457E-03	-0.000000E+00
3.751779E+03	-9.911177E-03	-0.000000E+00
3.761704E+03	-9.934695E-03	-0.000000E+00
3.771630E+03	-9.959020E-03	-0.000000E+00
3.781555E+03	-9.984157E-03	-0.000000E+00
3.791480E+03	-1.001011E-02	-0.000000E+00
3.801406E+03	-1.003690E-02	-0.000000E+00
3.811331E+03	-1.006450E-02	-0.000000E+00
3.821257E+03	-1.009295E-02	-0.000000E+00
3.831182E+03	-1.012222E-02	-0.000000E+00
3.841107E+03	-1.015234E-02	-0.000000E+00
3.851033E+03	-1.018330E-02	-0.000000E+00
3.860958E+03	-1.021510E-02	-0.000000E+00
3.870883E+03	-1.024775E-02	-0.000000E+00
3.880809E+03	-1.028124E-02	-0.000000E+00
3.890734E+03	-1.031559E-02	-0.000000E+00
3.900659E+03	-1.035077E-02	-0.000000E+00
3.910585E+03	-1.038680E-02	-0.000000E+00
3.920510E+03	-1.042367E-02	-0.000000E+00
3.930435E+03	-1.046138E-02	-0.000000E+00
3.940361E+03	-1.049992E-02	-0.000000E+00
3.950286E+03	-1.053930E-02	-0.000000E+00
3.960211E+03	-1.057950E-02	-0.000000E+00
3.970137E+03	-1.062052E-02	-0.000000E+00
3.980062E+03	-1.066234E-02	-0.000000E+00
3.989987E+03	-1.070498E-02	-0.000000E+00
3.999913E+03	-1.074841E-02	-0.000000E+00
4.009838E+03	-1.079262E-02	-0.000000E+00
4.019763E+03	-1.083761E-02	-0.000000E+00
4.029689E+03	-1.088336E-02	-0.000000E+00
4.039614E+03	-1.092986E-02	-0.000000E+00
4.049539E+03	-1.097710E-02	-0.000000E+00
4.059465E+03	-1.102506E-02	-0.000000E+00
4.069390E+03	-1.107373E-02	-0.000000E+00
4.079315E+03	-1.112308E-02	-0.000000E+00
4.089241E+03	-1.117311E-02	-0.000000E+00
4.099166E+03	-1.122379E-02	-0.000000E+00
4.109091E+03	-1.127510E-02	-0.000000E+00
4.119017E+03	-1.132702E-02	-0.000000E+00
4.128942E+03	-1.137953E-02	-0.000000E+00
4.138867E+03	-1.143261E-02	-0.000000E+00
4.148793E+03	-1.148622E-02	-0.000000E+00
4.158718E+03	-1.154035E-02	-0.000000E+00
4.168643E+03	-1.159497E-02	-0.000000E+00
4.178569E+03	-1.165005E-02	-0.000000E+00
4.188494E+03	-1.170555E-02	-0.000000E+00
4.198419E+03	-1.176146E-02	-0.000000E+00
4.208345E+03	-1.181773E-02	-0.000000E+00
4.218270E+03	-1.187434E-02	-0.000000E+00
4.228196E+03	-1.193124E-02	-0.000000E+00
4.238121E+03	-1.198841E-02	-0.000000E+00
4.248046E+03	-1.204581E-02	-0.000000E+00
4.257972E+03	-1.210341E-02	-0.000000E+00
4.267897E+03	-1.216115E-02	-0.000000E+00
4.277822E+03	-1.221902E-02	-0.000000E+00
4.287748E+03	-1.227695E-02	-0.000000E+00
4.297673E+03	-1.233491E-02	-0.000000E+00
4.307598E+03	-1.239287E-02	-0.000000E+00
4.317524E+03	-1.245077E-02	-0.000000E+00
4.327449E+03	-1.250858E-02	-0.000000E+00
4.337374E+03	-1.256624E-02	-0.000000E+00
4.347300E+03	-1.262372E-02	-0.000000E+00
4.357225E+03	-1.268097E-02	-0.000000E+00
4.367150E+03	-1.273794E-02	-0.000000E+00
4.377076E+03	-1.279458E-02	-0.000000E+00
4.387001E+03	-1.285086E-02	-0.000000E+00
4.396926E+03	-1.290672E-02	-0.000000E+00
4.406852E+03	-1.296211E-02	-0.000000E+00
4.416777E+03	-1.301698E-02	-0.000000E+00
4.426702E+03	-1.307130E-02	-0.000000E+00
4.436628E+03	-1.312501E-02	-0.000000E+00
4.446553E+03	-1.317807E-02	-0.000000E+00
4.456478E+03	-1.323043E-02	-0.000000E+00
4.466404E+03	-1.328204E-02	-0.000000E+00
4.476329E+03	-1.333286E-02	-0.000000E+00
4.486254E+03	-1.338285E-02	-0.000000E+00
4.496180E+03	-1.343196E-02	-0.000000E+00
4.506105E+03	-1.348014E-02	-0.000000E+00
4.516030E+03	-1.352736E-02	-0.000000E+00
4.525956E+03	-1.357357E-02	-0.000000E+00
4.535881E+03	-1.361874E-02	-0.000000E+00
4.545806E+03	-1.366282E-02	-0.000000E+00
4.555732E+03	-1.370579E-02	-0.000000E+00
4.565657E+03	-1.374760E-02	-0.000000E+00
4.575582E+03	-1.378822E-02	-0.000000E+00
4.585508E+03	-1.382762E-02	-0.000000E+00
4.595433E+03	-1.386576E-02	-0.000000E+00
4.605358E+03	-1.390263E-02	-0.000000E+00
4.615284E+03	-1.393819E-02	-0.000000E+00
4.625209E+03	-1.397241E-02	-0.000000E+00
4.635135E+03	-1.400528E-02	-0.000000E+00
4.645060E+03	-1.403677E-02	-0.000000E+00
4.654985E+03	-1.406687E-02	-0.000000E+00
4.664911E+03	-1.409555E-02	-0.000000E+00
4.674836E+03	-1.412279E-02	-0.000000E+00
4.684761E+03	-1.414860E-02	-0.000000E+00
4.694687E+03	-1.417295E-02	-0.000000E+00
4.704612E+03	-1.419585E-02	-0.000000E+00
4.714537E+03	-1.421726E-02	-0.000000E+00
4.724463E+03	-1.423720E-02	-0.000000E+00
4.734388E+03	-1.425567E-02	-0.000000E+00
4.744313E+03	-1.427265E-02	-0.000000E+00
4.754239E+03	-1.428814E-02	-0.000000E+00
4.764164E+03	-1.430216E-02	-0.000000E+00
4.774089E+03	-1.431470E-02	-0.000000E+00
4.784015E+03	-1.432577E-02	-0.000000E+00
4.793940E+03	-1.433537E-02	-0.000000E+00
4.803865E+03	-1.434350E-02	-0.000000E+00
4.813791E+03	-1.435019E-02	-0.000000E+00
4.823716E+03	-1.435545E-02	-0.000000E+00
4.833641E+03	-1.435927E-02	-0.000000E+00
4.843567E+03	-1.436167E-02	-0.000000E+00
4.853492E+03	-1.436268E-02	-0.000000E+00
4.863417E+03	-1.436229E-02	-0.000000E+00
4.873343E+03	-1.436053E-02	-0.000000E+00
4.883268E+03	-1.435742E-02	-0.000000E+00
4.893193E+03	-1.435296E-02	-0.000000E+00
4.903119E+03	-1.434718E-02	-0.000000E+00
4.913044E+03	-1.434010E-02	-0.000000E+00
4.922969E+03	-1.433172E-02	-0.000000E+00
4.932895E+03	-1.432207E-02	-0.000000E+00
4.942820E+03	-1.431117E-02	-0.000000E+00
4.952745E+03	-1.429904E-02	-0.000000E+00
4.962671E+03	-1.428570E-02	-0.000000E+00
4.972596E+03	-1.427115E-02	-0.000000E+00
4.982521E+03	-1.425543E-02	-0.000000E+00
4.992447E+03	-1.423855E-02	-0.000000E+00
5.002372E+03	-1.422054E-02	-0.000000E+00
5.012297E+03	-1.420140E-02	-0.000000E+00
5.022223E+03	-1.418115E-02	-0.000000E+00
5.032148E+03	-1.415982E-02	-0.000000E+00
5.042074E+03	-1.413743E-02	-0.000000E+00
5.051999E+03	-1.411398E-02	-0.000000E+00
5.061924E+03	-1.408951E-02	-0.000000E+00
5.071850E+03	-1.406401E-02	-0.000000E+00
5.081775E+03	-1.403752E-02	-0.000000E+00
5.091700E+03	-1.401005E-02	-0.000000E+00
5.101626E+03	-1.398161E-02	-0.000000E+00
5.111551E+03	-1.395222E-02	-0.000000E+00
5.121476E+03	-1.392190E-02	-0.000000E+00
5.131402E+03	-1.389066E-02	-0.000000E+00
5.141327E+03	-1.385852E-02	-0.000000E+00
5.151252E+03	-1.382549E-02	-0.000000E+00
5.161178E+03	-1.379158E-02	-0.000000E+00
5.171103E+03	-1.375682E-02	-0.000000E+00
5.181028E+03	-1.372121E-02	-0.000000E+00
5.190954E+03	-1.368476E-02	-0.000000E+00
5.200879E+03	-1.364751E-02	-0.000000E+00
5.210804E+03	-1.360944E-02	-0.000000E+00
5.220730E+03	-1.357059E-02	-0.000000E+00
5.230655E+03	-1.353096E-02	-0.000000E+00
5.240580E+03	-1.349057E-02	-0.000000E+00
5.250506E+03	-1.344943E-02	-0.000000E+00
5.260431E+03	-1.340756E-02	-0.000000E+00
5.270356E+03	-1.336496E-02	-0.000000E+00
5.280282E+03	-1.332165E-02	-0.000000E+00
5.290207E+03	-1.327764E-02	-0.000000E+00
5.300132E+03	-1.323295E-02	-0.000000E+00
5.310058E+03	-1.318760E-02	-0.000000E+00
5.319983E+03	-1.314158E-02	-0.000000E+00
5.329908E+03	-1.309492E-02	-0.000000E+00
5.339834E+03	-1.304764E-02	-0.000000E+00
5.349759E+03	-1.299974E-02	-0.000000E+00
5.359684E+03	-1.295124E-02	-0.000000E+00
5.369610E+03	-1.290215E-02	-0.000000E+00
5.379535E+03	-1.285249E-02	-0.000000E+00
5.389460E+03	-1.280228E-02	-0.000000E+00
5.399386E+03	-1.275152E-02	-0.000000E+00
5.409311E+03	-1.270023E-02	-0.000000E+00
5.419237E+03	-1.264843E-02	-0.000000E+00
5.429162E+03	-1.259613E-02	-0.000000E+00
5.439087E+03	-1.254335E-02	-0.000000E+00
5.449013E+03	-1.249010E-02	-0.000000E+00
5.458938E+03	-1.243640E-02	-0.000000E+00
5.468863E+03	-1.238227E-02	-0.000000E+00
5.478789E+03	-1.232771E-02	-0.000000E+00
5.488714E+03	-1.227276E-02	-0.000000E+00
5.498639E+03	-1.221742E-02	-0.000000E+00
5.508565E+03	-1.216171E-02	-0.000000E+00
5.518490E+03	-1.210565E-02	-0.000000E+00
5.528415E+03	-1.204925E-02	-0.000000E+00
5.538341E+03	-1.199254E-02	-0.000000E+00
5.548266E+03	-1.193552E-02	-0.000000E+00
5.558191E+03	-1.187823E-02	-0.000000E+00
5.568117E+03	-1.182068E-02	-0.000000E+00
5.578042E+03	-1.176287E-02	-0.000000E+00
5.587967E+03	-1.170484E-02	-0.000000E+00
5.597893E+03	-1.164660E-02	-0.000000E+00
5.607818E+03	-1.158817E-02	-0.000000E+00
5.617743E+03	-1.152957E-02	-0.000000E+00
5.627669E+03	-1.147081E-02	-0.000000E+00
5.637594E+03	-1.141192E-02	-0.000000E+00
5.647519E+03	-1.135292E-02	-0.000000E+00
5.657445E+03	-1.129381E-02	-0.000000E+00
5.667370E+03	-1.123463E-02	-0.000000E+00
5.677295E+03	-1.117539E-02	-0.000000E+00
5.687221E+03	-1.111611E-02	-0.000000E+00
5.697146E+03	-1.105681E-02	-0.000000E+00
5.707071E+03	-1.099751E-02	-0.000000E+00
5.716997E+03	-1.093823E-02	-0.000000E+00
5.726922E+03	-1.087899E-02	-0.000000E+00
5.736847E+03	-1.081980E-02	-0.000000E+00
5.746773E+03	-1.076068E-02	-0.000000E+00
5.756698E+03	-1.070166E-02	-0.000000E+00
5.766623E+03	-1.064275E-02	-0.000000E+00
5.776549E+03	-1.058398E-02	-0.000000E+00
5.786474E+03	-1.052535E-02	-0.000000E+00
5.796399E+03	-1.046689E-02	-0.000000E+00
5.806325E+03	-1.040862E-02	-0.000000E+00
5.816250E+03	-1.035055E-02	-0.000000E+00
5.826176E+03	-1.029270E-02	-0.000000E+00
5.836101E+03	-1.023509E-02	-0.000000E+00
5.846026E+03	-1.017774E-02	-0.000000E+00
5.855952E+03	-1.012067E-02	-0.000000E+00
5.865877E+03	-1.006389E-02	-0.000000E+00
5.875802E+03	-1.000741E-02	-0.000000E+00
5.885728E+03	-9.951261E-03	-0.000000E+00
5.895653E+03	-9.895455E-03	-0.000000E+00
5.905578E+03	-9.840006E-03	-0.000000E+00
5.915504E+03	-9.784931E-03	-0.000000E+00
5.925429E+03	-9.730239E-03	-0.000000E+00
5.935354E+03	-9.675958E-03	-0.000000E+00
5.945280E+03	-9.622091E-03	-0.000000E+00
5.955205E+03	-9.568657E-03	-0.000000E+00
5.965130E+03	-9.515670E-03	-0.000000E+00
5.975056E+03	-9.463142E-03	-0.000000E+00
5.984981E+03	-9.411088E-03	-0.000000E+00
5.994906E+03	-9.359521E-03	-0.000000E+00
6.004832E+03	-9.308454E-03	-0.000000E+00
6.014757E+03	-9.257897E-03	-0.000000E+00
6.024682E+03	-9.207863E-03	-0.000000E+00
6.034608E+03	-9.158361E-03	-0.000000E+00
6.044533E+03	-9.109409E-03	-0.000000E+00
6.054458E+03	-9.061007E-03	-0.000000E+00
6.064384E+03	-9.013178E-03	-0.000000E+00
6.074309E+03	-8.965921E-03	-0.000000E+00
6.084234E+03	-8.919250E-03	-0.000000E+00
6.094160E+03	-8.873175E-03	-0.000000E+00
6.104085E+03	-8.827699E-03	-0.000000E+00
6.114010E+03	-8.782836E-03	-0.000000E+00
6.123936E+03	-8.738592E-03	-0.000000E+00
6.133861E+03	-8.694973E-03	-0.000000E+00
6.143786E+03	-8.651991E-03	-0.000000E+00
6.153712E+03	-8.609644E-03	-0.000000E+00
6.163637E+03	-8.567947E-03	-0.000000E+00
6.173562E+03	-8.526899E-03	-0.000000E+00
6.183488E+03	-8.486514E-03	-0.000000E+00
6.193413E+03	-8.446787E-03	-0.000000E+00
6.203338E+03	-8.407727E-03	-0.000000E+00
6.213264E+03	-8.369339E-03	-0.000000E+00
6.223189E+03	-8.331627E-03	-0.000000E+00
6.233115E+03	-8.294597E-03	-0.000000E+00
6.243040E+03	-8.258247E-03	-0.000000E+00
6.252965E+03	-8.222582E-03	-0.000000E+00
6.262891E+03	-8.187607E-03	-0.000000E+00
6.272816E+03	-8.153322E-03	-0.000000E+00
6.282741E+03	-8.119732E-03	-0.000000E+00
6.292667E+03	-8.086836E-03	-0.000000E+00
6.302592E+03	-8.054634E-03	-0.000000E+00
6.312517E+03	-8.023135E-03	-0.000000E+00
6.322443E+03	-7.992331E-03	-0.000000E+00
6.332368E+03	-7.962226E-03	-0.000000E+00
6.342293E+03	-7.932824E-03	-0.000000E+00
6.352219E+03	-7.904125E-03	-0.000000E+00
6.362144E+03	-7.876121E-03	-0.000000E+00
6.372069E+03	-7.848820E-03	-0.000000E+00
6.381995E+03	-7.822223E-03	-0.000000E+00
6.391920E+03	-7.796324E-03	-0.000000E+00
6.401845E+03	-7.771125E-03	-0.000000E+00
6.411771E+03	-7.746624E-03	-0.000000E+00
6.421696E+03	-7.722822E-03	-0.000000E+00
6.431621E+03	-7.699714E-03	-0.000000E+00
6.441547E+03	-7.677306E-03	-0.000000E+00
6.451472E+03	-7.655591E-03	-0.000000E+00
6.461397E+03	-7.634567E-03	-0.000000E+00
6.471323E+03	-7.614237E-03	-0.000000E+00
6.481248E+03	-7.594596E-03	-0.000000E+00
6.491173E+03	-7.575646E-03	-0.000000E+00
6.501099E+03	-7.557381E-03	-0.000000E+00
6.511024E+03	-7.539796E-03	-0.000000E+00
6.520949E+03	-7.522897E-03	-0.000000E+00
6.530875E+03	-7.506679E-03	-0.000000E+00
6.540800E+03	-7.491137E-03	-0.000000E+00
6.550725E+03	-7.476272E-03	-0.000000E+00
6.560651E+03	-7.462083E-03	-0.000000E+00
6.570576E+03	-7.448561E-03	-0.000000E+00
6.580501E+03	-7.435711E-03	-0.000000E+00
6.590427E+03	-7.423523E-03	-0.000000E+00
6.600352E+03	-7.411999E-03	-0.000000E+00
6.610277E+03	-7.401137E-03	-0.000000E+00
6.620203E+03	-7.390929E-03	-0.000000E+00
6.630128E+03	-7.381380E-03	-0.000000E+00
6.640054E+03	-7.372479E-03	-0.000000E+00
6.649979E+03	-7.364228E-03	-0.000000E+00
6.659904E+03	-7.356622E-03	-0.000000E+00
6.669830E+03	-7.349656E-03	-0.000000E+00
6.679755E+03	-7.343325E-03	-0.000000E+00
6.689680E+03	-7.337631E-03	-0.000000E+00
6.699606E+03	-7.332567E-03	-0.000000E+00
6.709531E+03	-7.328126E-03	-0.000000E+00
6.719456E+03	-7.324312E-03	-0.000000E+00
6.729382E+03	-7.321115E-03	-0.000000E+00
6.739307E+03	-7.318527E-03	-0.000000E+00
6.749232E+03	-7.316552E-03	-0.000000E+00
6.759158E+03	-7.315181E-03	-0.000000E+00
6.769083E+03	-7.314410E-03	-0.000000E+00
6.779008E+03	-7.314235E-03	-0.000000E+00
6.788934E+03	-7.314645E-03	-0.000000E+00
6.798859E+03	-7.315641E-03	-0.000000E+00
6.808784E+03	-7.317219E-03	-0.000000E+00
6.818710E+03	-7.319366E-03	-0.000000E+00
6.828635E+03	-7.322084E-03	-0.000000E+00
6.838560E+03	-7.325362E-03	-0.000000E+00
6.848486E+03	-7.329195E-03	-0.000000E+00
6.858411E+03	-7.333577E-03	-0.000000E+00
6.868336E+03	-7.338501E-03	-0.000000E+00
6.878262E+03	-7.343961E-03	-0.000000E+00
6.888187E+03	-7.349949E-03	-0.000000E+00
6.898112E+03	-7.356464E-03	-0.000000E+00
6.908038E+03	-7.363489E-03	-0.000000E+00
6.917963E+03	-7.371023E-03	-0.000000E+00
6.927888E+03	-7.379062E-03	-0.000000E+00
6.937814E+03	-7.387588E-03	-0.000000E+00
6.947739E+03	-7.396606E-03	-0.000000E+00
6.957664E+03	-7.406097E-03	-0.000000E+00
6.967590E+03	-7.416061E-03	-0.000000E+00
6.977515E+03	-7.426486E-03	-0.000000E+00
6.987440E+03	-7.437365E-03	-0.000000E+00
6.997366E+03	-7.448691E-03	-0.000000E+00
7.007291E+03	-7.460455E-03	-0.000000E+00
7.017216E+03	-7.472651E-03	-0.000000E+00
7.027142E+03	-7.485267E-03	-0.000000E+00
7.037067E+03	-7.498297E-03	-0.000000E+00
7.046993E+03	-7.511729E-03	-0.000000E+00
7.056918E+03	-7.525562E-03	-0.000000E+00
7.066843E+03	-7.539783E-03	-0.000000E+00
7.076769E+03	-7.554382E-03	-0.000000E+00
7.086694E+03	-7.569356E-03	-0.000000E+00
7.096619E+03	-7.584690E-03	-0.000000E+00
7.106545E+03	-7.600381E-03	-0.000000E+00
7.116470E+03	-7.616423E-03	-0.000000E+00
7.126395E+03	-7.632799E-03	-0.000000E+00
7.136321E+03	-7.649509E-03	-0.000000E+00
7.146246E+03	-7.666543E-03	-0.000000E+00
7.156171E+03	-7.683889E-03	-0.000000E+00
7.166097E+03	-7.701545E-03	-0.000000E+00
7.176022E+03	-7.719499E-03	-0.000000E+00
7.185947E+03	-7.737746E-03	-0.000000E+00
7.195873E+03	-7.756277E-03	-0.000000E+00
7.205798E+03	-7.775088E-03	-0.000000E+00
7.215723E+03	-7.794169E-03	-0.000000E+00
7.225649E+03	-7.813512E-03	-0.000000E+00
7.235574E+03	-7.833112E-03	-0.000000E+00
7.245499E+03	-7.852960E-03	-0.000000E+00
7.255425E+03	-7.873051E-03	-0.000000E+00
7.265350E+03	-7.893376E-03	-0.000000E+00
7.275275E+03	-7.913937E-03	-0.000000E+00
7.285201E+03	-7.934718E-03	-0.000000E+00
7.295126E+03	-7.955715E-03	-0.000000E+00
7.305051E+03	-7.976924E-03	-0.000000E+00
7.314977E+03	-7.998341E-03	-0.000000E+00
7.324902E+03	-8.019956E-03	-0.000000E+00
7.334827E+03	-8.041770E-03	-0.000000E+00
7.344753E+03	-8.063769E-03	-0.000000E+00
7.354678E+03	-8.085952E-03	-0.000000E+00
7.364603E+03	-8.108315E-03	-0.000000E+00
7.374529E+03	-8.130855E-03	-0.000000E+00
7.384454E+03	-8.153557E-03	-0.000000E+00
7.394379E+03	-8.176430E-03	-0.000000E+00
7.404305E+03	-8.199456E-03	-0.000000E+00
7.414230E+03	-8.222641E-03	-0.000000E+00
7.424156E+03	-8.245974E-03	-0.000000E+00
7.434081E+03	-8.269455E-03	-0.000000E+00
7.444006E+03	-8.293077E-03	-0.000000E+00
7.453932E+03	-8.316834E-03	-0.000000E+00
7.463857E+03	-8.340726E-03	-0.000000E+00
7.473782E+03	-8.364744E-03	-0.000000E+00
7.483708E+03	-8.388889E-03	-0.000000E+00
7.493633E+03	-8.413155E-03	-0.000000E+00
7.503558E+03	-8.437535E-03	-0.000000E+00
7.513484E+03	-8.462031E-03	-0.000000E+00
7.523409E+03	-8.486631E-03	-0.000000E+00
7.533334E+03	-8.511335E-03	-0.000000E+00
7.543260E+03	-8.536142E-03	-0.000000E+00
7.553185E+03	-8.561044E-03	-0.000000E+00
7.563110E+03	-8.586036E-03	-0.000000E+00
7.573036E+03	-8.611114E-03	-0.000000E+00
7.582961E+03	-8.636282E-03	-0.000000E+00
7.592886E+03	-8.661527E-03	-0.000000E+00
7.602812E+03	-8.686844E-03	-0.000000E+00
7.612737E+03	-8.712238E-03	-0.000000E+00
7.622662E+03	-8.737699E-03	-0.000000E+00
7.632588E+03	-8.763219E-03	-0.000000E+00
7.642513E+03	-8.788802E-03	-0.000000E+00
7.652438E+03	-8.814439E-03	-0.000000E+00
7.662364E+03	-8.840125E-03	-0.000000E+00
7.672289E+03	-8.865857E-03	-0.000000E+00
7.682214E+03	-8.891629E-03	-0.000000E+00
7.692140E+03	-8.917442E-03	-0.000000E+00
7.702065E+03	-8.943291E-03	-0.000000E+00
7.711990E+03	-8.969167E-03	-0.000000E+00
7.721916E+03	-8.995066E-03	-0.000000E+00
7.731841E+03	-9.020987E-03	-0.000000E+00
7.741766E+03	-9.046926E-03	-0.000000E+00
7.751692E+03	-9.072879E-03	-0.000000E+00
7.761617E+03	-9.098836E-03	-0.000000E+00
7.771542E+03	-9.124797E-03	-0.000000E+00
7.781468E+03	-9.150759E-03	-0.000000E+00
7.791393E+03	-9.176716E-03	-0.000000E+00
7.801318E+03	-9.202669E-03	-0.000000E+00
7.811244E+03	-9.228604E-03	-0.000000E+00
7.821169E+03	-9.254525E-03	-0.000000E+00
7.831095E+03	-9.280428E-03	-0.000000E+00
7.841020E+03	-9.306304E-03	-0.000000E+00
7.850945E+03	-9.332157E-03	-0.000000E+00
7.860871E+03	-9.357975E-03	-0.000000E+00
7.870796E+03	-9.383760E-03	-0.000000E+00
7.880721E+03	-9.409510E-03	-0.000000E+00
7.890647E+03	-9.435215E-03	-0.000000E+00
7.900572E+03	-9.460879E-03	-0.000000E+00
7.910497E+03	-9.486493E-03	-0.000000E+00
7.920423E+03	-9.512063E-03	-0.000000E+00
7.930348E+03	-9.537578E-03	-0.000000E+00
7.940273E+03	-9.563035E-03	-0.000000E+00
7.950199E+03	-9.588437E-03	-0.000000E+00
7.960124E+03	-9.613781E-03	-0.000000E+00
7.970049E+03	-9.639062E-03	-0.000000E+00
7.979975E+03	-9.664280E-03	-0.000000E+00
7.989900E+03	-9.689430E-03	-0.000000E+00
7.999825E+03	-9.714517E-03	-0.000000E+00
8.009751E+03	-9.739532E-03	-0.000000E+00
8.019676E+03	-9.764479E-03	-0.000000E+00
8.029601E+03	-9.789354E-03	-0.000000E+00
8.039527E+03	-9.814157E-03	-0.000000E+00
8.049452E+03	-9.838888E-03	-0.000000E+00
8.059377E+03	-9.863546E-03	-0.000000E+00
8.069303E+03	-9.888128E-03	-0.000000E+00
8.079228E+03	-9.912638E-03	-0.000000E+00
8.089153E+03	-9.937071E-03	-0.000000E+00
8.099079E+03	-9.961432E-03	-0.000000E+00
8.109004E+03	-9.985717E-03	-0.000000E+00
8.118929E+03	-1.000993E-02	-0.000000E+00
8.128855E+03	-1.003406E-02	-0.000000E+00
8.138780E+03	-1.005813E-02	-0.000000E+00
8.148705E+03	-1.008212E-02	-0.000000E+00
8.158631E+03	-1.010604E-02	-0.000000E+00
8.168556E+03	-1.012989E-02	-0.000000E+00
8.178481E+03	-1.015367E-02	-0.000000E+00
8.188407E+03	-1.017737E-02	-0.000000E+00
8.198332E+03	-1.020102E-02	-0.000000E+00
8.208257E+03	-1.022459E-02	-0.000000E+00
8.218183E+03	-1.024810E-02	-0.000000E+00
8.228108E+03	-1.027155E-02	-0.000000E+00
8.238034E+03	-1.029494E-02	-0.000000E+00
8.247959E+03	-1.031827E-02	-0.000000E+00
8.257884E+03	-1.034155E-02	-0.000000E+00
8.267810E+03	-1.036477E-02	-0.000000E+00
8.277735E+03	-1.038794E-02	-0.000000E+00
8.287660E+03	-1.041105E-02	-0.000000E+00
8.297586E+03	-1.043413E-02	-0.000000E+00
8.307511E+03	-1.045715E-02	-0.000000E+00
8.317436E+03	-1.048014E-02	-0.000000E+00
8.327362E+03	-1.050309E-02	-0.000000E+00
8.337287E+03	-1.052600E-02	-0.000000E+00
8.347212E+03	-1.054887E-02	-0.000000E+00
8.357138E+03	-1.057173E-02	-0.000000E+00
8.367063E+03	-1.059455E-02	-0.000000E+00
8.376988E+03	-1.061735E-02	-0.000000E+00
8.386914E+03	-1.064014E-02	-0.000000E+00
8.396839E+03	-1.066290E-02	-0.000000E+00
8.406764E+03	-1.068566E-02	-0.000000E+00
8.416690E+03	-1.070841E-02	-0.000000E+00
8.426615E+03	-1.073116E-02	-0.000000E+00
8.436540E+03	-1.075391E-02	-0.000000E+00
8.446466E+03	-1.077666E-02	-0.000000E+00
8.456391E+03	-1.079942E-02	-0.000000E+00
8.466316E+03	-1.082220E-02	-0.000000E+00
8.476242E+03	-1.084500E-02	-0.000000E+00
8.486167E+03	-1.086782E-02	-0.000000E+00
8.496092E+03	-1.089067E-02	-0.000000E+00
8.506018E+03	-1.091356E-02	-0.000000E+00
8.515943E+03	-1.093649E-02	-0.000000E+00
8.525868E+03	-1.095946E-02	-0.000000E+00
8.535794E+03	-1.098248E-02	-0.000000E+00
8.545719E+03	-1.100556E-02	-0.000000E+00
8.555644E+03	-1.102871E-02	-0.000000E+00
8.565570E+03	-1.105192E-02	-0.000000E+00
8.575495E+03	-1.107521E-02	-0.000000E+00
8.585420E+03	-1.109858E-02	-0.000000E+00
8.595346E+03	-1.112204E-02	-0.000000E+00
8.605271E+03	-1.114559E-02	-0.000000E+00
8.615196E+03	-1.116925E-02	-0.000000E+00
8.625122E+03	-1.119302E-02	-0.000000E+00
8.635047E+03	-1.121690E-02	-0.000000E+00
8.644973E+03	-1.124091E-02	-0.000000E+00
8.654898E+03	-1.126505E-02	-0.000000E+00
8.664823E+03	-1.128933E-02	-0.000000E+00
8.674749E+03	-1.131376E-02	-0.000000E+00
8.684674E+03	-1.133835E-02	-0.000000E+00
8.694599E+03	-1.136310E-02	-0.000000E+00
8.704525E+03	-1.138803E-02	-0.000000E+00
8.714450E+03	-1.141314E-02	-0.000000E+00
8.724375E+03	-1.143844E-02	-0.000000E+00
8.734301E+03	-1.146394E-02	-0.000000E+00
8.744226E+03	-1.148965E-02	-0.000000E+00
8.754151E+03	-1.151558E-02	-0.000000E+00
8.764077E+03	-1.154174E-02	-0.000000E+00
8.774002E+03	-1.156814E-02	-0.000000E+00
8.783927E+03	-1.159479E-02	-0.000000E+00
8.793853E+03	-1.162170E-02	-0.000000E+00
8.803778E+03	-1.164888E-02	-0.000000E+00
8.813703E+03	-1.167634E-02	-0.000000E+00
8.823629E+03	-1.170408E-02	-0.000000E+00
8.833554E+03	-1.173213E-02	-0.000000E+00
8.843479E+03	-1.176049E-02	-0.000000E+00
8.853405E+03	-1.178917E-02	-0.000000E+00
8.863330E+03	-1.181818E-02	-0.000000E+00
8.873255E+03	-1.184754E-02	-0.000000E+00
8.883181E+03	-1.187725E-02	-0.000000E+00
8.893106E+03	-1.190733E-02	-0.000000E+00
8.903031E+03	-1.193779E-02	-0.000000E+00
8.912957E+03	-1.196863E-02	-0.000000E+00
8.922882E+03	-1.199987E-02	-0.000000E+00
8.932807E+03	-1.203153E-02	-0.000000E+00
8.972509E+03	-1.216246E-02	-0.000000E+00
9.012210E+03	-1.230085E-02	-0.000000E+00
9.051912E+03	-1.244735E-02	-0.000000E+00
9.091613E+03	-1.260262E-02	-0.000000E+00
9.131314E+03	-1.276723E-02	-0.000000E+00
9.171016E+03	-1.294168E-02	-0.000000E+00
9.210717E+03	-1.312638E-02	-0.000000E+00
9.250418E+03	-1.332163E-02	-0.000000E+00
9.290120E+03	-1.352758E-02	-0.000000E+00
9.329821E+03	-1.374425E-02	-0.000000E+00
9.369522E+03	-1.397149E-02	-0.000000E+00
9.409224E+03	-1.420899E-02	-0.000000E+00
9.448925E+03	-1.445626E-02	-0.000000E+00
9.488627E+03	-1.471264E-02	-0.000000E+00
9.528328E+03	-1.497731E-02	-0.000000E+00
9.568029E+03	-1.524926E-02	-0.000000E+00
9.607731E+03	-1.552736E-02	-0.000000E+00
9.647432E+03	-1.581034E-02	-0.000000E+00
9.687133E+03	-1.609683E-02	-0.000000E+00
9.726835E+03	-1.638537E-02	-0.000000E+00
9.766536E+03	-1.667443E-02	-0.000000E+00
9.806237E+03	-1.696246E-02	-0.000000E+00
9.845939E+03	-1.724791E-02	-0.000000E+00
9.885640E+03	-1.752923E-02	-0.000000E+00
9.925342E+03	-1.780491E-02	-0.000000E+00
9.965043E+03	-1.807352E-02	-0.000000E+00
1.000474E+04	-1.833367E-02	-0.000000E+00
1.004445E+04	-1.858410E-02	-0.000000E+00
1.008415E+04	-1.882361E-02	-0.000000E+00
1.012385E+04	-1.905115E-02	-0.000000E+00
1.016355E+04	-1.926575E-02	-0.000000E+00
1.020325E+04	-1.946658E-02	-0.000000E+00
1.024295E+04	-1.965292E-02	-0.000000E+00
