#wls	flux	fluxerr
1.588055E+03	6.212095E-04	1.972666E-05
1.627756E+03	6.193537E-04	1.963648E-05
1.667457E+03	6.175676E-04	1.954784E-05
1.707159E+03	6.157451E-04	1.945738E-05
1.746860E+03	6.140998E-04	1.937183E-05
1.786561E+03	6.124204E-04	1.928449E-05
1.826263E+03	6.108139E-04	1.919872E-05
1.865964E+03	6.092811E-04	1.911451E-05
1.905666E+03	6.078233E-04	1.903190E-05
1.945367E+03	6.064415E-04	1.895087E-05
1.985068E+03	6.051371E-04	1.887145E-05
2.024770E+03	6.039118E-04	1.879367E-05
2.064471E+03	6.027675E-04	1.871754E-05
2.104172E+03	6.017061E-04	1.864310E-05
2.143874E+03	6.008297E-04	1.857348E-05
2.183575E+03	5.999406E-04	1.850252E-05
2.223277E+03	5.992406E-04	1.843642E-05
2.262978E+03	5.986330E-04	1.837215E-05
2.302679E+03	5.982184E-04	1.831275E-05
2.342381E+03	5.979020E-04	1.825527E-05
2.382082E+03	5.976877E-04	1.819979E-05
2.421783E+03	5.976756E-04	1.814929E-05
2.461485E+03	5.977735E-04	1.810092E-05
2.501186E+03	5.979864E-04	1.805478E-05
2.540887E+03	5.985081E-04	1.801665E-05
2.580589E+03	5.990605E-04	1.797808E-05
2.620290E+03	5.999309E-04	1.794763E-05
2.659992E+03	6.009378E-04	1.791978E-05
2.699693E+03	6.021809E-04	1.789742E-05
2.739394E+03	6.036668E-04	1.788066E-05
2.779096E+03	6.053113E-04	1.786690E-05
2.818797E+03	6.072145E-04	1.785901E-05
2.858498E+03	6.093850E-04	1.785714E-05
2.898200E+03	6.118323E-04	1.786143E-05
2.937901E+03	6.145667E-04	1.787207E-05
2.977602E+03	6.175099E-04	1.788665E-05
2.987528E+03	6.183775E-04	1.789377E-05
2.997453E+03	6.191642E-04	1.789840E-05
3.007378E+03	6.200488E-04	1.790573E-05
3.017304E+03	6.208531E-04	1.791059E-05
3.027229E+03	6.217556E-04	1.791813E-05
3.037155E+03	6.226674E-04	1.792579E-05
3.047080E+03	6.235888E-04	1.793358E-05
3.057005E+03	6.245199E-04	1.794150E-05
3.066931E+03	6.254611E-04	1.794955E-05
3.076856E+03	6.264126E-04	1.795774E-05
3.086781E+03	6.274632E-04	1.796861E-05
3.096707E+03	6.284361E-04	1.797710E-05
3.106632E+03	6.295084E-04	1.798828E-05
3.116557E+03	6.305921E-04	1.799961E-05
3.126483E+03	6.315989E-04	1.800858E-05
3.136408E+03	6.327060E-04	1.802025E-05
3.146333E+03	6.339133E-04	1.803460E-05
3.156259E+03	6.350448E-04	1.804661E-05
3.166184E+03	6.361890E-04	1.805882E-05
3.176109E+03	6.374343E-04	1.807372E-05
3.186035E+03	6.386048E-04	1.808632E-05
3.195960E+03	6.398768E-04	1.810161E-05
3.205885E+03	6.411627E-04	1.811712E-05
3.215811E+03	6.424629E-04	1.813283E-05
3.225736E+03	6.437774E-04	1.814877E-05
3.235661E+03	6.451068E-04	1.816494E-05
3.245587E+03	6.465392E-04	1.818381E-05
3.255512E+03	6.478993E-04	1.820045E-05
3.265437E+03	6.493628E-04	1.821980E-05
3.275363E+03	6.508426E-04	1.823940E-05
3.285288E+03	6.522512E-04	1.825681E-05
3.295213E+03	6.537644E-04	1.827694E-05
3.305139E+03	6.552948E-04	1.829734E-05
3.315064E+03	6.569305E-04	1.832047E-05
3.324989E+03	6.584966E-04	1.834144E-05
3.334915E+03	6.600811E-04	1.836271E-05
3.344840E+03	6.617719E-04	1.838672E-05
3.354765E+03	6.633943E-04	1.840861E-05
3.364691E+03	6.651239E-04	1.843324E-05
3.374616E+03	6.668735E-04	1.845820E-05
3.384541E+03	6.686435E-04	1.848349E-05
3.394467E+03	6.704343E-04	1.850913E-05
3.404392E+03	6.722465E-04	1.853512E-05
3.414318E+03	6.741680E-04	1.856388E-05
3.424243E+03	6.760240E-04	1.859059E-05
3.434168E+03	6.779028E-04	1.861768E-05
3.444094E+03	6.798921E-04	1.864756E-05
3.454019E+03	6.819052E-04	1.867783E-05
3.463944E+03	6.839422E-04	1.870851E-05
3.473870E+03	6.860040E-04	1.873959E-05
3.483795E+03	6.880907E-04	1.877110E-05
3.493720E+03	6.902030E-04	1.880304E-05
3.503646E+03	6.923413E-04	1.883542E-05
3.513571E+03	6.945063E-04	1.886825E-05
3.523496E+03	6.967863E-04	1.890392E-05
3.533422E+03	6.990061E-04	1.893768E-05
3.543347E+03	7.013420E-04	1.897431E-05
3.553272E+03	7.037068E-04	1.901142E-05
3.563198E+03	7.060129E-04	1.904665E-05
3.573123E+03	7.084370E-04	1.908478E-05
3.583048E+03	7.108917E-04	1.912343E-05
3.592974E+03	7.133775E-04	1.916261E-05
3.602899E+03	7.159834E-04	1.920470E-05
3.612824E+03	7.185335E-04	1.924498E-05
3.622750E+03	7.211164E-04	1.928583E-05
3.632675E+03	7.238216E-04	1.932963E-05
3.642600E+03	7.264725E-04	1.937165E-05
3.652526E+03	7.292471E-04	1.941664E-05
3.662451E+03	7.320573E-04	1.946224E-05
3.672376E+03	7.348149E-04	1.950610E-05
3.682302E+03	7.376986E-04	1.955297E-05
3.692227E+03	7.406199E-04	1.960049E-05
3.702152E+03	7.435799E-04	1.964868E-05
3.712078E+03	7.465788E-04	1.969754E-05
3.722003E+03	7.496178E-04	1.974710E-05
3.731928E+03	7.526974E-04	1.979736E-05
3.741854E+03	7.559081E-04	1.985070E-05
3.751779E+03	7.590714E-04	1.990241E-05
3.761704E+03	7.622776E-04	1.995487E-05
3.771630E+03	7.656175E-04	2.001044E-05
3.781555E+03	7.689120E-04	2.006443E-05
3.791480E+03	7.723422E-04	2.012157E-05
3.801406E+03	7.757282E-04	2.017715E-05
3.811331E+03	7.792519E-04	2.023591E-05
3.821257E+03	7.828237E-04	2.029550E-05
3.831182E+03	7.864444E-04	2.035594E-05
3.841107E+03	7.900237E-04	2.041489E-05
3.851033E+03	7.937448E-04	2.047707E-05
3.860958E+03	7.975176E-04	2.054015E-05
3.870883E+03	8.013428E-04	2.060414E-05
3.880809E+03	8.052215E-04	2.066906E-05
3.890734E+03	8.091546E-04	2.073492E-05
3.900659E+03	8.131430E-04	2.080173E-05
3.910585E+03	8.171878E-04	2.086953E-05
3.920510E+03	8.212898E-04	2.093832E-05
3.930435E+03	8.254500E-04	2.100811E-05
3.940361E+03	8.296696E-04	2.107893E-05
3.950286E+03	8.340431E-04	2.115317E-05
3.960211E+03	8.383845E-04	2.122610E-05
3.970137E+03	8.427884E-04	2.130010E-05
3.980062E+03	8.472558E-04	2.137521E-05
3.989987E+03	8.517876E-04	2.145142E-05
3.999913E+03	8.564799E-04	2.153116E-05
4.009838E+03	8.611444E-04	2.160966E-05
4.019763E+03	8.658767E-04	2.168933E-05
4.029689E+03	8.706781E-04	2.177018E-05
4.039614E+03	8.755497E-04	2.185224E-05
4.049539E+03	8.805886E-04	2.193793E-05
4.059465E+03	8.856043E-04	2.202246E-05
4.069390E+03	8.906937E-04	2.210826E-05
4.079315E+03	8.958580E-04	2.219533E-05
4.089241E+03	9.010988E-04	2.228372E-05
4.099166E+03	9.065141E-04	2.237583E-05
4.109091E+03	9.119108E-04	2.246687E-05
4.119017E+03	9.173872E-04	2.255927E-05
4.128942E+03	9.229453E-04	2.265306E-05
4.138867E+03	9.285861E-04	2.274826E-05
4.148793E+03	9.343109E-04	2.284488E-05
4.158718E+03	9.401200E-04	2.294292E-05
4.168643E+03	9.460162E-04	2.304244E-05
4.178569E+03	9.520007E-04	2.314346E-05
4.188494E+03	9.580738E-04	2.324596E-05
4.198419E+03	9.642375E-04	2.334999E-05
4.208345E+03	9.703921E-04	2.345312E-05
4.218270E+03	9.767417E-04	2.356027E-05
4.228196E+03	9.831864E-04	2.366901E-05
4.238121E+03	9.896236E-04	2.377688E-05
4.248046E+03	9.962622E-04	2.388886E-05
4.257972E+03	1.002897E-03	2.400002E-05
4.267897E+03	1.009735E-03	2.411533E-05
4.277822E+03	1.016572E-03	2.422986E-05
4.287748E+03	1.023615E-03	2.434858E-05
4.297673E+03	1.030661E-03	2.446657E-05
4.307598E+03	1.037812E-03	2.458630E-05
4.317524E+03	1.045070E-03	2.470780E-05
4.327449E+03	1.052438E-03	2.483111E-05
4.337374E+03	1.059918E-03	2.495626E-05
4.347300E+03	1.067510E-03	2.508326E-05
4.357225E+03	1.075217E-03	2.521213E-05
4.367150E+03	1.082930E-03	2.534034E-05
4.377076E+03	1.090869E-03	2.547300E-05
4.387001E+03	1.098818E-03	2.560506E-05
4.396926E+03	1.106999E-03	2.574166E-05
4.406852E+03	1.115191E-03	2.587766E-05
4.416777E+03	1.123506E-03	2.601567E-05
4.426702E+03	1.131947E-03	2.615569E-05
4.436628E+03	1.140515E-03	2.629778E-05
4.446553E+03	1.149212E-03	2.644195E-05
4.456478E+03	1.158041E-03	2.658824E-05
4.466404E+03	1.167002E-03	2.673665E-05
4.476329E+03	1.175983E-03	2.688459E-05
4.486254E+03	1.185215E-03	2.703735E-05
4.496180E+03	1.194470E-03	2.718966E-05
4.506105E+03	1.203864E-03	2.734422E-05
4.516030E+03	1.213401E-03	2.750103E-05
4.525956E+03	1.223081E-03	2.766013E-05
4.535881E+03	1.232907E-03	2.782155E-05
4.545806E+03	1.242760E-03	2.798260E-05
4.555732E+03	1.252886E-03	2.814877E-05
4.565657E+03	1.263041E-03	2.831461E-05
4.575582E+03	1.273474E-03	2.848564E-05
4.585508E+03	1.283940E-03	2.865640E-05
4.595433E+03	1.294567E-03	2.882971E-05
4.605358E+03	1.305356E-03	2.900555E-05
4.615284E+03	1.316183E-03	2.918121E-05
4.625209E+03	1.327303E-03	2.936230E-05
4.635135E+03	1.338467E-03	2.954328E-05
4.645060E+03	1.349931E-03	2.972980E-05
4.654985E+03	1.361443E-03	2.991627E-05
4.664911E+03	1.373135E-03	3.010560E-05
4.674836E+03	1.385010E-03	3.029782E-05
4.684761E+03	1.396941E-03	3.049014E-05
4.694687E+03	1.409194E-03	3.068837E-05
4.704612E+03	1.421510E-03	3.088680E-05
4.714537E+03	1.434025E-03	3.108842E-05
4.724463E+03	1.446744E-03	3.129330E-05
4.734388E+03	1.459675E-03	3.150158E-05
4.744313E+03	1.472822E-03	3.171333E-05
4.754239E+03	1.486193E-03	3.192869E-05
4.764164E+03	1.499654E-03	3.214480E-05
4.774089E+03	1.513352E-03	3.236476E-05
4.784015E+03	1.527294E-03	3.258871E-05
4.793940E+03	1.541489E-03	3.281682E-05
4.803865E+03	1.555946E-03	3.304924E-05
4.813791E+03	1.570528E-03	3.328304E-05
4.823716E+03	1.585533E-03	3.352452E-05
4.833641E+03	1.600675E-03	3.376759E-05
4.843567E+03	1.616107E-03	3.401547E-05
4.853492E+03	1.631832E-03	3.426821E-05
4.863417E+03	1.647855E-03	3.452585E-05
4.873343E+03	1.664026E-03	3.478523E-05
4.883268E+03	1.680652E-03	3.505275E-05
4.893193E+03	1.697426E-03	3.532199E-05
4.903119E+03	1.714506E-03	3.559620E-05
4.913044E+03	1.731893E-03	3.587537E-05
4.922969E+03	1.749431E-03	3.615624E-05
4.932895E+03	1.767437E-03	3.644538E-05
4.942820E+03	1.785599E-03	3.673627E-05
4.952745E+03	1.804077E-03	3.703224E-05
4.962671E+03	1.822876E-03	3.733331E-05
4.972596E+03	1.842000E-03	3.763957E-05
4.982521E+03	1.861285E-03	3.794765E-05
4.992447E+03	1.881071E-03	3.826442E-05
5.002372E+03	1.901025E-03	3.858307E-05
5.012297E+03	1.921318E-03	3.890705E-05
5.022223E+03	1.941956E-03	3.923643E-05
5.032148E+03	1.962769E-03	3.956772E-05
5.042074E+03	1.984112E-03	3.990805E-05
5.051999E+03	2.005636E-03	4.025034E-05
5.061924E+03	2.027524E-03	4.059822E-05
5.071850E+03	2.049781E-03	4.095176E-05
5.081775E+03	2.072412E-03	4.131101E-05
5.091700E+03	2.095427E-03	4.167608E-05
5.101626E+03	2.118639E-03	4.204324E-05
5.111551E+03	2.142242E-03	4.241630E-05
5.121476E+03	2.166241E-03	4.279530E-05
5.131402E+03	2.190644E-03	4.318033E-05
5.141327E+03	2.215458E-03	4.357147E-05
5.151252E+03	2.240489E-03	4.396488E-05
5.161178E+03	2.266141E-03	4.436841E-05
5.171103E+03	2.292021E-03	4.477431E-05
5.181028E+03	2.318334E-03	4.518654E-05
5.190954E+03	2.345088E-03	4.560521E-05
5.200879E+03	2.372079E-03	4.602628E-05
5.210804E+03	2.399734E-03	4.645797E-05
5.220730E+03	2.427637E-03	4.689217E-05
5.230655E+03	2.456003E-03	4.733301E-05
5.240580E+03	2.484843E-03	4.778057E-05
5.250506E+03	2.514162E-03	4.823493E-05
5.260431E+03	2.543745E-03	4.869189E-05
5.270356E+03	2.574043E-03	4.916002E-05
5.280282E+03	2.604613E-03	4.963079E-05
5.290207E+03	2.635689E-03	5.010859E-05
5.300132E+03	2.667275E-03	5.059343E-05
5.310058E+03	2.699379E-03	5.108540E-05
5.319983E+03	2.731772E-03	5.158007E-05
5.329908E+03	2.764934E-03	5.208646E-05
5.339834E+03	2.798393E-03	5.259559E-05
5.349759E+03	2.832393E-03	5.311199E-05
5.359684E+03	2.866944E-03	5.363575E-05
5.369610E+03	2.901799E-03	5.416219E-05
5.379535E+03	2.937467E-03	5.470074E-05
5.389460E+03	2.973448E-03	5.524200E-05
5.399386E+03	3.010263E-03	5.579555E-05
5.409311E+03	3.047397E-03	5.635179E-05
5.419237E+03	3.084847E-03	5.691060E-05
5.429162E+03	3.123156E-03	5.748188E-05
5.439087E+03	3.162063E-03	5.806077E-05
5.449013E+03	3.201295E-03	5.864216E-05
5.458938E+03	3.241132E-03	5.923111E-05
5.468863E+03	3.281864E-03	5.983282E-05
5.478789E+03	3.322932E-03	6.043697E-05
5.488714E+03	3.364327E-03	6.104340E-05
5.498639E+03	3.406638E-03	6.166265E-05
5.508565E+03	3.449282E-03	6.228411E-05
5.518490E+03	3.492857E-03	6.291849E-05
5.528415E+03	3.536768E-03	6.355492E-05
5.538341E+03	3.581316E-03	6.419880E-05
5.548266E+03	3.626507E-03	6.485011E-05
5.558191E+03	3.672343E-03	6.550877E-05
5.568117E+03	3.718506E-03	6.616906E-05
5.578042E+03	3.765638E-03	6.684230E-05
5.587967E+03	3.813095E-03	6.751696E-05
5.597893E+03	3.861199E-03	6.819866E-05
5.607818E+03	3.909952E-03	6.888735E-05
5.617743E+03	3.959356E-03	6.958295E-05
5.627669E+03	4.009411E-03	7.028537E-05
5.637594E+03	4.060116E-03	7.099450E-05
5.647519E+03	4.111115E-03	7.170404E-05
5.657445E+03	4.162756E-03	7.241996E-05
5.667370E+03	4.215398E-03	7.314841E-05
5.677295E+03	4.268315E-03	7.387670E-05
5.687221E+03	4.321865E-03	7.461093E-05
5.697146E+03	4.376043E-03	7.535093E-05
5.707071E+03	4.430461E-03	7.608995E-05
5.716997E+03	4.485873E-03	7.684087E-05
5.726922E+03	4.541503E-03	7.759027E-05
5.736847E+03	4.598123E-03	7.835127E-05
5.746773E+03	4.654935E-03	7.911017E-05
5.756698E+03	4.712321E-03	7.987341E-05
5.766623E+03	4.770271E-03	8.064075E-05
5.776549E+03	4.828773E-03	8.141187E-05
5.786474E+03	4.887811E-03	8.218646E-05
5.796399E+03	4.946948E-03	8.295707E-05
5.806325E+03	5.007013E-03	8.373760E-05
5.816250E+03	5.067132E-03	8.451329E-05
5.826176E+03	5.127713E-03	8.529094E-05
5.836101E+03	5.189181E-03	8.607753E-05
5.846026E+03	5.250626E-03	8.685790E-05
5.855952E+03	5.312467E-03	8.763893E-05
5.865877E+03	5.374678E-03	8.842017E-05
5.875802E+03	5.436765E-03	8.919344E-05
5.885728E+03	5.499628E-03	8.997351E-05
5.895653E+03	5.562294E-03	9.074439E-05
5.905578E+03	5.625684E-03	9.152109E-05
5.915504E+03	5.688799E-03	9.228731E-05
5.925429E+03	5.752080E-03	9.305024E-05
5.935354E+03	5.815988E-03	9.381729E-05
5.945280E+03	5.879484E-03	9.457169E-05
5.955205E+03	5.943019E-03	9.532072E-05
5.965130E+03	6.006030E-03	9.605539E-05
5.975056E+03	6.069494E-03	9.679138E-05
5.984981E+03	6.132849E-03	9.751967E-05
5.994906E+03	6.195504E-03	9.823097E-05
6.004832E+03	6.258465E-03	9.894127E-05
6.014757E+03	6.320598E-03	9.963266E-05
6.024682E+03	6.382923E-03	1.003213E-04
6.034608E+03	6.444279E-03	1.009891E-04
6.044533E+03	6.505144E-03	1.016436E-04
6.054458E+03	6.565446E-03	1.022837E-04
6.064384E+03	6.625111E-03	1.029085E-04
6.074309E+03	6.684067E-03	1.035169E-04
6.084234E+03	6.742236E-03	1.041079E-04
6.094160E+03	6.799539E-03	1.046804E-04
6.104085E+03	6.855307E-03	1.052242E-04
6.114010E+03	6.910644E-03	1.057566E-04
6.123936E+03	6.964282E-03	1.062583E-04
6.133861E+03	7.017349E-03	1.067466E-04
6.143786E+03	7.068565E-03	1.072024E-04
6.153712E+03	7.118472E-03	1.076341E-04
6.163637E+03	7.167632E-03	1.080504E-04
6.173562E+03	7.214764E-03	1.084322E-04
6.183488E+03	7.260448E-03	1.087885E-04
6.193413E+03	7.304657E-03	1.091192E-04
6.203338E+03	7.347378E-03	1.094243E-04
6.213264E+03	7.388602E-03	1.097040E-04
6.223189E+03	7.428333E-03	1.099585E-04
6.233115E+03	7.465930E-03	1.101787E-04
6.243040E+03	7.502700E-03	1.103841E-04
6.252965E+03	7.538014E-03	1.105657E-04
6.262891E+03	7.571239E-03	1.107145E-04
6.272816E+03	7.603712E-03	1.108502E-04
6.282741E+03	7.634148E-03	1.109544E-04
6.292667E+03	7.663900E-03	1.110468E-04
6.302592E+03	7.691675E-03	1.111087E-04
6.312517E+03	7.718170E-03	1.111506E-04
6.322443E+03	7.743420E-03	1.111730E-04
6.332368E+03	7.768137E-03	1.111861E-04
6.342293E+03	7.791008E-03	1.111714E-04
6.352219E+03	7.812743E-03	1.111390E-04
6.362144E+03	7.833375E-03	1.110897E-04
6.372069E+03	7.852943E-03	1.110239E-04
6.381995E+03	7.871479E-03	1.109424E-04
6.391920E+03	7.889021E-03	1.108456E-04
6.401845E+03	7.904911E-03	1.107245E-04
6.411771E+03	7.920562E-03	1.105990E-04
6.421696E+03	7.935319E-03	1.104600E-04
6.431621E+03	7.949215E-03	1.103079E-04
6.441547E+03	7.961588E-03	1.101338E-04
6.451472E+03	7.973859E-03	1.099573E-04
6.461397E+03	7.984668E-03	1.097598E-04
6.471323E+03	7.995439E-03	1.095609E-04
6.481248E+03	8.004807E-03	1.093420E-04
6.491173E+03	8.014202E-03	1.091226E-04
6.501099E+03	8.022250E-03	1.088841E-04
6.511024E+03	8.030386E-03	1.086461E-04
6.520949E+03	8.037233E-03	1.083900E-04
6.530875E+03	8.043519E-03	1.081256E-04
6.540800E+03	8.049274E-03	1.078535E-04
6.550725E+03	8.054525E-03	1.075740E-04
6.560651E+03	8.060005E-03	1.072970E-04
6.570576E+03	8.064328E-03	1.070041E-04
6.580501E+03	8.068225E-03	1.067049E-04
6.590427E+03	8.071723E-03	1.064000E-04
6.600352E+03	8.074846E-03	1.060897E-04
6.610277E+03	8.077620E-03	1.057744E-04
6.620203E+03	8.080066E-03	1.054544E-04
6.630128E+03	8.082212E-03	1.051301E-04
6.640054E+03	8.083367E-03	1.047926E-04
6.649979E+03	8.084978E-03	1.044607E-04
6.659904E+03	8.086356E-03	1.041255E-04
6.669830E+03	8.087524E-03	1.037873E-04
6.679755E+03	8.087789E-03	1.034374E-04
6.689680E+03	8.088600E-03	1.030943E-04
6.699606E+03	8.089265E-03	1.027492E-04
6.709531E+03	8.089089E-03	1.023934E-04
6.719456E+03	8.089523E-03	1.020452E-04
6.729382E+03	8.089871E-03	1.016958E-04
6.739307E+03	8.089439E-03	1.013367E-04
6.749232E+03	8.089675E-03	1.009861E-04
6.759158E+03	8.089169E-03	1.006263E-04
6.769083E+03	8.088652E-03	1.002666E-04
6.779008E+03	8.088861E-03	9.991606E-05
6.788934E+03	8.088380E-03	9.955728E-05
6.798859E+03	8.087941E-03	9.919938E-05
6.808784E+03	8.088282E-03	9.885141E-05
6.818710E+03	8.087984E-03	9.849606E-05
6.828635E+03	8.087778E-03	9.814235E-05
6.838560E+03	8.087684E-03	9.779058E-05
6.848486E+03	8.087713E-03	9.744096E-05
6.858411E+03	8.088604E-03	9.710240E-05
6.868336E+03	8.088931E-03	9.675782E-05
6.878262E+03	8.089429E-03	9.641615E-05
6.888187E+03	8.090111E-03	9.607762E-05
6.898112E+03	8.090990E-03	9.574244E-05
6.908038E+03	8.092081E-03	9.541088E-05
6.917963E+03	8.093397E-03	9.508315E-05
6.927888E+03	8.094226E-03	9.475103E-05
6.937814E+03	8.096028E-03	9.443169E-05
6.947739E+03	8.098090E-03	9.411688E-05
6.957664E+03	8.100426E-03	9.380682E-05
6.967590E+03	8.103045E-03	9.350173E-05
6.977515E+03	8.105231E-03	9.319348E-05
6.987440E+03	8.108447E-03	9.289903E-05
6.997366E+03	8.111978E-03	9.261021E-05
7.007291E+03	8.115104E-03	9.231897E-05
7.017216E+03	8.119288E-03	9.204210E-05
7.027142E+03	8.123084E-03	9.176329E-05
7.037067E+03	8.127955E-03	9.149925E-05
7.046993E+03	8.132450E-03	9.123371E-05
7.056918E+03	8.138038E-03	9.098335E-05
7.066843E+03	8.143259E-03	9.073196E-05
7.076769E+03	8.148851E-03	9.048796E-05
7.086694E+03	8.155554E-03	9.025971E-05
7.096619E+03	8.161902E-03	9.003111E-05
7.106545E+03	8.168634E-03	8.981054E-05
7.116470E+03	8.175751E-03	8.959819E-05
7.126395E+03	8.183254E-03	8.939425E-05
7.136321E+03	8.191886E-03	8.920700E-05
7.146246E+03	8.200165E-03	8.902049E-05
7.156171E+03	8.208832E-03	8.884299E-05
7.166097E+03	8.217883E-03	8.867470E-05
7.176022E+03	8.227316E-03	8.851579E-05
7.185947E+03	8.236377E-03	8.835842E-05
7.195873E+03	8.246557E-03	8.821882E-05
7.205798E+03	8.257100E-03	8.808913E-05
7.215723E+03	8.267999E-03	8.796950E-05
7.225649E+03	8.278492E-03	8.785210E-05
7.235574E+03	8.290071E-03	8.775306E-05
7.245499E+03	8.301970E-03	8.766452E-05
7.255425E+03	8.313421E-03	8.757863E-05
7.265350E+03	8.325916E-03	8.751144E-05
7.275275E+03	8.337922E-03	8.744712E-05
7.285201E+03	8.350938E-03	8.740168E-05
7.295126E+03	8.363416E-03	8.735924E-05
7.305051E+03	8.376094E-03	8.732784E-05
7.314977E+03	8.388942E-03	8.730749E-05
7.324902E+03	8.402701E-03	8.730621E-05
7.334827E+03	8.415799E-03	8.730799E-05
7.344753E+03	8.428971E-03	8.732082E-05
7.354678E+03	8.442179E-03	8.734464E-05
7.364603E+03	8.455383E-03	8.737937E-05
7.374529E+03	8.468542E-03	8.742493E-05
7.384454E+03	8.481612E-03	8.748122E-05
7.394379E+03	8.493766E-03	8.754006E-05
7.404305E+03	8.506519E-03	8.761741E-05
7.414230E+03	8.519045E-03	8.770510E-05
7.424156E+03	8.530510E-03	8.779489E-05
7.434081E+03	8.542443E-03	8.790283E-05
7.444006E+03	8.553224E-03	8.801259E-05
7.453932E+03	8.564393E-03	8.814035E-05
7.463857E+03	8.574334E-03	8.826977E-05
7.473782E+03	8.584605E-03	8.841720E-05
7.483708E+03	8.593599E-03	8.856637E-05
7.493633E+03	8.602098E-03	8.872563E-05
7.503558E+03	8.610103E-03	8.889524E-05
7.513484E+03	8.617625E-03	8.907549E-05
7.523409E+03	8.624679E-03	8.926642E-05
7.533334E+03	8.631294E-03	8.946810E-05
7.543260E+03	8.637499E-03	8.968065E-05
7.553185E+03	8.643333E-03	8.990427E-05
7.563110E+03	8.648032E-03	9.013074E-05
7.573036E+03	8.653249E-03	9.037706E-05
7.582961E+03	8.658227E-03	9.063512E-05
7.592886E+03	8.662200E-03	9.089662E-05
7.602812E+03	8.666835E-03	9.117880E-05
7.612737E+03	8.670554E-03	9.146482E-05
7.622662E+03	8.674212E-03	9.176340E-05
7.632588E+03	8.678667E-03	9.208339E-05
7.642513E+03	8.682331E-03	9.240771E-05
7.652438E+03	8.686055E-03	9.274512E-05
7.662364E+03	8.689876E-03	9.309576E-05
7.672289E+03	8.693828E-03	9.345975E-05
7.682214E+03	8.697944E-03	9.383719E-05
7.692140E+03	8.701430E-03	9.421926E-05
7.702065E+03	8.705957E-03	9.462377E-05
7.711990E+03	8.710731E-03	9.504194E-05
7.721916E+03	8.714948E-03	9.546472E-05
7.731841E+03	8.720278E-03	9.591017E-05
7.741766E+03	8.725091E-03	9.636017E-05
7.751692E+03	8.731056E-03	9.683291E-05
7.761617E+03	8.736533E-03	9.731005E-05
7.771542E+03	8.742365E-03	9.780067E-05
7.781468E+03	8.748562E-03	9.830471E-05
7.791393E+03	8.755137E-03	9.882215E-05
7.801318E+03	8.762098E-03	9.935286E-05
7.811244E+03	8.769454E-03	9.989681E-05
7.821169E+03	8.777213E-03	1.004539E-04
7.831095E+03	8.785377E-03	1.010240E-04
7.841020E+03	8.793112E-03	1.015973E-04
7.850945E+03	8.802104E-03	1.021931E-04
7.860871E+03	8.810666E-03	1.027918E-04
7.870796E+03	8.820494E-03	1.034128E-04
7.880721E+03	8.829892E-03	1.040363E-04
7.890647E+03	8.839705E-03	1.046720E-04
7.900572E+03	8.850788E-03	1.053300E-04
7.910497E+03	8.861432E-03	1.059897E-04
7.920423E+03	8.872486E-03	1.066613E-04
7.930348E+03	8.883949E-03	1.073444E-04
7.940273E+03	8.894950E-03	1.080286E-04
7.950199E+03	8.907210E-03	1.087345E-04
7.960124E+03	8.919863E-03	1.094515E-04
7.970049E+03	8.932903E-03	1.101795E-04
7.979975E+03	8.945450E-03	1.109075E-04
7.989900E+03	8.959239E-03	1.116568E-04
7.999825E+03	8.972517E-03	1.124057E-04
8.009751E+03	8.986145E-03	1.131646E-04
8.019676E+03	9.000116E-03	1.139335E-04
8.029601E+03	9.015304E-03	1.147233E-04
8.039527E+03	9.029932E-03	1.155114E-04
8.049452E+03	9.044873E-03	1.163089E-04
8.059377E+03	9.059222E-03	1.171039E-04
8.069303E+03	9.074748E-03	1.179193E-04
8.079228E+03	9.090553E-03	1.187433E-04
8.089153E+03	9.106620E-03	1.195757E-04
8.099079E+03	9.122036E-03	1.204044E-04
8.109004E+03	9.138589E-03	1.212528E-04
8.118929E+03	9.154457E-03	1.220968E-04
8.128855E+03	9.171440E-03	1.229603E-04
8.138780E+03	9.187702E-03	1.238187E-04
8.148705E+03	9.204135E-03	1.246838E-04
8.158631E+03	9.220725E-03	1.255553E-04
8.168556E+03	9.237455E-03	1.264330E-04
8.178481E+03	9.254307E-03	1.273165E-04
8.188407E+03	9.271266E-03	1.282056E-04
8.198332E+03	9.288311E-03	1.290999E-04
8.208257E+03	9.305425E-03	1.299992E-04
8.218183E+03	9.321651E-03	1.308899E-04
8.228108E+03	9.338845E-03	1.317979E-04
8.238034E+03	9.356048E-03	1.327099E-04
8.247959E+03	9.372294E-03	1.336119E-04
8.257884E+03	9.388504E-03	1.345169E-04
8.267810E+03	9.405610E-03	1.354382E-04
8.277735E+03	9.421687E-03	1.363481E-04
8.287660E+03	9.437660E-03	1.372598E-04
8.297586E+03	9.453510E-03	1.381729E-04
8.307511E+03	9.469210E-03	1.390869E-04
8.317436E+03	9.484737E-03	1.400015E-04
8.327362E+03	9.500067E-03	1.409161E-04
8.337287E+03	9.515174E-03	1.418304E-04
8.347212E+03	9.530031E-03	1.427437E-04
8.357138E+03	9.543630E-03	1.436409E-04
8.367063E+03	9.557904E-03	1.445509E-04
8.376988E+03	9.571846E-03	1.454584E-04
8.386914E+03	9.584436E-03	1.463477E-04
8.396839E+03	9.597622E-03	1.472486E-04
8.406764E+03	9.609388E-03	1.481298E-04
8.416690E+03	9.620695E-03	1.490061E-04
8.426615E+03	9.631510E-03	1.498768E-04
8.436540E+03	9.642802E-03	1.507568E-04
8.446466E+03	9.652532E-03	1.516142E-04
8.456391E+03	9.661666E-03	1.524640E-04
8.466316E+03	9.670168E-03	1.533054E-04
8.476242E+03	9.678000E-03	1.541376E-04
8.486167E+03	9.685126E-03	1.549598E-04
8.496092E+03	9.691507E-03	1.557714E-04
8.506018E+03	9.696082E-03	1.565549E-04
8.515943E+03	9.700856E-03	1.573426E-04
8.525868E+03	9.704770E-03	1.581171E-04
8.535794E+03	9.706759E-03	1.588608E-04
8.545719E+03	9.708840E-03	1.596065E-04
8.555644E+03	9.709953E-03	1.603368E-04
8.565570E+03	9.709031E-03	1.610335E-04
8.575495E+03	9.707076E-03	1.617131E-04
8.585420E+03	9.705097E-03	1.623922E-04
8.595346E+03	9.701002E-03	1.630355E-04
8.605271E+03	9.695808E-03	1.636598E-04
8.615196E+03	9.690544E-03	1.642824E-04
8.625122E+03	9.683123E-03	1.648675E-04
8.635047E+03	9.674583E-03	1.654324E-04
8.644973E+03	9.664930E-03	1.659770E-04
8.654898E+03	9.654172E-03	1.665010E-04
8.664823E+03	9.642323E-03	1.670043E-04
8.674749E+03	9.629402E-03	1.674871E-04
8.684674E+03	9.615429E-03	1.679494E-04
8.694599E+03	9.600429E-03	1.683913E-04
8.704525E+03	9.584426E-03	1.688129E-04
8.714450E+03	9.567451E-03	1.692147E-04
8.724375E+03	9.549529E-03	1.695966E-04
8.734301E+03	9.530692E-03	1.699592E-04
8.744226E+03	9.509920E-03	1.702837E-04
8.754151E+03	9.489339E-03	1.706081E-04
8.764077E+03	9.467928E-03	1.709138E-04
8.774002E+03	9.445718E-03	1.712013E-04
8.783927E+03	9.421691E-03	1.714517E-04
8.793853E+03	9.397964E-03	1.717033E-04
8.803778E+03	9.372475E-03	1.719183E-04
8.813703E+03	9.347337E-03	1.721352E-04
8.823629E+03	9.321531E-03	1.723353E-04
8.833554E+03	9.294040E-03	1.724994E-04
8.843479E+03	9.266970E-03	1.726664E-04
8.853405E+03	9.238262E-03	1.727979E-04
8.863330E+03	9.210016E-03	1.729328E-04
8.873255E+03	9.180178E-03	1.730326E-04
8.883181E+03	9.150840E-03	1.731366E-04
8.893106E+03	9.119953E-03	1.732057E-04
8.903031E+03	9.088572E-03	1.732598E-04
8.912957E+03	9.057743E-03	1.733189E-04
8.922882E+03	9.025427E-03	1.733437E-04
8.932807E+03	8.993695E-03	1.733740E-04
8.972509E+03	8.859607E-03	1.732971E-04
9.012210E+03	8.720759E-03	1.730284E-04
9.051912E+03	8.576052E-03	1.725412E-04
9.091613E+03	8.428356E-03	1.718889E-04
9.131314E+03	8.276457E-03	1.710439E-04
9.171016E+03	8.123050E-03	1.700596E-04
9.210717E+03	7.968757E-03	1.689482E-04
9.250418E+03	7.813184E-03	1.677014E-04
9.290120E+03	7.656863E-03	1.663303E-04
9.329821E+03	7.500267E-03	1.648459E-04
9.369522E+03	7.345658E-03	1.632994E-04
9.409224E+03	7.191520E-03	1.616593E-04
9.448925E+03	7.038179E-03	1.599346E-04
9.488627E+03	6.887681E-03	1.581745E-04
9.528328E+03	6.738456E-03	1.563459E-04
9.568029E+03	6.591570E-03	1.544763E-04
9.607731E+03	6.447163E-03	1.525720E-04
9.647432E+03	6.305345E-03	1.506391E-04
9.687133E+03	6.166207E-03	1.486830E-04
9.726835E+03	6.029811E-03	1.467086E-04
9.766536E+03	5.896206E-03	1.447204E-04
9.806237E+03	5.765421E-03	1.427227E-04
9.845939E+03	5.637476E-03	1.407191E-04
9.885640E+03	5.512373E-03	1.387132E-04
9.925342E+03	5.390864E-03	1.367272E-04
9.965043E+03	5.272157E-03	1.347444E-04
1.000474E+04	5.155498E-03	1.327487E-04
1.004445E+04	5.042338E-03	1.307803E-04
1.008415E+04	4.932612E-03	1.288409E-04
1.012385E+04	4.824853E-03	1.268951E-04
1.016355E+04	4.720435E-03	1.249818E-04
1.020325E+04	4.618603E-03	1.230839E-04
1.024295E+04	4.519317E-03	1.212030E-04
