#wls	flux	fluxerr
1.591660E+03	1.296466E-04	3.159553E-05
1.631451E+03	1.330545E-04	3.242449E-05
1.671243E+03	1.365586E-04	3.327679E-05
1.711034E+03	1.401840E-04	3.415854E-05
1.750826E+03	1.439082E-04	3.506421E-05
1.790617E+03	1.477565E-04	3.600001E-05
1.830409E+03	1.517569E-04	3.697274E-05
1.870200E+03	1.558328E-04	3.796373E-05
1.909992E+03	1.600635E-04	3.899231E-05
1.949783E+03	1.644240E-04	4.005232E-05
1.989575E+03	1.689149E-04	4.114397E-05
2.029366E+03	1.735071E-04	4.226012E-05
2.069158E+03	1.782586E-04	4.341490E-05
2.108949E+03	1.831095E-04	4.459371E-05
2.148741E+03	1.881193E-04	4.581105E-05
2.188532E+03	1.932569E-04	4.705931E-05
2.228324E+03	1.985200E-04	4.833795E-05
2.268115E+03	2.039065E-04	4.964640E-05
2.307907E+03	2.094131E-04	5.098390E-05
2.347698E+03	2.150363E-04	5.234958E-05
2.387490E+03	2.208076E-04	5.375109E-05
2.427281E+03	2.266880E-04	5.517891E-05
2.467073E+03	2.326722E-04	5.663176E-05
2.506864E+03	2.387920E-04	5.811738E-05
2.546656E+03	2.450044E-04	5.962529E-05
2.586447E+03	2.513420E-04	6.116337E-05
2.626239E+03	2.577585E-04	6.272043E-05
2.666030E+03	2.642868E-04	6.430441E-05
2.705821E+03	2.708785E-04	6.590352E-05
2.745613E+03	2.775240E-04	6.751546E-05
2.785404E+03	2.842568E-04	6.914835E-05
2.825196E+03	2.910687E-04	7.080020E-05
2.864987E+03	2.979515E-04	7.246899E-05
2.904779E+03	3.048506E-04	7.414144E-05
2.944570E+03	3.117550E-04	7.581489E-05
2.984362E+03	3.187470E-04	7.750933E-05
2.994310E+03	3.204975E-04	7.793351E-05
3.004258E+03	3.221970E-04	7.834528E-05
3.014206E+03	3.239864E-04	7.877886E-05
3.024153E+03	3.257242E-04	7.919991E-05
3.034101E+03	3.274576E-04	7.961983E-05
3.044049E+03	3.291860E-04	8.003856E-05
3.053997E+03	3.309573E-04	8.046766E-05
3.063945E+03	3.326756E-04	8.088388E-05
3.073893E+03	3.344367E-04	8.131049E-05
3.083841E+03	3.361925E-04	8.173576E-05
3.093789E+03	3.379427E-04	8.215968E-05
3.103736E+03	3.396872E-04	8.258218E-05
3.113684E+03	3.414257E-04	8.300323E-05
3.123632E+03	3.431582E-04	8.342277E-05
3.133580E+03	3.448843E-04	8.384076E-05
3.143528E+03	3.466531E-04	8.426911E-05
3.153476E+03	3.483662E-04	8.468389E-05
3.163424E+03	3.501218E-04	8.510898E-05
3.173372E+03	3.518706E-04	8.553242E-05
3.183319E+03	3.536126E-04	8.595415E-05
3.193267E+03	3.552974E-04	8.636200E-05
3.203215E+03	3.570747E-04	8.679228E-05
3.213163E+03	3.587945E-04	8.720860E-05
3.223111E+03	3.605068E-04	8.762304E-05
3.233059E+03	3.622111E-04	8.803556E-05
3.243007E+03	3.639579E-04	8.845837E-05
3.252955E+03	3.656462E-04	8.886693E-05
3.262902E+03	3.673767E-04	8.928576E-05
3.272850E+03	3.690991E-04	8.970259E-05
3.282798E+03	3.708130E-04	9.011734E-05
3.292746E+03	3.724673E-04	9.051757E-05
3.302694E+03	3.742150E-04	9.094049E-05
3.312642E+03	3.759027E-04	9.134882E-05
3.322590E+03	3.775814E-04	9.175494E-05
3.332538E+03	3.792509E-04	9.215881E-05
3.342485E+03	3.809627E-04	9.257295E-05
3.352433E+03	3.826137E-04	9.297228E-05
3.362381E+03	3.843068E-04	9.338184E-05
3.372329E+03	3.859904E-04	9.378907E-05
3.382277E+03	3.876124E-04	9.418132E-05
3.392225E+03	3.892766E-04	9.458381E-05
3.402173E+03	3.909310E-04	9.498389E-05
3.412120E+03	3.926276E-04	9.539422E-05
3.422068E+03	3.942621E-04	9.578943E-05
3.432016E+03	3.958863E-04	9.618214E-05
3.441964E+03	3.975002E-04	9.657233E-05
3.451912E+03	3.991565E-04	9.697278E-05
3.461860E+03	4.007497E-04	9.735791E-05
3.471808E+03	4.023851E-04	9.775329E-05
3.481756E+03	4.040101E-04	9.814612E-05
3.491703E+03	4.056246E-04	9.853636E-05
3.501651E+03	4.072283E-04	9.892399E-05
3.511599E+03	4.088214E-04	9.930901E-05
3.521547E+03	4.104037E-04	9.969142E-05
3.531495E+03	4.119751E-04	1.000711E-04
3.541443E+03	4.135357E-04	1.004482E-04
3.551391E+03	4.150852E-04	1.008226E-04
3.561339E+03	4.166773E-04	1.012074E-04
3.571286E+03	4.182049E-04	1.015764E-04
3.581234E+03	4.197749E-04	1.019557E-04
3.591182E+03	4.212804E-04	1.023194E-04
3.601130E+03	4.228283E-04	1.026933E-04
3.611078E+03	4.243651E-04	1.030645E-04
3.621026E+03	4.258908E-04	1.034331E-04
3.630974E+03	4.274053E-04	1.037989E-04
3.640922E+03	4.289086E-04	1.041619E-04
3.650869E+03	4.304008E-04	1.045223E-04
3.660817E+03	4.318817E-04	1.048799E-04
3.670765E+03	4.333515E-04	1.052348E-04
3.680713E+03	4.348099E-04	1.055869E-04
3.690661E+03	4.363113E-04	1.059494E-04
3.700609E+03	4.377472E-04	1.062961E-04
3.710557E+03	4.391720E-04	1.066400E-04
3.720505E+03	4.406398E-04	1.069944E-04
3.730452E+03	4.420422E-04	1.073329E-04
3.740400E+03	4.434877E-04	1.076818E-04
3.750348E+03	4.449220E-04	1.080280E-04
3.760296E+03	4.462908E-04	1.083583E-04
3.770244E+03	4.477028E-04	1.086991E-04
3.780192E+03	4.491039E-04	1.090372E-04
3.790140E+03	4.504937E-04	1.093726E-04
3.800088E+03	4.518725E-04	1.097053E-04
3.810035E+03	4.531858E-04	1.100220E-04
3.819983E+03	4.545426E-04	1.103494E-04
3.829931E+03	4.558884E-04	1.106741E-04
3.839879E+03	4.572233E-04	1.109961E-04
3.849827E+03	4.586020E-04	1.113287E-04
3.859775E+03	4.599151E-04	1.116455E-04
3.869723E+03	4.612174E-04	1.119595E-04
3.879671E+03	4.625088E-04	1.122710E-04
3.889618E+03	4.637895E-04	1.125798E-04
3.899566E+03	4.650594E-04	1.128861E-04
3.909514E+03	4.663734E-04	1.132030E-04
3.919462E+03	4.676219E-04	1.135040E-04
3.929410E+03	4.688599E-04	1.138025E-04
3.939358E+03	4.700872E-04	1.140984E-04
3.949306E+03	4.713588E-04	1.144050E-04
3.959254E+03	4.725651E-04	1.146958E-04
3.969201E+03	4.737608E-04	1.149840E-04
3.979149E+03	4.750009E-04	1.152830E-04
3.989097E+03	4.761758E-04	1.155661E-04
3.999045E+03	4.773402E-04	1.158468E-04
4.008993E+03	4.785492E-04	1.161382E-04
4.018941E+03	4.796929E-04	1.164138E-04
4.028889E+03	4.808263E-04	1.166869E-04
4.038836E+03	4.820042E-04	1.169708E-04
4.048784E+03	4.831170E-04	1.172389E-04
4.058732E+03	4.842744E-04	1.175178E-04
4.068680E+03	4.853667E-04	1.177810E-04
4.078628E+03	4.864487E-04	1.180416E-04
4.088576E+03	4.875205E-04	1.182998E-04
4.098524E+03	4.886368E-04	1.185688E-04
4.108472E+03	4.896881E-04	1.188220E-04
4.118419E+03	4.907292E-04	1.190728E-04
4.128367E+03	4.917599E-04	1.193210E-04
4.138315E+03	4.928352E-04	1.195801E-04
4.148263E+03	4.938453E-04	1.198233E-04
4.158211E+03	4.948452E-04	1.200641E-04
4.168159E+03	4.958348E-04	1.203024E-04
4.178107E+03	4.968139E-04	1.205382E-04
4.188055E+03	4.977825E-04	1.207714E-04
4.198002E+03	4.987408E-04	1.210021E-04
4.207950E+03	4.996884E-04	1.212303E-04
4.217898E+03	5.006254E-04	1.214559E-04
4.227846E+03	5.015518E-04	1.216789E-04
4.237794E+03	5.024675E-04	1.218994E-04
4.247742E+03	5.033177E-04	1.221040E-04
4.257690E+03	5.042117E-04	1.223192E-04
4.267638E+03	5.050945E-04	1.225317E-04
4.277585E+03	5.059120E-04	1.227284E-04
4.287533E+03	5.067725E-04	1.229355E-04
4.297481E+03	5.075673E-04	1.231267E-04
4.307429E+03	5.084051E-04	1.233284E-04
4.317377E+03	5.091769E-04	1.235141E-04
4.327325E+03	5.099371E-04	1.236970E-04
4.337273E+03	5.107397E-04	1.238901E-04
4.347221E+03	5.114758E-04	1.240672E-04
4.357168E+03	5.121999E-04	1.242414E-04
4.367116E+03	5.129116E-04	1.244126E-04
4.377064E+03	5.136107E-04	1.245807E-04
4.387012E+03	5.142430E-04	1.247327E-04
4.396960E+03	5.149165E-04	1.248947E-04
4.406908E+03	5.155768E-04	1.250535E-04
4.416856E+03	5.161698E-04	1.251960E-04
4.426804E+03	5.168031E-04	1.253484E-04
4.436751E+03	5.173688E-04	1.254843E-04
4.446699E+03	5.179741E-04	1.256298E-04
4.456647E+03	5.185114E-04	1.257590E-04
4.466595E+03	5.190340E-04	1.258845E-04
4.476543E+03	5.195419E-04	1.260066E-04
4.486491E+03	5.200346E-04	1.261249E-04
4.496439E+03	5.205119E-04	1.262396E-04
4.506387E+03	5.209200E-04	1.263375E-04
4.516334E+03	5.213656E-04	1.264445E-04
4.526282E+03	5.217414E-04	1.265346E-04
4.536230E+03	5.221540E-04	1.266337E-04
4.546178E+03	5.224963E-04	1.267158E-04
4.556126E+03	5.228213E-04	1.267937E-04
4.566074E+03	5.231287E-04	1.268674E-04
4.576022E+03	5.234181E-04	1.269367E-04
4.585970E+03	5.236893E-04	1.270016E-04
4.595917E+03	5.238888E-04	1.270492E-04
4.605865E+03	5.241220E-04	1.271051E-04
4.615813E+03	5.242831E-04	1.271434E-04
4.625761E+03	5.244773E-04	1.271898E-04
4.635709E+03	5.245984E-04	1.272186E-04
4.645657E+03	5.246991E-04	1.272424E-04
4.655605E+03	5.247790E-04	1.272612E-04
4.665553E+03	5.248375E-04	1.272749E-04
4.675500E+03	5.248221E-04	1.272706E-04
4.685448E+03	5.248371E-04	1.272738E-04
4.695396E+03	5.247776E-04	1.272590E-04
4.705344E+03	5.247474E-04	1.272513E-04
4.715292E+03	5.246422E-04	1.272255E-04
4.725240E+03	5.245140E-04	1.271941E-04
4.735188E+03	5.243622E-04	1.271570E-04
4.745135E+03	5.241352E-04	1.271018E-04
4.755083E+03	5.239360E-04	1.270533E-04
4.765031E+03	5.236615E-04	1.269866E-04
4.774979E+03	5.234147E-04	1.269267E-04
4.784927E+03	5.230927E-04	1.268486E-04
4.794875E+03	5.227472E-04	1.267648E-04
4.804823E+03	5.223785E-04	1.266754E-04
4.814771E+03	5.219868E-04	1.265805E-04
4.824718E+03	5.215217E-04	1.264679E-04
4.834666E+03	5.210855E-04	1.263623E-04
4.844614E+03	5.205771E-04	1.262392E-04
4.854562E+03	5.200478E-04	1.261111E-04
4.864510E+03	5.194983E-04	1.259781E-04
4.874458E+03	5.189292E-04	1.258404E-04
4.884406E+03	5.182911E-04	1.256860E-04
4.894354E+03	5.176847E-04	1.255394E-04
4.904301E+03	5.170108E-04	1.253764E-04
4.914249E+03	5.163697E-04	1.252214E-04
4.924197E+03	5.156626E-04	1.250504E-04
4.934145E+03	5.149400E-04	1.248758E-04
4.944093E+03	5.141531E-04	1.246855E-04
4.954041E+03	5.134015E-04	1.245039E-04
4.963989E+03	5.125872E-04	1.243070E-04
4.973937E+03	5.118090E-04	1.241190E-04
4.983884E+03	5.109696E-04	1.239162E-04
4.993832E+03	5.101187E-04	1.237105E-04
5.003780E+03	5.092569E-04	1.235023E-04
5.013728E+03	5.083364E-04	1.232799E-04
5.023676E+03	5.074544E-04	1.230668E-04
5.033624E+03	5.065153E-04	1.228399E-04
5.043572E+03	5.056155E-04	1.226226E-04
5.053520E+03	5.046598E-04	1.223917E-04
5.063467E+03	5.036967E-04	1.221591E-04
5.073415E+03	5.026793E-04	1.219134E-04
5.083363E+03	5.017030E-04	1.216776E-04
5.093311E+03	5.006736E-04	1.214289E-04
5.103259E+03	4.996861E-04	1.211905E-04
5.113207E+03	4.986466E-04	1.209395E-04
5.123155E+03	4.976028E-04	1.206874E-04
5.133103E+03	4.965551E-04	1.204345E-04
5.143050E+03	4.954576E-04	1.201694E-04
5.152998E+03	4.944034E-04	1.199149E-04
5.162946E+03	4.933004E-04	1.196486E-04
5.172894E+03	4.921953E-04	1.193818E-04
5.182842E+03	4.910885E-04	1.191146E-04
5.192790E+03	4.899803E-04	1.188470E-04
5.202738E+03	4.888710E-04	1.185793E-04
5.212686E+03	4.877610E-04	1.183113E-04
5.222633E+03	4.866052E-04	1.180323E-04
5.232581E+03	4.854494E-04	1.177533E-04
5.242529E+03	4.842941E-04	1.174744E-04
5.252477E+03	4.831393E-04	1.171957E-04
5.262425E+03	4.819854E-04	1.169172E-04
5.272373E+03	4.808326E-04	1.166390E-04
5.282321E+03	4.796366E-04	1.163503E-04
5.292269E+03	4.784867E-04	1.160728E-04
5.302216E+03	4.772943E-04	1.157850E-04
5.312164E+03	4.761040E-04	1.154977E-04
5.322112E+03	4.749160E-04	1.152110E-04
5.332060E+03	4.737306E-04	1.149250E-04
5.342008E+03	4.725040E-04	1.146289E-04
5.351956E+03	4.713240E-04	1.143442E-04
5.361904E+03	4.701034E-04	1.140497E-04
5.371851E+03	4.688860E-04	1.137559E-04
5.381799E+03	4.676720E-04	1.134629E-04
5.391747E+03	4.664613E-04	1.131708E-04
5.401695E+03	4.652541E-04	1.128795E-04
5.411643E+03	4.640503E-04	1.125891E-04
5.421591E+03	4.628077E-04	1.122892E-04
5.431539E+03	4.616114E-04	1.120006E-04
5.441487E+03	4.603763E-04	1.117026E-04
5.451434E+03	4.591453E-04	1.114056E-04
5.461382E+03	4.579181E-04	1.111095E-04
5.471330E+03	4.566949E-04	1.108144E-04
5.481278E+03	4.554339E-04	1.105101E-04
5.491226E+03	4.542186E-04	1.102169E-04
5.501174E+03	4.529658E-04	1.099146E-04
5.511122E+03	4.517171E-04	1.096133E-04
5.521070E+03	4.505137E-04	1.093230E-04
5.531017E+03	4.492730E-04	1.090237E-04
5.540965E+03	4.479952E-04	1.087154E-04
5.550913E+03	4.467624E-04	1.084180E-04
5.560861E+03	4.455335E-04	1.081215E-04
5.570809E+03	4.442677E-04	1.078161E-04
5.580757E+03	4.430462E-04	1.075214E-04
5.590705E+03	4.417881E-04	1.072179E-04
5.600653E+03	4.405335E-04	1.069152E-04
5.610600E+03	4.392827E-04	1.066134E-04
5.620548E+03	4.380353E-04	1.063124E-04
5.630496E+03	4.367514E-04	1.060026E-04
5.640444E+03	4.355107E-04	1.057033E-04
5.650392E+03	4.342732E-04	1.054047E-04
5.660340E+03	4.329991E-04	1.050973E-04
5.670288E+03	4.317280E-04	1.047906E-04
5.680236E+03	4.304600E-04	1.044846E-04
5.690183E+03	4.291947E-04	1.041793E-04
5.700131E+03	4.279320E-04	1.038747E-04
5.710079E+03	4.266719E-04	1.035706E-04
5.720027E+03	4.254140E-04	1.032671E-04
5.729975E+03	4.241195E-04	1.029547E-04
5.739923E+03	4.228659E-04	1.026522E-04
5.749871E+03	4.215755E-04	1.023408E-04
5.759819E+03	4.202871E-04	1.020298E-04
5.769766E+03	4.190384E-04	1.017286E-04
5.779714E+03	4.177530E-04	1.014183E-04
5.789662E+03	4.164689E-04	1.011084E-04
5.799610E+03	4.151481E-04	1.007896E-04
5.809558E+03	4.138661E-04	1.004802E-04
5.819506E+03	4.125849E-04	1.001710E-04
5.829454E+03	4.112668E-04	9.985279E-05
5.839402E+03	4.099865E-04	9.954379E-05
5.849349E+03	4.086693E-04	9.922581E-05
5.859297E+03	4.073523E-04	9.890786E-05
5.869245E+03	4.060352E-04	9.858991E-05
5.879193E+03	4.047548E-04	9.828084E-05
5.889141E+03	4.034004E-04	9.795379E-05
5.899089E+03	4.020822E-04	9.763555E-05
5.909037E+03	4.007632E-04	9.731710E-05
5.918985E+03	3.994433E-04	9.699840E-05
5.928932E+03	3.980860E-04	9.667064E-05
5.938880E+03	3.967637E-04	9.635134E-05
5.948828E+03	3.954039E-04	9.602295E-05
5.958776E+03	3.940785E-04	9.570288E-05
5.968724E+03	3.927154E-04	9.537367E-05
5.978672E+03	3.913506E-04	9.504403E-05
5.988620E+03	3.899836E-04	9.471387E-05
5.998568E+03	3.886146E-04	9.438318E-05
6.008515E+03	3.872431E-04	9.405189E-05
6.018463E+03	3.858693E-04	9.372000E-05
6.028411E+03	3.844926E-04	9.338744E-05
6.038359E+03	3.830784E-04	9.304573E-05
6.048307E+03	3.816961E-04	9.271177E-05
6.058255E+03	3.802761E-04	9.236864E-05
6.068203E+03	3.788876E-04	9.203316E-05
6.078150E+03	3.774613E-04	9.168848E-05
6.088098E+03	3.760660E-04	9.135132E-05
6.098046E+03	3.746329E-04	9.100497E-05
6.107994E+03	3.731964E-04	9.065776E-05
6.117942E+03	3.717562E-04	9.030966E-05
6.127890E+03	3.703123E-04	8.996063E-05
6.137838E+03	3.688646E-04	8.961068E-05
6.147786E+03	3.674130E-04	8.925978E-05
6.157733E+03	3.659575E-04	8.890791E-05
6.167681E+03	3.644979E-04	8.855504E-05
6.177629E+03	3.630012E-04	8.819312E-05
6.187577E+03	3.615336E-04	8.783828E-05
6.197525E+03	3.600289E-04	8.747441E-05
6.207473E+03	3.585530E-04	8.711752E-05
6.217421E+03	3.570403E-04	8.675166E-05
6.227369E+03	3.555561E-04	8.639272E-05
6.237316E+03	3.540353E-04	8.602488E-05
6.247264E+03	3.525105E-04	8.565605E-05
6.257212E+03	3.510139E-04	8.529407E-05
6.267160E+03	3.494811E-04	8.492326E-05
6.277108E+03	3.479445E-04	8.455151E-05
6.287056E+03	3.464039E-04	8.417879E-05
6.297004E+03	3.448596E-04	8.380517E-05
6.306952E+03	3.433116E-04	8.343060E-05
6.316899E+03	3.417600E-04	8.305516E-05
6.326847E+03	3.402048E-04	8.267882E-05
6.336795E+03	3.386151E-04	8.229409E-05
6.346743E+03	3.370532E-04	8.191611E-05
6.356691E+03	3.354881E-04	8.153733E-05
6.366639E+03	3.338893E-04	8.115034E-05
6.376587E+03	3.323182E-04	8.077006E-05
6.386535E+03	3.307444E-04	8.038912E-05
6.396482E+03	3.291377E-04	8.000016E-05
6.406430E+03	3.275589E-04	7.961797E-05
6.416378E+03	3.259478E-04	7.922789E-05
6.426326E+03	3.243347E-04	7.883735E-05
6.436274E+03	3.227498E-04	7.845362E-05
6.446222E+03	3.211335E-04	7.806225E-05
6.456170E+03	3.195159E-04	7.767054E-05
6.466118E+03	3.178973E-04	7.727859E-05
6.476065E+03	3.163070E-04	7.689348E-05
6.486013E+03	3.146867E-04	7.650108E-05
6.495961E+03	3.130662E-04	7.610859E-05
6.505909E+03	3.114454E-04	7.571603E-05
6.515857E+03	3.098248E-04	7.532350E-05
6.525805E+03	3.082045E-04	7.493102E-05
6.535753E+03	3.065848E-04	7.453868E-05
6.545701E+03	3.049377E-04	7.413965E-05
6.555648E+03	3.033201E-04	7.374779E-05
6.565596E+03	3.017039E-04	7.335623E-05
6.575544E+03	3.000893E-04	7.296506E-05
6.585492E+03	2.984766E-04	7.257432E-05
6.595440E+03	2.968386E-04	7.217742E-05
6.605388E+03	2.952307E-04	7.178782E-05
6.615336E+03	2.936254E-04	7.139885E-05
6.625284E+03	2.919961E-04	7.100402E-05
6.635231E+03	2.903972E-04	7.061656E-05
6.645179E+03	2.887751E-04	7.022345E-05
6.655127E+03	2.871837E-04	6.983778E-05
6.665075E+03	2.855700E-04	6.944666E-05
6.675023E+03	2.839871E-04	6.906303E-05
6.684971E+03	2.823827E-04	6.867414E-05
6.694919E+03	2.807833E-04	6.828647E-05
6.704866E+03	2.792154E-04	6.790644E-05
6.714814E+03	2.776270E-04	6.752140E-05
6.724762E+03	2.760445E-04	6.713778E-05
6.734710E+03	2.744683E-04	6.675566E-05
6.744658E+03	2.729238E-04	6.638126E-05
6.754606E+03	2.713605E-04	6.600226E-05
6.764554E+03	2.698041E-04	6.562492E-05
6.774502E+03	2.682549E-04	6.524931E-05
6.784449E+03	2.667130E-04	6.487546E-05
6.794397E+03	2.651787E-04	6.450344E-05
6.804345E+03	2.636523E-04	6.413334E-05
6.814293E+03	2.621339E-04	6.376516E-05
6.824241E+03	2.606237E-04	6.339898E-05
6.834189E+03	2.591221E-04	6.303485E-05
6.844137E+03	2.576291E-04	6.267280E-05
6.854085E+03	2.561451E-04	6.231292E-05
6.864032E+03	2.546462E-04	6.194940E-05
6.873980E+03	2.531804E-04	6.159394E-05
6.883928E+03	2.517242E-04	6.124078E-05
6.893876E+03	2.502776E-04	6.088993E-05
6.903824E+03	2.488173E-04	6.053576E-05
6.913772E+03	2.473904E-04	6.018968E-05
6.923720E+03	2.459736E-04	5.984606E-05
6.933668E+03	2.445441E-04	5.949932E-05
6.943615E+03	2.431481E-04	5.916072E-05
6.953563E+03	2.417399E-04	5.881912E-05
6.963511E+03	2.403651E-04	5.848567E-05
6.973459E+03	2.389785E-04	5.814931E-05
6.983407E+03	2.376032E-04	5.781569E-05
6.993355E+03	2.362613E-04	5.749017E-05
7.003303E+03	2.349084E-04	5.716197E-05
7.013251E+03	2.335890E-04	5.684191E-05
7.023198E+03	2.322589E-04	5.651923E-05
7.033146E+03	2.309405E-04	5.619939E-05
7.043094E+03	2.296338E-04	5.588237E-05
7.053042E+03	2.283389E-04	5.556820E-05
7.062990E+03	2.270773E-04	5.526214E-05
7.072938E+03	2.258060E-04	5.495371E-05
7.082886E+03	2.245468E-04	5.464819E-05
7.092834E+03	2.232996E-04	5.434560E-05
7.102781E+03	2.220645E-04	5.404593E-05
7.112729E+03	2.208415E-04	5.374918E-05
7.122677E+03	2.196308E-04	5.345543E-05
7.132625E+03	2.184322E-04	5.316460E-05
7.142573E+03	2.172252E-04	5.287173E-05
7.152521E+03	2.160513E-04	5.258690E-05
7.162469E+03	2.148897E-04	5.230503E-05
7.172417E+03	2.137404E-04	5.202617E-05
7.182364E+03	2.125832E-04	5.174536E-05
7.192312E+03	2.114587E-04	5.147250E-05
7.202260E+03	2.103466E-04	5.120264E-05
7.212208E+03	2.092268E-04	5.093091E-05
7.222156E+03	2.081395E-04	5.066707E-05
7.232104E+03	2.070448E-04	5.040141E-05
7.242052E+03	2.059822E-04	5.014356E-05
7.252000E+03	2.049125E-04	4.988396E-05
7.261947E+03	2.038551E-04	4.962738E-05
7.271895E+03	2.028297E-04	4.937853E-05
7.281843E+03	2.017973E-04	4.912799E-05
7.291791E+03	2.007772E-04	4.888043E-05
7.301739E+03	1.997695E-04	4.863590E-05
7.311687E+03	1.987742E-04	4.839436E-05
7.321635E+03	1.977912E-04	4.815580E-05
7.331583E+03	1.968205E-04	4.792022E-05
7.341530E+03	1.958621E-04	4.768763E-05
7.351478E+03	1.949159E-04	4.745800E-05
7.361426E+03	1.939817E-04	4.723129E-05
7.371374E+03	1.930597E-04	4.700755E-05
7.381322E+03	1.921498E-04	4.678671E-05
7.391270E+03	1.912334E-04	4.656430E-05
7.401218E+03	1.903475E-04	4.634931E-05
7.411165E+03	1.894734E-04	4.613720E-05
7.421113E+03	1.885930E-04	4.592351E-05
7.431061E+03	1.877426E-04	4.571714E-05
7.441009E+03	1.868858E-04	4.550919E-05
7.450957E+03	1.860588E-04	4.530851E-05
7.460905E+03	1.852254E-04	4.510625E-05
7.470853E+03	1.844037E-04	4.490683E-05
7.480801E+03	1.836115E-04	4.471457E-05
7.490748E+03	1.828127E-04	4.452071E-05
7.500696E+03	1.820254E-04	4.432966E-05
7.510644E+03	1.812494E-04	4.414133E-05
7.520592E+03	1.804847E-04	4.395575E-05
7.530540E+03	1.797312E-04	4.377289E-05
7.540488E+03	1.789889E-04	4.359274E-05
7.550436E+03	1.782575E-04	4.341524E-05
7.560384E+03	1.775371E-04	4.324043E-05
7.570331E+03	1.768102E-04	4.306402E-05
7.580279E+03	1.761115E-04	4.289447E-05
7.590227E+03	1.754236E-04	4.272752E-05
7.600175E+03	1.747290E-04	4.255895E-05
7.610123E+03	1.740622E-04	4.239715E-05
7.620071E+03	1.733888E-04	4.223374E-05
7.630019E+03	1.727259E-04	4.207287E-05
7.639967E+03	1.720902E-04	4.191863E-05
7.649914E+03	1.714479E-04	4.176276E-05
7.659862E+03	1.708157E-04	4.160935E-05
7.669810E+03	1.701936E-04	4.145840E-05
7.679758E+03	1.695816E-04	4.130988E-05
7.689706E+03	1.689795E-04	4.116379E-05
7.699654E+03	1.683871E-04	4.102005E-05
7.709602E+03	1.678045E-04	4.087869E-05
7.719550E+03	1.672315E-04	4.073967E-05
7.729497E+03	1.666681E-04	4.060297E-05
7.739445E+03	1.660977E-04	4.046455E-05
7.749393E+03	1.655530E-04	4.033242E-05
7.759341E+03	1.650012E-04	4.019853E-05
7.769289E+03	1.644751E-04	4.007090E-05
7.779237E+03	1.639417E-04	3.994148E-05
7.789185E+03	1.634336E-04	3.981821E-05
7.799133E+03	1.629180E-04	3.969314E-05
7.809080E+03	1.624114E-04	3.957023E-05
7.819028E+03	1.619135E-04	3.944945E-05
7.828976E+03	1.614243E-04	3.933077E-05
7.838924E+03	1.609435E-04	3.921414E-05
7.848872E+03	1.604712E-04	3.909957E-05
7.858820E+03	1.600074E-04	3.898705E-05
7.868768E+03	1.595516E-04	3.887652E-05
7.878716E+03	1.590881E-04	3.876408E-05
7.888663E+03	1.586487E-04	3.865750E-05
7.898611E+03	1.582172E-04	3.855285E-05
7.908559E+03	1.577776E-04	3.844622E-05
7.918507E+03	1.573618E-04	3.834538E-05
7.928455E+03	1.569376E-04	3.824251E-05
7.938403E+03	1.565211E-04	3.814150E-05
7.948351E+03	1.561122E-04	3.804231E-05
7.958299E+03	1.557264E-04	3.794878E-05
7.968246E+03	1.553321E-04	3.785315E-05
7.978194E+03	1.549450E-04	3.775930E-05
7.988142E+03	1.545650E-04	3.766715E-05
7.998090E+03	1.541920E-04	3.757671E-05
8.008038E+03	1.538101E-04	3.748411E-05
8.017986E+03	1.534508E-04	3.739700E-05
8.027934E+03	1.530982E-04	3.731152E-05
8.037882E+03	1.527365E-04	3.722381E-05
8.047829E+03	1.523969E-04	3.714150E-05
8.057777E+03	1.520482E-04	3.705695E-05
8.067725E+03	1.517213E-04	3.697772E-05
8.077673E+03	1.513851E-04	3.689622E-05
8.087621E+03	1.510550E-04	3.681620E-05
8.097569E+03	1.507465E-04	3.674144E-05
8.107517E+03	1.504283E-04	3.666430E-05
8.117464E+03	1.501159E-04	3.658858E-05
8.127412E+03	1.498092E-04	3.651425E-05
8.137360E+03	1.495081E-04	3.644129E-05
8.147308E+03	1.491970E-04	3.636588E-05
8.157256E+03	1.489068E-04	3.629555E-05
8.167204E+03	1.486219E-04	3.622652E-05
8.177152E+03	1.483423E-04	3.615877E-05
8.187100E+03	1.480522E-04	3.608847E-05
8.197047E+03	1.477827E-04	3.602318E-05
8.206995E+03	1.475025E-04	3.595529E-05
8.216943E+03	1.472427E-04	3.589234E-05
8.226891E+03	1.469721E-04	3.582678E-05
8.236839E+03	1.467060E-04	3.576231E-05
8.246787E+03	1.464446E-04	3.569898E-05
8.256735E+03	1.461875E-04	3.563669E-05
8.266683E+03	1.459501E-04	3.557921E-05
8.276630E+03	1.457015E-04	3.551898E-05
8.286578E+03	1.454570E-04	3.545975E-05
8.296526E+03	1.452011E-04	3.539775E-05
8.306474E+03	1.449645E-04	3.534045E-05
8.316422E+03	1.447317E-04	3.528407E-05
8.326370E+03	1.445026E-04	3.522860E-05
8.336318E+03	1.442618E-04	3.517025E-05
8.346266E+03	1.440397E-04	3.511648E-05
8.356213E+03	1.438058E-04	3.505982E-05
8.366161E+03	1.435905E-04	3.500767E-05
8.376109E+03	1.433630E-04	3.495258E-05
8.386057E+03	1.431541E-04	3.490200E-05
8.396005E+03	1.429327E-04	3.484838E-05
8.405953E+03	1.427142E-04	3.479547E-05
8.415901E+03	1.424986E-04	3.474324E-05
8.425849E+03	1.422857E-04	3.469168E-05
8.435796E+03	1.420752E-04	3.464072E-05
8.445744E+03	1.418675E-04	3.459042E-05
8.455692E+03	1.416620E-04	3.454066E-05
8.465640E+03	1.414590E-04	3.449149E-05
8.475588E+03	1.412581E-04	3.444286E-05
8.485536E+03	1.410594E-04	3.439473E-05
8.495484E+03	1.408627E-04	3.434711E-05
8.505432E+03	1.406526E-04	3.429621E-05
8.515379E+03	1.404597E-04	3.424949E-05
8.525327E+03	1.402685E-04	3.420320E-05
8.535275E+03	1.400635E-04	3.415355E-05
8.545223E+03	1.398756E-04	3.410806E-05
8.555171E+03	1.396737E-04	3.405914E-05
8.565119E+03	1.394886E-04	3.401433E-05
8.575067E+03	1.392893E-04	3.396604E-05
8.585015E+03	1.390913E-04	3.391807E-05
8.594962E+03	1.389097E-04	3.387411E-05
8.604910E+03	1.387137E-04	3.382663E-05
8.614858E+03	1.385187E-04	3.377937E-05
8.624806E+03	1.383244E-04	3.373231E-05
8.634754E+03	1.381309E-04	3.368543E-05
8.644702E+03	1.379535E-04	3.364247E-05
8.654650E+03	1.377612E-04	3.359586E-05
8.664598E+03	1.375694E-04	3.354939E-05
8.674545E+03	1.373780E-04	3.350301E-05
8.684493E+03	1.371868E-04	3.345668E-05
8.694441E+03	1.369805E-04	3.340666E-05
8.704389E+03	1.367896E-04	3.336041E-05
8.714337E+03	1.365989E-04	3.331418E-05
8.724285E+03	1.364082E-04	3.326796E-05
8.734233E+03	1.362173E-04	3.322169E-05
8.744180E+03	1.360107E-04	3.317160E-05
8.754128E+03	1.358194E-04	3.312520E-05
8.764076E+03	1.356277E-04	3.307874E-05
8.774024E+03	1.354355E-04	3.303214E-05
8.783972E+03	1.352273E-04	3.298165E-05
8.793920E+03	1.350341E-04	3.293479E-05
8.803868E+03	1.348247E-04	3.288400E-05
8.813816E+03	1.346300E-04	3.283679E-05
8.823763E+03	1.344346E-04	3.278941E-05
8.833711E+03	1.342228E-04	3.273800E-05
8.843659E+03	1.340255E-04	3.269014E-05
8.853607E+03	1.338117E-04	3.263826E-05
8.863555E+03	1.336122E-04	3.258988E-05
8.873503E+03	1.333961E-04	3.253743E-05
8.883451E+03	1.331789E-04	3.248470E-05
8.893399E+03	1.329758E-04	3.243542E-05
8.903346E+03	1.327558E-04	3.238202E-05
8.913294E+03	1.325499E-04	3.233205E-05
8.923242E+03	1.323271E-04	3.227795E-05
8.933190E+03	1.321026E-04	3.222346E-05
8.943138E+03	1.318922E-04	3.217236E-05
8.953086E+03	1.316644E-04	3.211704E-05
8.992877E+03	1.307514E-04	3.189531E-05
9.032669E+03	1.298228E-04	3.166975E-05
9.072460E+03	1.288445E-04	3.143201E-05
9.112252E+03	1.278292E-04	3.118523E-05
9.152043E+03	1.267900E-04	3.093257E-05
9.191835E+03	1.256938E-04	3.066596E-05
9.231626E+03	1.245697E-04	3.039254E-05
9.271418E+03	1.234010E-04	3.010819E-05
9.311209E+03	1.222020E-04	2.981642E-05
9.351001E+03	1.209566E-04	2.951331E-05
9.390792E+03	1.196799E-04	2.920250E-05
9.430584E+03	1.183565E-04	2.888028E-05
9.470375E+03	1.169866E-04	2.854670E-05
9.510167E+03	1.155864E-04	2.820567E-05
9.549958E+03	1.141565E-04	2.785738E-05
9.589750E+03	1.126981E-04	2.750210E-05
9.629541E+03	1.111975E-04	2.713650E-05
9.669333E+03	1.096864E-04	2.676831E-05
9.709124E+03	1.081367E-04	2.639067E-05
9.748916E+03	1.065652E-04	2.600768E-05
9.788707E+03	1.049743E-04	2.561992E-05
9.828499E+03	1.033516E-04	2.522438E-05
9.868290E+03	1.017286E-04	2.482874E-05
9.908082E+03	1.000932E-04	2.443005E-05
9.947873E+03	9.844796E-05	2.402892E-05
9.987665E+03	9.679543E-05	2.362600E-05
1.002746E+04	9.512448E-05	2.321856E-05
1.006725E+04	9.346543E-05	2.281400E-05
1.010704E+04	9.180696E-05	2.240956E-05
1.014683E+04	9.015166E-05	2.200587E-05
1.018662E+04	8.850205E-05	2.160355E-05
1.022641E+04	8.686057E-05	2.120320E-05
1.026621E+04	8.522962E-05	2.080539E-05
