#wls	flux	flux_err
3953.9852	1.1936e-15	4.3385e-16
3956.2724	1.1940e-15	3.7159e-16
3958.5596	1.2198e-15	3.7440e-16
3960.8468	1.2383e-15	3.6914e-16
3963.1340	1.2075e-15	3.6930e-16
3965.4212	1.2110e-15	3.5699e-16
3967.7084	1.2154e-15	3.5510e-16
3969.9956	1.2110e-15	3.2580e-16
3972.2829	1.2029e-15	3.2141e-16
3974.5701	1.2219e-15	3.2181e-16
3976.8573	1.2114e-15	3.4666e-16
3979.1445	1.2231e-15	3.6141e-16
3981.4317	1.2135e-15	3.6022e-16
3983.7189	1.2088e-15	3.6698e-16
3986.0061	1.2278e-15	3.8304e-16
3988.2933	1.2284e-15	3.6019e-16
3990.5806	1.2181e-15	3.6487e-16
3992.8678	1.2227e-15	3.5965e-16
3995.1550	1.2243e-15	3.5924e-16
3997.4422	1.2272e-15	3.0664e-16
3999.7294	1.2294e-15	3.0914e-16
4002.0166	1.2427e-15	3.5087e-16
4004.3038	1.2369e-15	3.5093e-16
4006.5910	1.2571e-15	3.4583e-16
4008.8783	1.2819e-15	3.5721e-16
4011.1655	1.2615e-15	3.5691e-16
4013.4527	1.2665e-15	3.6301e-16
4015.7399	1.2551e-15	3.6521e-16
4018.0271	1.2334e-15	3.6485e-16
4020.3143	1.2418e-15	3.6894e-16
4022.6015	1.2509e-15	3.6641e-16
4024.8887	1.2442e-15	3.5063e-16
4027.1760	1.2444e-15	3.3936e-16
4029.4632	1.2420e-15	4.0762e-16
4031.7504	1.2661e-15	4.0917e-16
4034.0376	1.2752e-15	3.8624e-16
4036.3248	1.2898e-15	4.2532e-16
4038.6120	1.2930e-15	4.4654e-16
4040.8992	1.2883e-15	4.4680e-16
4043.1864	1.2871e-15	4.5143e-16
4045.4737	1.2704e-15	4.5606e-16
4047.7609	1.2623e-15	4.5672e-16
4050.0481	1.2609e-15	4.3809e-16
4052.3353	1.2553e-15	4.6110e-16
4054.6225	1.2417e-15	4.6863e-16
4056.9097	1.2381e-15	4.8875e-16
4059.1969	1.2352e-15	4.8785e-16
4061.4841	1.2071e-15	4.9221e-16
4063.7714	1.1704e-15	4.9062e-16
4066.0586	1.1435e-15	4.8189e-16
4068.3458	1.1332e-15	4.7946e-16
4070.6330	1.1199e-15	4.7935e-16
4072.9202	1.1219e-15	4.8342e-16
4075.2074	1.1156e-15	4.8626e-16
4077.4946	1.1138e-15	4.3054e-16
4079.7819	1.1161e-15	4.1295e-16
4082.0691	1.0984e-15	4.1242e-16
4084.3563	1.0949e-15	3.9003e-16
4086.6435	1.0907e-15	3.5878e-16
4088.9307	1.0735e-15	3.5977e-16
4091.2179	1.0473e-15	3.6004e-16
4093.5051	1.0507e-15	3.5029e-16
4095.7923	1.0495e-15	3.3693e-16
4098.0796	1.0565e-15	3.3403e-16
4100.3668	1.0466e-15	3.0018e-16
4102.6540	1.0225e-15	2.8361e-16
4104.9412	1.0126e-15	2.2560e-16
4107.2284	1.0143e-15	2.2544e-16
4109.5156	9.8623e-16	2.0406e-16
4111.8028	9.6631e-16	2.0432e-16
4114.0900	9.5464e-16	2.0360e-16
4116.3773	9.5086e-16	1.9497e-16
4118.6645	9.3680e-16	1.9650e-16
4120.9517	9.2771e-16	1.8930e-16
4123.2389	9.2426e-16	1.9114e-16
4125.5261	9.2465e-16	2.0945e-16
4127.8133	9.2101e-16	2.0781e-16
4130.1005	9.1653e-16	1.8866e-16
4132.3877	9.1387e-16	1.6955e-16
4134.6750	9.1048e-16	1.5958e-16
4136.9622	9.1593e-16	1.5940e-16
4139.2494	9.3075e-16	1.7676e-16
4141.5366	9.2005e-16	2.1516e-16
4143.8238	9.3299e-16	2.1594e-16
4146.1110	9.3111e-16	2.1691e-16
4148.3982	9.2282e-16	2.3514e-16
4150.6854	9.3562e-16	2.4165e-16
4152.9727	9.6470e-16	2.4407e-16
4155.2599	9.7986e-16	2.8080e-16
4157.5471	9.8034e-16	2.8083e-16
4159.8343	9.5674e-16	2.8286e-16
4162.1215	9.7517e-16	2.8607e-16
4164.4087	9.9639e-16	2.8597e-16
4166.6959	1.0161e-15	3.2811e-16
4168.9831	1.0302e-15	3.3054e-16
4171.2704	1.0593e-15	3.2565e-16
4173.5576	1.0625e-15	3.2764e-16
4175.8448	1.0625e-15	3.4644e-16
4178.1320	1.0724e-15	3.4572e-16
4180.4192	1.1101e-15	3.4075e-16
4182.7064	1.1273e-15	3.4073e-16
4184.9936	1.1334e-15	3.4082e-16
4187.2808	1.1375e-15	3.4167e-16
4189.5681	1.1389e-15	3.1785e-16
4191.8553	1.1379e-15	3.1642e-16
4194.1425	1.1361e-15	3.2981e-16
4196.4297	1.1254e-15	3.1484e-16
4198.7169	1.1240e-15	3.2892e-16
4201.0041	1.1284e-15	3.3964e-16
4203.2913	1.1286e-15	3.1927e-16
4205.5785	1.1261e-15	3.2404e-16
4207.8658	1.1048e-15	3.3462e-16
4210.1530	1.0970e-15	3.3677e-16
4212.4402	1.0816e-15	3.3750e-16
4214.7274	1.0760e-15	3.0467e-16
4217.0146	1.0595e-15	3.0480e-16
4219.3018	1.0468e-15	3.1108e-16
4221.5890	1.0364e-15	2.9912e-16
4223.8762	1.0326e-15	2.8791e-16
4226.1635	1.0401e-15	3.0713e-16
4228.4507	1.0530e-15	3.0882e-16
4230.7379	1.0550e-15	3.1708e-16
4233.0251	1.0576e-15	3.1773e-16
4235.3123	1.0612e-15	3.6575e-16
4237.5995	1.0621e-15	3.9264e-16
4239.8867	1.0509e-15	3.8972e-16
4242.1739	1.0503e-15	3.8199e-16
4244.4612	1.0459e-15	3.8274e-16
4246.7484	1.0453e-15	3.5269e-16
4249.0356	1.0367e-15	3.6464e-16
4251.3228	1.0275e-15	3.6601e-16
4253.6100	1.0168e-15	3.7028e-16
4255.8972	9.9996e-16	3.7178e-16
4258.1844	9.8643e-16	3.7643e-16
4260.4716	9.8832e-16	3.8895e-16
4262.7589	1.0018e-15	3.7662e-16
4265.0461	1.0081e-15	3.7884e-16
4267.3333	1.0099e-15	3.7937e-16
4269.6205	1.0169e-15	3.8452e-16
4271.9077	1.0312e-15	3.9031e-16
4274.1949	1.0506e-15	3.7356e-16
4276.4821	1.0499e-15	3.7472e-16
4278.7693	1.0484e-15	3.6950e-16
4281.0566	1.0604e-15	3.9847e-16
4283.3438	1.0675e-15	3.3747e-16
4285.6310	1.0635e-15	2.8823e-16
4287.9182	1.0741e-15	2.9156e-16
4290.2054	1.0895e-15	2.9150e-16
4292.4926	1.0794e-15	3.2052e-16
4294.7798	1.0792e-15	3.4669e-16
4297.0670	1.0751e-15	3.5101e-16
4299.3543	1.0549e-15	3.6022e-16
4301.6415	1.0620e-15	3.5789e-16
4303.9287	1.0609e-15	3.5711e-16
4306.2159	1.0614e-15	3.5295e-16
4308.5031	1.0678e-15	3.4169e-16
4310.7903	1.0789e-15	3.4398e-16
4313.0775	1.0905e-15	3.4429e-16
4315.3647	1.0840e-15	3.4558e-16
4317.6520	1.0904e-15	3.3819e-16
4319.9392	1.0887e-15	3.2538e-16
4322.2264	1.0795e-15	3.2995e-16
4324.5136	1.0916e-15	3.3007e-16
4326.8008	1.0951e-15	3.3076e-16
4329.0880	1.1050e-15	2.9644e-16
4331.3752	1.0875e-15	2.9657e-16
4333.6625	1.0788e-15	3.0017e-16
4335.9497	1.0679e-15	3.0658e-16
4338.2369	1.0477e-15	3.2740e-16
4340.5241	1.0396e-15	3.1137e-16
4342.8113	1.0263e-15	2.9139e-16
4345.0985	1.0307e-15	2.5967e-16
4347.3857	1.0234e-15	2.4020e-16
4349.6729	1.0093e-15	2.4576e-16
4351.9602	9.9418e-16	2.4357e-16
4354.2474	9.8639e-16	2.4525e-16
4356.5346	9.7397e-16	2.5296e-16
4358.8218	9.8257e-16	2.6160e-16
4361.1090	1.0011e-15	2.5928e-16
4363.3962	1.0113e-15	2.7363e-16
4365.6834	1.0092e-15	2.7370e-16
4367.9706	1.0168e-15	2.9355e-16
4370.2579	1.0027e-15	2.9750e-16
4372.5451	1.0180e-15	2.9419e-16
4374.8323	1.0254e-15	3.2997e-16
4377.1195	1.0199e-15	3.2333e-16
4379.4067	1.0158e-15	3.2168e-16
4381.6939	1.0082e-15	3.1355e-16
4383.9811	1.0015e-15	3.1022e-16
4386.2683	9.9502e-16	2.9009e-16
4388.5556	9.9959e-16	3.1272e-16
4390.8428	1.0055e-15	3.1245e-16
4393.1300	9.9871e-16	3.1572e-16
4395.4172	1.0286e-15	3.1592e-16
4397.7044	1.0382e-15	3.1249e-16
4399.9916	1.0393e-15	3.1488e-16
4402.2788	1.0499e-15	3.1609e-16
4404.5660	1.0302e-15	3.2689e-16
4406.8533	1.0361e-15	3.1711e-16
4409.1405	1.0386e-15	3.2357e-16
4411.4277	1.0306e-15	2.9918e-16
4413.7149	1.0204e-15	3.0406e-16
4416.0021	1.0295e-15	2.9566e-16
4418.2893	1.0391e-15	2.9218e-16
4420.5765	1.0626e-15	3.0932e-16
4422.8637	1.0744e-15	2.8118e-16
4425.1510	1.0947e-15	2.8625e-16
4427.4382	1.1018e-15	2.8303e-16
4429.7254	1.1087e-15	2.8169e-16
4432.0126	1.1096e-15	2.8346e-16
4434.2998	1.0993e-15	2.8564e-16
4436.5870	1.1135e-15	2.6603e-16
4438.8742	1.1473e-15	2.8072e-16
4441.1614	1.1468e-15	2.7620e-16
4443.4487	1.1753e-15	3.1550e-16
4445.7359	1.1811e-15	3.2963e-16
4448.0231	1.1864e-15	3.2118e-16
4450.3103	1.2000e-15	3.1939e-16
4452.5975	1.2261e-15	3.0963e-16
4454.8847	1.2414e-15	3.0999e-16
4457.1719	1.2825e-15	3.1925e-16
4459.4591	1.3118e-15	3.1547e-16
4461.7464	1.3385e-15	3.3774e-16
4464.0336	1.3574e-15	3.3387e-16
4466.3208	1.3858e-15	3.3798e-16
4468.6080	1.4080e-15	3.2967e-16
4470.8952	1.4372e-15	3.5562e-16
4473.1824	1.4604e-15	3.5199e-16
4475.4696	1.4929e-15	3.5117e-16
4477.7568	1.5095e-15	3.6076e-16
4480.0441	1.5235e-15	3.6460e-16
4482.3313	1.5340e-15	3.7864e-16
4484.6185	1.5462e-15	3.8930e-16
4486.9057	1.5444e-15	3.8252e-16
4489.1929	1.5599e-15	3.8262e-16
4491.4801	1.5881e-15	3.4372e-16
4493.7673	1.6088e-15	3.3425e-16
4496.0545	1.6330e-15	3.3899e-16
4498.3418	1.6588e-15	3.4432e-16
4500.6290	1.6494e-15	3.5602e-16
4502.9162	1.6582e-15	3.6533e-16
4505.2034	1.6732e-15	3.4772e-16
4507.4906	1.6830e-15	3.4352e-16
4509.7778	1.6959e-15	3.5910e-16
4512.0650	1.6915e-15	3.5731e-16
4514.3522	1.7048e-15	3.7394e-16
4516.6395	1.7180e-15	3.9910e-16
4518.9267	1.7339e-15	3.8403e-16
4521.2139	1.7560e-15	3.9282e-16
4523.5011	1.7610e-15	4.0604e-16
4525.7883	1.7802e-15	4.0244e-16
4528.0755	1.7758e-15	3.9912e-16
4530.3627	1.7905e-15	4.2212e-16
4532.6499	1.8085e-15	4.0392e-16
4534.9372	1.8281e-15	4.0372e-16
4537.2244	1.8584e-15	4.1985e-16
4539.5116	1.8918e-15	4.2735e-16
4541.7988	1.9164e-15	4.2735e-16
4544.0860	1.9247e-15	4.1914e-16
4546.3732	1.9509e-15	4.1911e-16
4548.6604	1.9681e-15	4.0589e-16
4550.9476	1.9863e-15	3.9491e-16
4553.2349	2.0060e-15	3.9305e-16
4555.5221	2.0289e-15	3.9308e-16
4557.8093	2.0600e-15	3.6003e-16
4560.0965	2.0692e-15	3.5520e-16
4562.3837	2.0725e-15	3.2159e-16
4564.6709	2.0843e-15	3.0303e-16
4566.9581	2.0780e-15	3.1494e-16
4569.2453	2.0834e-15	3.2387e-16
4571.5326	2.0767e-15	3.7939e-16
4573.8198	2.0749e-15	3.8763e-16
4576.1070	2.0855e-15	4.1223e-16
4578.3942	2.0837e-15	3.5992e-16
4580.6814	2.0930e-15	3.5965e-16
4582.9686	2.0999e-15	3.6056e-16
4585.2558	2.1271e-15	3.5233e-16
4587.5431	2.1407e-15	3.4261e-16
4589.8303	2.1320e-15	3.4623e-16
4592.1175	2.1345e-15	3.5994e-16
4594.4047	2.1252e-15	3.7153e-16
4596.6919	2.1252e-15	3.6881e-16
4598.9791	2.1202e-15	3.7610e-16
4601.2663	2.1091e-15	3.7799e-16
4603.5535	2.1076e-15	3.9218e-16
4605.8408	2.1064e-15	3.9207e-16
4608.1280	2.0908e-15	3.9242e-16
4610.4152	2.0725e-15	3.9970e-16
4612.7024	2.0612e-15	3.9518e-16
4614.9896	2.0324e-15	3.8353e-16
4617.2768	2.0073e-15	3.7141e-16
4619.5640	1.9826e-15	2.8269e-16
4621.8512	1.9698e-15	2.4281e-16
4624.1385	1.9345e-15	2.2265e-16
4626.4257	1.9076e-15	2.2575e-16
4628.7129	1.8814e-15	2.2450e-16
4631.0001	1.8561e-15	2.2731e-16
4633.2873	1.8429e-15	2.5924e-16
4635.5745	1.8059e-15	2.5321e-16
4637.8617	1.7565e-15	2.5102e-16
4640.1489	1.7468e-15	2.3565e-16
4642.4362	1.6988e-15	2.2545e-16
4644.7234	1.6728e-15	2.3008e-16
4647.0106	1.6447e-15	2.2442e-16
4649.2978	1.6230e-15	2.2346e-16
4651.5850	1.5920e-15	1.9982e-16
4653.8722	1.6048e-15	2.0653e-16
4656.1594	1.5965e-15	2.0432e-16
4658.4466	1.5855e-15	1.8970e-16
4660.7339	1.5610e-15	2.0590e-16
4663.0211	1.5588e-15	2.0376e-16
4665.3083	1.5507e-15	2.2438e-16
4667.5955	1.5408e-15	2.5554e-16
4669.8827	1.5460e-15	2.5605e-16
4672.1699	1.5353e-15	2.5456e-16
4674.4571	1.5194e-15	2.5846e-16
4676.7443	1.5349e-15	2.5808e-16
4679.0316	1.5399e-15	2.6116e-16
4681.3188	1.5418e-15	2.8780e-16
4683.6060	1.5465e-15	3.1018e-16
4685.8932	1.5604e-15	3.1277e-16
4688.1804	1.5703e-15	3.1550e-16
4690.4676	1.5673e-15	3.1593e-16
4692.7548	1.5651e-15	3.2390e-16
4695.0420	1.5571e-15	3.2171e-16
4697.3293	1.5469e-15	3.2065e-16
4699.6165	1.5616e-15	3.1917e-16
4701.9037	1.5707e-15	3.3204e-16
4704.1909	1.5635e-15	3.4032e-16
4706.4781	1.5568e-15	3.4137e-16
4708.7653	1.5602e-15	3.3118e-16
4711.0525	1.5611e-15	3.2657e-16
4713.3397	1.5606e-15	3.1677e-16
4715.6270	1.5763e-15	3.0548e-16
4717.9142	1.5816e-15	3.1360e-16
4720.2014	1.5831e-15	3.1365e-16
4722.4886	1.5998e-15	3.2401e-16
4724.7758	1.6081e-15	3.2517e-16
4727.0630	1.6257e-15	3.5973e-16
4729.3502	1.6229e-15	3.3434e-16
4731.6374	1.6119e-15	3.2057e-16
4733.9247	1.6278e-15	3.2156e-16
4736.2119	1.6236e-15	3.1648e-16
4738.4991	1.6239e-15	3.0783e-16
4740.7863	1.6184e-15	2.9163e-16
4743.0735	1.6190e-15	3.0661e-16
4745.3607	1.6225e-15	3.2559e-16
4747.6479	1.6371e-15	3.2445e-16
4749.9351	1.6284e-15	3.3748e-16
4752.2224	1.6151e-15	3.5056e-16
4754.5096	1.6035e-15	3.4872e-16
4756.7968	1.5708e-15	3.4751e-16
4759.0840	1.5591e-15	3.5375e-16
4761.3712	1.5615e-15	3.5234e-16
4763.6584	1.5515e-15	3.3736e-16
4765.9456	1.5405e-15	3.3433e-16
4768.2328	1.5412e-15	3.3751e-16
4770.5201	1.5287e-15	3.3293e-16
4772.8073	1.5175e-15	3.3112e-16
4775.0945	1.4983e-15	2.8557e-16
4777.3817	1.4939e-15	2.7887e-16
4779.6689	1.4928e-15	2.7947e-16
4781.9561	1.4915e-15	2.8441e-16
4784.2433	1.4790e-15	2.8593e-16
4786.5305	1.4677e-15	2.8988e-16
4788.8178	1.4650e-15	2.9522e-16
4791.1050	1.4539e-15	2.8479e-16
4793.3922	1.4503e-15	2.6924e-16
4795.6794	1.4476e-15	2.6925e-16
4797.9666	1.4493e-15	2.4801e-16
4800.2538	1.4350e-15	2.4704e-16
4802.5410	1.4423e-15	2.6633e-16
4804.8282	1.4340e-15	2.6662e-16
4807.1155	1.4284e-15	3.0134e-16
4809.4027	1.4342e-15	3.0632e-16
4811.6899	1.4294e-15	3.1010e-16
4813.9771	1.4477e-15	3.1014e-16
4816.2643	1.4592e-15	3.0794e-16
4818.5515	1.4674e-15	3.0046e-16
4820.8387	1.4871e-15	3.0130e-16
4823.1259	1.5085e-15	3.6751e-16
4825.4132	1.5144e-15	3.6238e-16
4827.7004	1.5362e-15	3.6504e-16
4829.9876	1.5454e-15	3.6102e-16
4832.2748	1.5609e-15	4.0247e-16
4834.5620	1.5876e-15	4.0883e-16
4836.8492	1.6088e-15	4.1173e-16
4839.1364	1.6031e-15	4.1052e-16
4841.4237	1.6154e-15	4.0526e-16
4843.7109	1.6227e-15	4.1516e-16
4845.9981	1.6418e-15	4.1521e-16
4848.2853	1.6603e-15	3.9922e-16
4850.5725	1.6986e-15	3.8940e-16
4852.8597	1.7099e-15	3.8943e-16
4855.1469	1.7233e-15	3.6382e-16
4857.4341	1.7347e-15	3.6199e-16
4859.7214	1.7471e-15	3.6471e-16
4862.0086	1.7627e-15	3.7782e-16
4864.2958	1.7736e-15	3.8095e-16
4866.5830	1.7954e-15	3.9409e-16
4868.8702	1.7965e-15	3.9475e-16
4871.1574	1.8063e-15	3.3937e-16
4873.4446	1.8339e-15	3.4071e-16
4875.7318	1.8349e-15	3.6945e-16
4878.0191	1.8405e-15	3.6804e-16
4880.3063	1.8485e-15	3.1786e-16
4882.5935	1.8527e-15	3.0094e-16
4884.8807	1.8467e-15	2.9657e-16
4887.1679	1.8362e-15	3.0039e-16
4889.4551	1.8419e-15	3.0037e-16
4891.7423	1.8523e-15	2.9868e-16
4894.0295	1.8404e-15	3.0640e-16
4896.3168	1.8271e-15	3.0445e-16
4898.6040	1.8124e-15	2.9337e-16
4900.8912	1.7951e-15	3.0108e-16
4903.1784	1.7885e-15	3.1876e-16
4905.4656	1.7749e-15	3.1693e-16
4907.7528	1.7516e-15	3.1053e-16
4910.0400	1.7372e-15	3.2465e-16
4912.3272	1.7182e-15	3.2792e-16
4914.6145	1.6985e-15	3.1559e-16
4916.9017	1.6983e-15	3.1640e-16
4919.1889	1.6960e-15	3.1554e-16
4921.4761	1.6864e-15	3.1670e-16
4923.7633	1.6649e-15	2.7849e-16
4926.0505	1.6407e-15	2.7826e-16
4928.3377	1.6240e-15	2.7764e-16
4930.6249	1.6180e-15	2.7599e-16
4932.9122	1.5893e-15	2.7642e-16
4935.1994	1.5745e-15	2.7778e-16
4937.4866	1.5553e-15	2.7284e-16
4939.7738	1.5477e-15	2.6292e-16
4942.0610	1.5405e-15	2.5271e-16
4944.3482	1.5280e-15	2.5299e-16
4946.6354	1.4927e-15	2.5529e-16
4948.9226	1.4753e-15	2.4845e-16
4951.2099	1.4676e-15	2.2106e-16
4953.4971	1.4631e-15	2.2532e-16
4955.7843	1.4773e-15	2.3376e-16
4958.0715	1.4872e-15	1.8231e-16
4960.3587	1.4821e-15	1.6211e-16
4962.6459	1.4823e-15	1.6874e-16
4964.9331	1.4797e-15	1.7436e-16
4967.2203	1.4729e-15	1.9871e-16
4969.5076	1.4808e-15	1.9399e-16
4971.7948	1.4902e-15	1.9381e-16
4974.0820	1.4996e-15	1.9166e-16
4976.3692	1.4982e-15	1.9586e-16
4978.6564	1.4957e-15	2.0929e-16
4980.9436	1.5031e-15	2.0972e-16
4983.2308	1.5125e-15	2.0633e-16
4985.5180	1.5180e-15	2.0914e-16
4987.8053	1.5233e-15	2.4242e-16
4990.0925	1.5435e-15	2.4959e-16
4992.3797	1.5507e-15	2.4859e-16
4994.6669	1.5533e-15	2.4946e-16
4996.9541	1.5540e-15	2.5403e-16
4999.2413	1.5742e-15	2.5748e-16
5001.5285	1.5894e-15	2.5996e-16
5003.8157	1.6015e-15	2.5515e-16
5006.1030	1.6070e-15	2.5488e-16
5008.3902	1.6104e-15	2.5567e-16
5010.6774	1.6160e-15	2.5322e-16
5012.9646	1.6159e-15	2.5219e-16
5015.2518	1.6346e-15	2.3264e-16
5017.5390	1.6570e-15	2.3185e-16
5019.8262	1.6672e-15	2.3133e-16
5022.1134	1.6785e-15	2.3365e-16
5024.4007	1.6983e-15	2.3116e-16
5026.6879	1.7029e-15	2.1494e-16
5028.9751	1.7201e-15	2.1607e-16
5031.2623	1.7300e-15	2.1869e-16
5033.5495	1.7236e-15	2.2008e-16
5035.8367	1.7179e-15	1.7979e-16
5038.1239	1.7257e-15	1.6394e-16
5040.4111	1.7365e-15	1.6407e-16
5042.6984	1.7494e-15	1.6162e-16
5044.9856	1.7558e-15	1.6027e-16
5047.2728	1.7515e-15	1.5988e-16
5049.5600	1.7424e-15	1.5354e-16
5051.8472	1.7409e-15	1.8636e-16
5054.1344	1.7387e-15	2.1937e-16
5056.4216	1.7371e-15	2.1578e-16
5058.7088	1.7414e-15	2.1063e-16
5060.9961	1.7452e-15	2.1387e-16
5063.2833	1.7574e-15	2.1683e-16
5065.5705	1.7691e-15	2.1800e-16
5067.8577	1.7745e-15	2.1947e-16
5070.1449	1.7784e-15	2.1723e-16
5072.4321	1.7805e-15	2.1387e-16
5074.7193	1.7834e-15	2.1375e-16
5077.0065	1.7757e-15	2.1546e-16
5079.2938	1.7603e-15	2.2283e-16
5081.5810	1.7603e-15	2.2255e-16
5083.8682	1.7726e-15	2.2591e-16
5086.1554	1.7864e-15	2.3611e-16
5088.4426	1.7899e-15	2.4208e-16
5090.7298	1.7871e-15	2.3945e-16
5093.0170	1.7889e-15	2.3270e-16
5095.3042	1.7911e-15	2.2541e-16
5097.5915	1.7913e-15	2.2802e-16
5099.8787	1.7892e-15	2.0180e-16
5102.1659	1.7842e-15	1.6356e-16
5104.4531	1.7879e-15	1.5881e-16
5106.7403	1.7897e-15	1.5989e-16
5109.0275	1.7882e-15	1.5624e-16
5111.3147	1.7996e-15	1.5223e-16
5113.6020	1.8123e-15	1.5163e-16
5115.8892	1.8181e-15	1.6867e-16
5118.1764	1.8161e-15	1.9961e-16
5120.4636	1.8122e-15	2.0574e-16
5122.7508	1.8094e-15	2.0969e-16
5125.0380	1.8043e-15	2.1679e-16
5127.3252	1.7976e-15	2.0680e-16
5129.6124	1.7964e-15	2.0605e-16
5131.8997	1.8031e-15	2.0960e-16
5134.1869	1.8125e-15	2.0295e-16
5136.4741	1.8178e-15	1.9618e-16
5138.7613	1.8145e-15	2.0644e-16
5141.0485	1.8082e-15	2.2033e-16
5143.3357	1.8102e-15	2.1935e-16
5145.6229	1.8204e-15	2.1453e-16
5147.9101	1.8311e-15	2.1026e-16
5150.1974	1.8403e-15	2.1153e-16
5152.4846	1.8491e-15	2.2013e-16
5154.7718	1.8564e-15	2.5109e-16
5157.0590	1.8605e-15	2.5799e-16
5159.3462	1.8606e-15	2.5782e-16
5161.6334	1.8584e-15	2.5679e-16
5163.9206	1.8613e-15	2.4412e-16
5166.2078	1.8738e-15	2.1473e-16
5168.4951	1.8876e-15	2.0487e-16
5170.7823	1.8958e-15	2.0370e-16
5173.0695	1.9045e-15	2.0042e-16
5175.3567	1.9213e-15	1.9986e-16
5177.6439	1.9447e-15	2.0072e-16
5179.9311	1.9683e-15	2.0030e-16
5182.2183	1.9867e-15	1.9837e-16
5184.5055	2.0008e-15	1.9879e-16
5186.7928	2.0171e-15	1.8686e-16
5189.0800	2.0392e-15	1.6862e-16
5191.3672	2.0641e-15	1.6827e-16
5193.6544	2.0882e-15	1.6761e-16
5195.9416	2.1094e-15	1.6555e-16
5198.2288	2.1253e-15	1.5856e-16
5200.5160	2.1330e-15	1.5319e-16
5202.8032	2.1366e-15	1.0575e-16
5205.0905	2.1474e-15	8.9439e-17
5207.3777	2.1671e-15	9.4629e-17
5209.6649	2.1880e-15	1.0754e-16
5211.9521	2.2050e-15	1.1289e-16
5214.2393	2.2165e-15	1.1562e-16
5216.5265	2.2267e-15	1.3076e-16
5218.8137	2.2425e-15	1.2773e-16
5221.1009	2.2619e-15	1.2440e-16
5223.3882	2.2776e-15	1.2496e-16
5225.6754	2.2884e-15	1.2541e-16
5227.9626	2.2964e-15	1.2553e-16
5230.2498	2.3053e-15	1.3024e-16
5232.5370	2.3169e-15	1.2660e-16
5234.8242	2.3253e-15	1.4183e-16
5237.1114	2.3248e-15	1.9231e-16
5239.3986	2.3177e-15	2.1673e-16
5241.6859	2.3085e-15	2.1669e-16
5243.9731	2.3016e-15	2.2688e-16
5246.2603	2.3018e-15	2.3041e-16
5248.5475	2.3097e-15	2.3102e-16
5250.8347	2.3216e-15	2.3864e-16
5253.1219	2.3337e-15	2.4431e-16
5255.4091	2.3439e-15	2.4273e-16
5257.6963	2.3499e-15	2.3702e-16
5259.9836	2.3499e-15	2.3748e-16
5262.2708	2.3439e-15	2.3990e-16
5264.5580	2.3349e-15	2.3715e-16
5266.8452	2.3294e-15	2.4923e-16
5269.1324	2.3285e-15	2.6240e-16
5271.4196	2.3255e-15	2.6689e-16
5273.7068	2.3193e-15	2.6523e-16
5275.9940	2.3174e-15	2.6244e-16
5278.2813	2.3182e-15	2.5750e-16
5280.5685	2.3115e-15	2.5718e-16
5282.8557	2.2996e-15	2.6213e-16
5285.1429	2.2926e-15	2.3825e-16
5287.4301	2.2865e-15	2.1527e-16
5289.7173	2.2727e-15	2.1560e-16
5292.0045	2.2592e-15	2.0426e-16
5294.2917	2.2580e-15	2.0316e-16
5296.5790	2.2642e-15	2.0940e-16
5298.8662	2.2676e-15	2.0153e-16
5301.1534	2.2664e-15	1.9221e-16
5303.4406	2.2629e-15	1.8933e-16
5305.7278	2.2616e-15	1.8316e-16
5308.0150	2.2639e-15	1.6355e-16
5310.3022	2.2625e-15	1.5033e-16
5312.5894	2.2542e-15	1.7279e-16
5314.8767	2.2498e-15	1.9302e-16
5317.1639	2.2558e-15	1.8877e-16
5319.4511	2.2655e-15	1.9471e-16
5321.7383	2.2729e-15	2.1576e-16
5324.0255	2.2783e-15	2.1801e-16
5326.3127	2.2843e-15	2.1776e-16
5328.5999	2.2937e-15	2.2342e-16
5330.8871	2.3026e-15	2.1619e-16
5333.1744	2.3026e-15	2.1062e-16
5335.4616	2.2996e-15	2.1039e-16
5337.7488	2.3111e-15	2.1049e-16
5340.0360	2.3319e-15	2.1008e-16
5342.3232	2.3395e-15	2.0448e-16
5344.6104	2.3330e-15	1.9753e-16
5346.8976	2.3281e-15	2.1111e-16
5349.1848	2.3274e-15	2.3859e-16
5351.4721	2.3244e-15	2.5601e-16
5353.7593	2.3188e-15	2.5951e-16
5356.0465	2.3143e-15	2.5718e-16
5358.3337	2.3142e-15	2.5725e-16
5360.6209	2.3196e-15	2.5013e-16
5362.9081	2.3235e-15	2.3331e-16
5365.1953	2.3183e-15	2.3087e-16
5367.4826	2.3100e-15	2.3193e-16
5369.7698	2.3070e-15	2.0606e-16
5372.0570	2.3069e-15	1.9720e-16
5374.3442	2.3053e-15	1.9762e-16
5376.6314	2.3018e-15	1.9492e-16
5378.9186	2.2979e-15	1.9485e-16
5381.2058	2.2997e-15	1.9375e-16
5383.4930	2.3093e-15	1.9028e-16
5385.7803	2.3187e-15	1.9368e-16
5388.0675	2.3216e-15	2.1966e-16
5390.3547	2.3178e-15	2.3763e-16
5392.6419	2.3108e-15	2.3865e-16
5394.9291	2.3070e-15	2.2838e-16
5397.2163	2.3084e-15	2.0346e-16
5399.5035	2.3124e-15	1.8201e-16
5401.7907	2.3167e-15	1.7527e-16
5404.0780	2.3197e-15	1.7511e-16
5406.3652	2.3202e-15	1.8099e-16
5408.6524	2.3200e-15	1.7733e-16
5410.9396	2.3190e-15	1.7696e-16
5413.2268	2.3156e-15	1.8397e-16
5415.5140	2.3126e-15	2.1595e-16
5417.8012	2.3130e-15	2.2189e-16
5420.0884	2.3137e-15	2.2175e-16
5422.3757	2.3106e-15	2.2112e-16
5424.6629	2.3049e-15	2.2012e-16
5426.9501	2.2989e-15	2.2028e-16
5429.2373	2.2924e-15	2.2087e-16
5431.5245	2.2850e-15	2.2319e-16
5433.8117	2.2793e-15	2.2297e-16
5436.0989	2.2790e-15	2.0387e-16
5438.3861	2.2847e-15	1.9063e-16
5440.6734	2.2938e-15	1.9687e-16
5442.9606	2.3056e-15	1.9799e-16
5445.2478	2.3199e-15	2.0138e-16
5447.5350	2.3324e-15	2.0067e-16
5449.8222	2.3405e-15	1.9503e-16
5452.1094	2.3482e-15	2.0344e-16
5454.3966	2.3584e-15	2.0792e-16
5456.6838	2.3686e-15	2.0787e-16
5458.9711	2.3784e-15	2.0272e-16
5461.2583	2.3907e-15	1.9770e-16
5463.5455	2.4048e-15	1.5112e-16
5465.8327	2.4173e-15	1.4072e-16
5468.1199	2.4233e-15	1.3552e-16
5470.4071	2.4180e-15	1.3277e-16
5472.6943	2.4053e-15	1.3753e-16
5474.9815	2.3955e-15	1.3743e-16
5477.2688	2.3880e-15	1.3510e-16
5479.5560	2.3748e-15	1.3395e-16
5481.8432	2.3558e-15	1.4562e-16
5484.1304	2.3345e-15	1.5641e-16
5486.4176	2.3164e-15	1.5061e-16
5488.7048	2.3076e-15	1.4343e-16
5490.9920	2.3015e-15	1.5023e-16
5493.2792	2.2868e-15	1.4719e-16
5495.5665	2.2660e-15	1.5309e-16
5497.8537	2.2470e-15	1.5192e-16
5500.1409	2.2284e-15	1.4438e-16
5502.4281	2.2079e-15	1.4216e-16
5504.7153	2.1921e-15	1.4711e-16
5507.0025	2.1851e-15	1.5156e-16
5509.2897	2.1832e-15	1.5855e-16
5511.5769	2.1831e-15	1.7521e-16
5513.8642	2.1831e-15	1.8648e-16
5516.1514	2.1802e-15	1.8829e-16
5518.4386	2.1717e-15	1.8808e-16
5520.7258	2.1599e-15	1.8892e-16
5523.0130	2.1514e-15	1.9338e-16
5525.3002	2.1480e-15	1.9452e-16
5527.5874	2.1442e-15	1.8967e-16
5529.8746	2.1385e-15	1.7522e-16
5532.1619	2.1375e-15	1.5691e-16
5534.4491	2.1423e-15	1.5039e-16
5536.7363	2.1438e-15	1.5752e-16
5539.0235	2.1378e-15	1.8103e-16
5541.3107	2.1309e-15	2.0727e-16
5543.5979	2.1278e-15	2.1278e-16
5545.8851	2.1265e-15	2.1517e-16
5548.1723	2.1231e-15	2.1674e-16
5550.4596	2.1153e-15	2.3212e-16
5552.7468	2.1021e-15	2.5673e-16
5555.0340	2.0851e-15	2.5683e-16
5557.3212	2.0720e-15	2.5453e-16
5559.6084	2.0703e-15	2.4409e-16
5561.8956	2.0762e-15	2.3162e-16
5564.1828	2.0820e-15	2.2730e-16
5566.4700	2.0819e-15	2.2299e-16
5568.7573	2.0731e-15	2.1652e-16
5571.0445	2.0601e-15	2.1501e-16
5573.3317	2.0497e-15	2.1944e-16
5575.6189	2.0433e-15	2.3741e-16
5577.9061	2.0381e-15	2.6845e-16
5580.1933	2.0292e-15	2.7946e-16
5582.4805	2.0146e-15	2.8019e-16
5584.7677	1.9981e-15	2.8546e-16
5587.0550	1.9818e-15	2.7878e-16
5589.3422	1.9620e-15	2.6596e-16
5591.6294	1.9386e-15	2.5979e-16
5593.9166	1.9155e-15	2.5858e-16
5596.2038	1.8948e-15	2.5982e-16
5598.4910	1.8768e-15	2.4850e-16
5600.7782	1.8596e-15	2.1502e-16
5603.0654	1.8383e-15	2.0691e-16
5605.3527	1.8104e-15	2.0641e-16
5607.6399	1.7779e-15	2.0593e-16
5609.9271	1.7471e-15	2.0533e-16
5612.2143	1.7260e-15	2.1209e-16
5614.5015	1.7113e-15	2.3534e-16
5616.7887	1.6923e-15	2.4153e-16
5619.0759	1.6685e-15	2.3562e-16
5621.3632	1.6466e-15	2.2989e-16
5623.6504	1.6261e-15	2.1666e-16
5625.9376	1.6035e-15	1.8156e-16
5628.2248	1.5818e-15	1.8119e-16
5630.5120	1.5648e-15	2.1921e-16
5632.7992	1.5501e-15	2.3376e-16
5635.0864	1.5352e-15	2.3091e-16
5637.3736	1.5189e-15	2.3237e-16
5639.6609	1.5020e-15	2.2985e-16
5641.9481	1.4901e-15	2.3035e-16
5644.2353	1.4872e-15	2.3072e-16
5646.5225	1.4905e-15	2.2713e-16
5648.8097	1.4957e-15	2.2483e-16
5651.0969	1.5009e-15	2.2481e-16
5653.3841	1.5056e-15	2.2781e-16
5655.6713	1.5117e-15	2.2986e-16
5657.9586	1.5200e-15	2.3039e-16
5660.2458	1.5274e-15	2.2805e-16
5662.5330	1.5336e-15	2.1249e-16
5664.8202	1.5431e-15	2.0717e-16
5667.1074	1.5554e-15	2.1430e-16
5669.3946	1.5653e-15	2.1717e-16
5671.6818	1.5697e-15	2.1573e-16
5673.9690	1.5664e-15	2.1691e-16
5676.2563	1.5599e-15	2.0696e-16
5678.5435	1.5610e-15	1.6613e-16
5680.8307	1.5734e-15	1.2308e-16
5683.1179	1.5909e-15	1.3899e-16
5685.4051	1.6033e-15	1.6080e-16
5687.6923	1.6040e-15	1.6545e-16
5689.9795	1.6012e-15	1.6340e-16
5692.2667	1.6076e-15	1.6432e-16
5694.5540	1.6215e-15	1.7155e-16
5696.8412	1.6360e-15	1.8166e-16
5699.1284	1.6548e-15	1.8506e-16
5701.4156	1.6813e-15	1.8111e-16
5703.7028	1.7051e-15	1.7570e-16
5705.9900	1.7168e-15	1.7867e-16
5708.2772	1.7248e-15	1.8350e-16
5710.5644	1.7372e-15	1.8087e-16
5712.8517	1.7459e-15	1.8536e-16
5715.1389	1.7465e-15	1.8572e-16
5717.4261	1.7488e-15	1.8596e-16
5719.7133	1.7615e-15	1.8623e-16
5722.0005	1.7838e-15	1.8515e-16
5724.2877	1.8092e-15	1.8547e-16
5726.5749	1.8292e-15	1.8762e-16
5728.8621	1.8440e-15	1.8805e-16
5731.1494	1.8628e-15	1.7684e-16
5733.4366	1.8842e-15	1.5836e-16
5735.7238	1.8955e-15	1.5475e-16
5738.0110	1.8974e-15	1.5653e-16
5740.2982	1.9035e-15	1.5959e-16
5742.5854	1.9153e-15	1.7245e-16
5744.8726	1.9233e-15	1.6685e-16
5747.1598	1.9273e-15	1.6790e-16
5749.4471	1.9353e-15	1.8048e-16
5751.7343	1.9536e-15	1.8990e-16
5754.0215	1.9843e-15	1.8663e-16
5756.3087	2.0187e-15	1.7648e-16
5758.5959	2.0453e-15	1.9091e-16
5760.8831	2.0674e-15	1.9943e-16
5763.1703	2.0936e-15	1.9267e-16
5765.4575	2.1203e-15	2.0223e-16
5767.7448	2.1421e-15	2.0489e-16
5770.0320	2.1632e-15	2.0465e-16
5772.3192	2.1878e-15	2.0353e-16
5774.6064	2.2133e-15	2.0205e-16
5776.8936	2.2358e-15	2.0491e-16
5779.1808	2.2540e-15	2.0824e-16
5781.4680	2.2690e-15	2.0646e-16
5783.7552	2.2826e-15	2.0213e-16
5786.0425	2.2963e-15	2.0301e-16
5788.3297	2.3126e-15	1.9927e-16
5790.6169	2.3329e-15	1.8940e-16
5792.9041	2.3541e-15	1.9701e-16
5795.1913	2.3726e-15	1.9731e-16
5797.4785	2.3867e-15	1.9294e-16
5799.7657	2.3982e-15	2.0319e-16
5802.0529	2.4105e-15	2.0426e-16
5804.3402	2.4252e-15	2.0424e-16
5806.6274	2.4423e-15	1.9645e-16
5808.9146	2.4609e-15	1.9458e-16
5811.2018	2.4785e-15	1.9347e-16
5813.4890	2.4932e-15	1.7679e-16
5815.7762	2.5055e-15	1.7121e-16
5818.0634	2.5169e-15	1.7103e-16
5820.3506	2.5294e-15	1.7532e-16
5822.6379	2.5456e-15	1.9189e-16
5824.9251	2.5672e-15	2.0650e-16
5827.2123	2.5914e-15	2.1165e-16
5829.4995	2.6122e-15	2.1208e-16
5831.7867	2.6273e-15	2.1154e-16
5834.0739	2.6394e-15	2.0888e-16
5836.3611	2.6547e-15	2.0934e-16
5838.6483	2.6743e-15	2.0534e-16
5840.9356	2.6891e-15	1.9566e-16
5843.2228	2.6940e-15	1.9247e-16
5845.5100	2.6970e-15	1.9006e-16
5847.7972	2.7034e-15	1.6647e-16
5850.0844	2.7071e-15	1.5983e-16
5852.3716	2.7057e-15	1.6862e-16
5854.6588	2.7051e-15	1.7006e-16
5856.9460	2.7104e-15	1.5721e-16
5859.2333	2.7220e-15	1.5524e-16
5861.5205	2.7339e-15	1.6060e-16
5863.8077	2.7350e-15	1.6540e-16
5866.0949	2.7255e-15	1.6759e-16
5868.3821	2.7189e-15	1.7046e-16
5870.6693	2.7203e-15	1.6302e-16
5872.9565	2.7238e-15	1.4028e-16
5875.2437	2.7226e-15	1.1963e-16
5877.5310	2.7130e-15	1.1449e-16
5879.8182	2.6975e-15	1.1255e-16
5882.1054	2.6819e-15	9.9036e-17
5884.3926	2.6683e-15	9.7515e-17
5886.6798	2.6588e-15	1.1990e-16
5888.9670	2.6551e-15	1.4585e-16
5891.2542	2.6544e-15	1.7651e-16
5893.5415	2.6528e-15	2.0383e-16
5895.8287	2.6483e-15	2.2220e-16
5898.1159	2.6408e-15	2.2747e-16
5900.4031	2.6302e-15	2.2362e-16
5902.6903	2.6195e-15	2.2037e-16
5904.9775	2.6112e-15	2.2844e-16
5907.2647	2.6017e-15	2.3655e-16
5909.5519	2.5882e-15	2.3481e-16
5911.8392	2.5756e-15	2.3383e-16
5914.1264	2.5699e-15	2.4375e-16
5916.4136	2.5723e-15	2.4511e-16
5918.7008	2.5790e-15	2.3952e-16
5920.9880	2.5830e-15	2.3618e-16
5923.2752	2.5797e-15	2.3494e-16
5925.5624	2.5708e-15	2.3184e-16
5927.8496	2.5604e-15	2.2950e-16
5930.1369	2.5499e-15	2.3292e-16
5932.4241	2.5393e-15	2.3344e-16
5934.7113	2.5307e-15	2.3351e-16
5936.9985	2.5251e-15	2.3627e-16
5939.2857	2.5208e-15	2.2511e-16
5941.5729	2.5183e-15	2.0345e-16
5943.8601	2.5216e-15	1.8511e-16
5946.1473	2.5315e-15	1.7947e-16
5948.4346	2.5450e-15	1.8074e-16
5950.7218	2.5593e-15	1.8079e-16
5953.0090	2.5726e-15	1.8933e-16
5955.2962	2.5844e-15	2.0958e-16
5957.5834	2.5968e-15	2.1322e-16
5959.8706	2.6102e-15	2.1163e-16
5962.1578	2.6229e-15	2.0117e-16
5964.4450	2.6349e-15	1.9839e-16
5966.7323	2.6487e-15	1.9753e-16
5969.0195	2.6653e-15	2.0052e-16
5971.3067	2.6815e-15	2.0222e-16
5973.5939	2.6901e-15	2.0269e-16
5975.8811	2.6886e-15	1.9776e-16
5978.1683	2.6844e-15	1.8723e-16
5980.4555	2.6845e-15	1.8310e-16
5982.7427	2.6882e-15	1.8358e-16
5985.0300	2.6916e-15	1.7813e-16
5987.3172	2.6913e-15	1.7710e-16
5989.6044	2.6863e-15	1.8063e-16
5991.8916	2.6779e-15	1.7943e-16
5994.1788	2.6661e-15	1.7428e-16
5996.4660	2.6509e-15	1.8366e-16
5998.7532	2.6334e-15	2.0386e-16
6001.0404	2.6142e-15	1.9588e-16
6003.3277	2.5937e-15	1.7427e-16
6005.6149	2.5736e-15	1.7597e-16
6007.9021	2.5548e-15	1.7836e-16
6010.1893	2.5374e-15	1.7996e-16
6012.4765	2.5232e-15	1.8769e-16
6014.7637	2.5147e-15	2.0026e-16
6017.0509	2.5086e-15	2.0159e-16
6019.3381	2.4995e-15	2.0124e-16
6021.6254	2.4875e-15	2.0116e-16
6023.9126	2.4754e-15	2.0032e-16
6026.1998	2.4615e-15	1.9815e-16
6028.4870	2.4440e-15	1.9616e-16
6030.7742	2.4286e-15	1.9423e-16
6033.0614	2.4199e-15	1.9447e-16
6035.3486	2.4061e-15	1.9588e-16
6037.6358	2.3780e-15	1.9517e-16
6039.9231	2.3494e-15	1.9859e-16
6042.2103	2.3333e-15	1.9412e-16
6044.4975	2.3202e-15	1.7513e-16
6046.7847	2.3007e-15	1.7002e-16
6049.0719	2.2808e-15	1.8232e-16
6051.3591	2.2681e-15	1.7844e-16
6053.6463	2.2638e-15	1.7811e-16
6055.9335	2.2629e-15	1.7919e-16
6058.2208	2.2564e-15	1.7693e-16
6060.5080	2.2417e-15	1.7194e-16
6062.7952	2.2258e-15	1.6222e-16
6065.0824	2.2131e-15	1.5468e-16
6067.3696	2.2017e-15	1.5131e-16
6069.6568	2.1903e-15	1.4926e-16
6071.9440	2.1802e-15	1.4926e-16
6074.2312	2.1729e-15	1.5587e-16
6076.5185	2.1706e-15	1.6112e-16
6078.8057	2.1732e-15	1.6301e-16
6081.0929	2.1767e-15	1.6097e-16
6083.3801	2.1798e-15	1.5916e-16
6085.6673	2.1858e-15	1.6317e-16
6087.9545	2.1943e-15	1.6292e-16
6090.2417	2.2014e-15	1.6191e-16
6092.5289	2.2064e-15	1.5714e-16
6094.8162	2.2118e-15	1.3141e-16
6097.1034	2.2182e-15	1.1527e-16
6099.3906	2.2248e-15	1.1964e-16
6101.6778	2.2330e-15	1.1663e-16
6103.9650	2.2426e-15	1.1501e-16
6106.2522	2.2491e-15	1.2068e-16
6108.5394	2.2515e-15	1.4900e-16
6110.8266	2.2579e-15	1.6694e-16
6113.1139	2.2723e-15	1.6670e-16
6115.4011	2.2870e-15	1.6788e-16
6117.6883	2.2942e-15	1.6922e-16
6119.9755	2.2922e-15	1.7324e-16
6122.2627	2.2844e-15	1.6989e-16
6124.5499	2.2797e-15	1.6833e-16
6126.8371	2.2820e-15	1.6862e-16
6129.1243	2.2861e-15	1.6899e-16
6131.4116	2.2885e-15	1.7775e-16
6133.6988	2.2920e-15	1.8050e-16
6135.9860	2.2972e-15	1.7812e-16
6138.2732	2.3007e-15	1.8338e-16
6140.5604	2.3047e-15	1.9333e-16
6142.8476	2.3148e-15	1.9857e-16
6145.1348	2.3281e-15	1.9323e-16
6147.4221	2.3369e-15	1.8736e-16
6149.7093	2.3398e-15	1.8415e-16
6151.9965	2.3397e-15	1.8340e-16
6154.2837	2.3391e-15	1.8791e-16
6156.5709	2.3406e-15	1.6453e-16
6158.8581	2.3430e-15	1.4317e-16
6161.1453	2.3428e-15	1.4327e-16
6163.4325	2.3406e-15	1.4216e-16
6165.7198	2.3389e-15	1.4061e-16
6168.0070	2.3364e-15	1.3651e-16
6170.2942	2.3298e-15	1.3649e-16
6172.5814	2.3201e-15	1.3509e-16
6174.8686	2.3109e-15	1.3378e-16
6177.1558	2.3048e-15	1.3361e-16
6179.4430	2.2997e-15	1.2592e-16
6181.7302	2.2894e-15	1.1466e-16
6184.0175	2.2728e-15	1.1787e-16
6186.3047	2.2588e-15	1.1829e-16
6188.5919	2.2505e-15	1.0844e-16
6190.8791	2.2393e-15	1.0675e-16
6193.1663	2.2226e-15	1.0921e-16
6195.4535	2.2090e-15	1.0816e-16
6197.7407	2.2015e-15	1.0556e-16
6200.0279	2.1950e-15	1.0766e-16
6202.3152	2.1857e-15	1.0287e-16
6204.6024	2.1737e-15	1.0290e-16
6206.8896	2.1617e-15	1.0268e-16
6209.1768	2.1533e-15	1.0258e-16
6211.4640	2.1469e-15	1.0334e-16
6213.7512	2.1375e-15	1.1874e-16
6216.0384	2.1258e-15	1.3029e-16
6218.3256	2.1171e-15	1.3209e-16
6220.6129	2.1133e-15	1.5670e-16
6222.9001	2.1127e-15	1.6760e-16
6225.1873	2.1135e-15	1.6751e-16
6227.4745	2.1137e-15	1.6130e-16
6229.7617	2.1090e-15	1.5974e-16
6232.0489	2.0967e-15	1.5612e-16
6234.3361	2.0832e-15	1.5269e-16
6236.6233	2.0758e-15	1.5286e-16
6238.9106	2.0681e-15	1.4740e-16
6241.1978	2.0534e-15	1.4320e-16
6243.4850	2.0376e-15	1.4412e-16
6245.7722	2.0284e-15	1.5385e-16
6248.0594	2.0264e-15	1.5780e-16
6250.3466	2.0283e-15	1.5588e-16
6252.6338	2.0284e-15	1.5643e-16
6254.9210	2.0245e-15	1.5647e-16
6257.2083	2.0220e-15	1.5810e-16
6259.4955	2.0228e-15	1.6327e-16
6261.7827	2.0223e-15	1.5282e-16
6264.0699	2.0212e-15	1.3948e-16
6266.3571	2.0257e-15	1.3922e-16
6268.6443	2.0336e-15	1.2416e-16
6270.9315	2.0365e-15	1.1190e-16
6273.2187	2.0342e-15	1.0973e-16
6275.5060	2.0348e-15	1.1172e-16
6277.7932	2.0404e-15	1.1247e-16
6280.0804	2.0467e-15	1.1320e-16
6282.3676	2.0544e-15	1.1667e-16
6284.6548	2.0675e-15	1.1687e-16
6286.9420	2.0813e-15	1.1748e-16
6289.2292	2.0879e-15	1.1808e-16
6291.5164	2.0898e-15	1.1604e-16
6293.8037	2.0935e-15	1.0028e-16
6296.0909	2.1002e-15	8.7882e-17
6298.3781	2.1077e-15	9.6057e-17
6300.6653	2.1136e-15	1.0877e-16
6302.9525	2.1160e-15	1.2052e-16
6305.2397	2.1180e-15	1.2878e-16
6307.5269	2.1231e-15	1.2881e-16
6309.8141	2.1282e-15	1.3394e-16
6312.1014	2.1297e-15	1.3731e-16
6314.3886	2.1304e-15	1.3722e-16
6316.6758	2.1334e-15	1.4284e-16
6318.9630	2.1384e-15	1.6334e-16
6321.2502	2.1439e-15	1.7949e-16
6323.5374	2.1480e-15	1.8502e-16
6325.8246	2.1506e-15	1.8632e-16
6328.1118	2.1540e-15	1.8555e-16
6330.3991	2.1596e-15	1.8169e-16
6332.6863	2.1674e-15	1.8302e-16
6334.9735	2.1772e-15	1.8701e-16
6337.2607	2.1890e-15	1.8785e-16
6339.5479	2.2022e-15	2.0068e-16
6341.8351	2.2135e-15	2.0376e-16
6344.1223	2.2205e-15	2.0454e-16
6346.4095	2.2244e-15	2.0262e-16
6348.6968	2.2266e-15	1.9868e-16
6350.9840	2.2272e-15	1.9519e-16
6353.2712	2.2272e-15	1.8870e-16
6355.5584	2.2287e-15	1.7663e-16
6357.8456	2.2320e-15	1.6479e-16
6360.1328	2.2369e-15	1.7494e-16
6362.4200	2.2448e-15	1.9781e-16
6364.7072	2.2554e-15	1.9703e-16
6366.9945	2.2605e-15	1.8207e-16
6369.2817	2.2548e-15	1.6989e-16
6371.5689	2.2475e-15	1.6453e-16
6373.8561	2.2480e-15	1.6363e-16
6376.1433	2.2519e-15	1.6529e-16
6378.4305	2.2530e-15	1.6886e-16
6380.7177	2.2534e-15	1.6818e-16
6383.0049	2.2546e-15	1.6413e-16
6385.2922	2.2514e-15	1.6649e-16
6387.5794	2.2424e-15	1.5498e-16
6389.8666	2.2359e-15	1.5173e-16
6392.1538	2.2389e-15	1.5106e-16
6394.4410	2.2507e-15	1.5108e-16
6396.7282	2.2639e-15	1.4749e-16
6399.0154	2.2689e-15	1.4378e-16
6401.3027	2.2675e-15	1.5121e-16
6403.5899	2.2713e-15	1.6181e-16
6405.8771	2.2822e-15	1.6651e-16
6408.1643	2.2928e-15	1.5372e-16
6410.4515	2.3016e-15	1.2998e-16
6412.7387	2.3130e-15	1.2556e-16
6415.0259	2.3295e-15	1.2814e-16
6417.3131	2.3503e-15	1.3001e-16
6419.6004	2.3687e-15	1.4434e-16
6421.8876	2.3778e-15	1.5032e-16
6424.1748	2.3830e-15	1.4613e-16
6426.4620	2.3928e-15	1.3768e-16
6428.7492	2.4027e-15	1.3284e-16
6431.0364	2.4044e-15	1.3350e-16
6433.3236	2.3967e-15	1.3304e-16
6435.6108	2.3840e-15	1.3150e-16
6437.8981	2.3765e-15	1.3796e-16
6440.1853	2.3812e-15	1.6076e-16
6442.4725	2.3933e-15	1.7420e-16
6444.7597	2.4053e-15	1.7437e-16
6447.0469	2.4140e-15	1.7189e-16
6449.3341	2.4192e-15	1.6435e-16
6451.6213	2.4230e-15	1.6171e-16
6453.9085	2.4249e-15	1.6163e-16
6456.1958	2.4201e-15	1.6160e-16
6458.4830	2.4094e-15	1.6024e-16
6460.7702	2.4028e-15	1.5985e-16
6463.0574	2.4063e-15	1.7232e-16
6465.3446	2.4154e-15	1.9764e-16
6467.6318	2.4241e-15	2.0298e-16
6469.9190	2.4302e-15	1.9936e-16
6472.2062	2.4335e-15	2.1044e-16
6474.4935	2.4340e-15	2.0957e-16
6476.7807	2.4341e-15	2.2091e-16
6479.0679	2.4370e-15	2.3167e-16
6481.3551	2.4411e-15	2.3500e-16
6483.6423	2.4412e-15	2.4033e-16
6485.9295	2.4342e-15	2.4483e-16
6488.2167	2.4221e-15	2.3346e-16
6490.5039	2.4127e-15	2.2105e-16
6492.7912	2.4119e-15	2.2961e-16
6495.0784	2.4176e-15	2.3930e-16
6497.3656	2.4249e-15	2.3550e-16
6499.6528	2.4321e-15	2.2353e-16
6501.9400	2.4379e-15	2.2244e-16
6504.2272	2.4389e-15	2.4205e-16
6506.5144	2.4344e-15	2.5003e-16
6508.8016	2.4290e-15	2.4947e-16
6511.0889	2.4258e-15	2.5200e-16
6513.3761	2.4231e-15	2.4865e-16
6515.6633	2.4194e-15	2.4252e-16
6517.9505	2.4175e-15	2.4505e-16
6520.2377	2.4173e-15	2.3835e-16
6522.5249	2.4138e-15	2.4146e-16
6524.8121	2.4074e-15	2.3329e-16
6527.0993	2.4038e-15	2.2209e-16
6529.3866	2.4051e-15	2.1708e-16
6531.6738	2.4090e-15	2.0986e-16
6533.9610	2.4134e-15	2.0949e-16
6536.2482	2.4183e-15	2.2283e-16
6538.5354	2.4236e-15	2.3293e-16
6540.8226	2.4270e-15	2.2830e-16
6543.1098	2.4279e-15	2.3815e-16
6545.3970	2.4289e-15	2.5183e-16
6547.6843	2.4315e-15	2.5176e-16
6549.9715	2.4351e-15	2.4975e-16
6552.2587	2.4409e-15	2.3872e-16
6554.5459	2.4498e-15	2.3356e-16
6556.8331	2.4597e-15	2.3344e-16
6559.1203	2.4672e-15	2.2290e-16
6561.4075	2.4707e-15	2.0903e-16
6563.6947	2.4702e-15	2.3556e-16
6565.9820	2.4691e-15	2.7799e-16
6568.2692	2.4719e-15	2.8488e-16
6570.5564	2.4773e-15	2.7997e-16
6572.8436	2.4809e-15	2.7984e-16
6575.1308	2.4817e-15	2.8868e-16
6577.4180	2.4798e-15	3.0960e-16
6579.7052	2.4745e-15	3.2403e-16
6581.9924	2.4672e-15	3.2039e-16
6584.2797	2.4630e-15	3.0971e-16
6586.5669	2.4637e-15	3.0340e-16
6588.8541	2.4641e-15	3.0326e-16
6591.1413	2.4617e-15	2.8954e-16
6593.4285	2.4571e-15	2.7876e-16
6595.7157	2.4498e-15	2.8643e-16
6598.0029	2.4410e-15	2.8650e-16
6600.2901	2.4349e-15	2.8867e-16
6602.5774	2.4329e-15	2.9533e-16
6604.8646	2.4340e-15	2.9594e-16
6607.1518	2.4381e-15	2.9387e-16
6609.4390	2.4439e-15	2.9536e-16
6611.7262	2.4489e-15	2.7656e-16
6614.0134	2.4516e-15	2.3002e-16
6616.3006	2.4518e-15	2.0813e-16
6618.5878	2.4518e-15	2.0627e-16
6620.8751	2.4561e-15	2.0586e-16
6623.1623	2.4594e-15	1.9770e-16
6625.4495	2.4529e-15	1.7044e-16
6627.7367	2.4416e-15	1.4609e-16
6630.0239	2.4368e-15	1.4427e-16
6632.3111	2.4412e-15	1.4425e-16
6634.5983	2.4515e-15	1.4414e-16
6636.8855	2.4603e-15	1.4631e-16
6639.1728	2.4608e-15	1.4708e-16
6641.4600	2.4537e-15	1.3838e-16
6643.7472	2.4422e-15	1.1144e-16
6646.0344	2.4267e-15	1.0642e-16
6648.3216	2.4092e-15	9.8496e-17
6650.6088	2.3952e-15	9.3221e-17
6652.8960	2.3879e-15	1.0869e-16
6655.1832	2.3884e-15	1.1660e-16
6657.4705	2.3934e-15	1.1637e-16
6659.7577	2.3954e-15	1.2003e-16
6662.0449	2.3900e-15	1.1989e-16
6664.3321	2.3771e-15	1.1640e-16
6666.6193	2.3596e-15	1.2523e-16
6668.9065	2.3445e-15	1.2538e-16
6671.1937	2.3329e-15	1.3216e-16
6673.4810	2.3195e-15	1.3114e-16
6675.7682	2.3049e-15	1.4824e-16
6678.0554	2.2928e-15	1.6001e-16
6680.3426	2.2820e-15	1.6081e-16
6682.6298	2.2700e-15	1.6044e-16
6684.9170	2.2617e-15	1.5926e-16
6687.2042	2.2654e-15	1.6309e-16
6689.4914	2.2791e-15	1.6753e-16
6691.7787	2.2924e-15	1.6568e-16
6694.0659	2.3003e-15	1.6501e-16
6696.3531	2.3022e-15	1.6470e-16
6698.6403	2.2965e-15	1.5821e-16
6700.9275	2.2834e-15	1.5203e-16
6703.2147	2.2693e-15	1.4666e-16
6705.5019	2.2619e-15	1.4379e-16
6707.7891	2.2628e-15	1.5526e-16
6710.0764	2.2678e-15	1.7008e-16
6712.3636	2.2698e-15	1.8589e-16
6714.6508	2.2642e-15	1.8886e-16
6716.9380	2.2512e-15	1.9053e-16
6719.2252	2.2357e-15	1.8403e-16
6721.5124	2.2294e-15	1.8899e-16
6723.7996	2.2363e-15	1.9973e-16
6726.0868	2.2460e-15	2.0357e-16
6728.3741	2.2509e-15	2.0355e-16
6730.6613	2.2519e-15	2.1821e-16
6732.9485	2.2515e-15	2.3829e-16
6735.2357	2.2525e-15	2.3722e-16
6737.5229	2.2565e-15	2.3504e-16
6739.8101	2.2616e-15	2.4276e-16
6742.0973	2.2662e-15	2.4536e-16
6744.3845	2.2704e-15	2.4591e-16
6746.6718	2.2756e-15	2.4808e-16
6748.9590	2.2829e-15	2.4305e-16
6751.2462	2.2905e-15	2.5399e-16
6753.5334	2.2949e-15	2.6512e-16
6755.8206	2.2952e-15	2.6017e-16
6758.1078	2.2935e-15	2.4743e-16
6760.3950	2.2924e-15	2.3557e-16
6762.6822	2.2924e-15	2.3003e-16
6764.9695	2.2919e-15	2.3156e-16
6767.2567	2.2886e-15	2.4112e-16
6769.5439	2.2803e-15	2.4829e-16
6771.8311	2.2668e-15	2.3509e-16
6774.1183	2.2533e-15	2.2247e-16
6776.4055	2.2439e-15	2.2279e-16
6778.6927	2.2374e-15	2.1392e-16
6780.9799	2.2312e-15	1.9149e-16
6783.2672	2.2225e-15	1.8773e-16
6785.5544	2.2108e-15	1.9872e-16
6787.8416	2.2012e-15	1.9405e-16
6790.1288	2.1949e-15	1.9238e-16
6792.4160	2.1839e-15	2.0863e-16
6794.7032	2.1658e-15	2.2087e-16
6796.9904	2.1497e-15	2.2410e-16
6799.2776	2.1401e-15	2.0855e-16
6801.5649	2.1311e-15	1.9490e-16
6803.8521	2.1188e-15	1.9289e-16
6806.1393	2.1053e-15	1.9499e-16
6808.4265	2.0950e-15	1.9785e-16
6810.7137	2.0921e-15	2.0254e-16
6813.0009	2.0926e-15	2.0569e-16
6815.2881	2.0874e-15	1.9798e-16
6817.5753	2.0755e-15	1.8197e-16
6819.8626	2.0621e-15	1.7002e-16
6822.1498	2.0518e-15	1.6761e-16
6824.4370	2.0474e-15	1.7461e-16
6826.7242	2.0467e-15	1.8783e-16
6829.0114	2.0444e-15	2.0273e-16
6831.2986	2.0383e-15	2.1057e-16
6833.5858	2.0297e-15	1.9962e-16
6835.8730	2.0213e-15	1.9495e-16
6838.1603	2.0142e-15	2.0489e-16
6840.4475	2.0042e-15	1.9989e-16
6842.7347	1.9894e-15	1.7967e-16
6845.0219	1.9777e-15	1.7836e-16
6847.3091	1.9741e-15	1.9954e-16
6849.5963	1.9709e-15	2.1330e-16
6851.8835	1.9619e-15	2.1345e-16
6854.1707	1.9487e-15	2.1148e-16
6856.4580	1.9362e-15	2.0893e-16
6858.7452	1.9308e-15	2.0327e-16
6861.0324	1.9344e-15	1.9444e-16
6863.3196	1.9411e-15	1.8832e-16
6865.6068	1.9435e-15	1.8639e-16
6867.8940	1.9360e-15	1.8673e-16
6870.1812	1.9234e-15	1.8850e-16
6872.4684	1.9194e-15	1.8873e-16
6874.7557	1.9270e-15	1.8367e-16
6877.0429	1.9368e-15	1.7360e-16
6879.3301	1.9436e-15	1.6542e-16
6881.6173	1.9487e-15	1.6517e-16
6883.9045	1.9561e-15	1.6101e-16
6886.1917	1.9692e-15	1.4732e-16
6888.4789	1.9832e-15	1.4684e-16
6890.7661	1.9903e-15	1.5174e-16
6893.0534	1.9907e-15	1.4950e-16
6895.3406	1.9890e-15	1.3199e-16
6897.6278	1.9894e-15	1.1909e-16
6899.9150	1.9940e-15	1.2228e-16
6902.2022	2.0017e-15	1.2162e-16
6904.4894	2.0098e-15	1.2061e-16
6906.7766	2.0147e-15	1.2480e-16
6909.0638	2.0145e-15	1.3396e-16
6911.3511	2.0128e-15	1.5404e-16
6913.6383	2.0147e-15	1.8465e-16
6915.9255	2.0221e-15	1.9906e-16
6918.2127	2.0332e-15	1.9827e-16
6920.4999	2.0436e-15	1.9848e-16
6922.7871	2.0496e-15	1.9870e-16
6925.0743	2.0519e-15	2.0219e-16
6927.3616	2.0523e-15	2.1164e-16
6929.6488	2.0505e-15	2.1436e-16
6931.9360	2.0483e-15	2.1169e-16
6934.2232	2.0492e-15	2.1234e-16
6936.5104	2.0541e-15	2.1187e-16
6938.7976	2.0597e-15	2.1859e-16
6941.0848	2.0636e-15	2.2198e-16
6943.3720	2.0651e-15	2.1889e-16
6945.6593	2.0648e-15	2.1882e-16
6947.9465	2.0630e-15	2.1654e-16
6950.2337	2.0588e-15	2.1417e-16
6952.5209	2.0515e-15	2.1440e-16
6954.8081	2.0422e-15	2.1630e-16
6957.0953	2.0332e-15	2.2118e-16
6959.3825	2.0253e-15	2.1501e-16
6961.6697	2.0166e-15	1.8963e-16
6963.9570	2.0030e-15	1.8166e-16
6966.2442	1.9844e-15	1.8521e-16
6968.5314	1.9689e-15	1.8461e-16
6970.8186	1.9626e-15	1.8633e-16
6973.1058	1.9576e-15	1.8654e-16
6975.3930	1.9466e-15	1.7718e-16
6977.6802	1.9353e-15	1.6967e-16
6979.9674	1.9293e-15	1.7061e-16
6982.2547	1.9248e-15	1.6812e-16
6984.5419	1.9188e-15	1.5553e-16
6986.8291	1.9134e-15	1.3614e-16
6989.1163	1.9092e-15	1.2261e-16
6991.4035	1.9042e-15	1.2211e-16
6993.6907	1.8988e-15	1.2160e-16
6995.9779	1.8957e-15	1.3021e-16
6998.2651	1.8942e-15	1.4594e-16
7000.5524	1.8906e-15	1.5535e-16
7002.8396	1.8864e-15	1.5511e-16
7005.1268	1.8882e-15	1.4648e-16
7007.4140	1.8936e-15	1.4254e-16
7009.7012	1.8930e-15	1.4372e-16
7011.9884	1.8868e-15	1.3118e-16
7014.2756	1.8841e-15	1.2597e-16
7016.5628	1.8877e-15	1.2646e-16
7018.8501	1.8945e-15	1.2203e-16
7021.1373	1.9038e-15	1.1536e-16
7023.4245	1.9160e-15	1.1027e-16
7025.7117	1.9307e-15	1.0681e-16
7027.9989	1.9467e-15	1.0295e-16
7030.2861	1.9620e-15	1.0180e-16
7032.5733	1.9742e-15	1.0313e-16
7034.8605	1.9791e-15	1.0348e-16
7037.1478	1.9755e-15	1.1734e-16
7039.4350	1.9730e-15	1.2749e-16
7041.7222	1.9789e-15	1.2831e-16
7044.0094	1.9852e-15	1.3186e-16
7046.2966	1.9857e-15	1.2126e-16
7048.5838	1.9877e-15	1.1386e-16
7050.8710	1.9963e-15	1.2779e-16
7053.1582	2.0064e-15	1.3711e-16
7055.4455	2.0127e-15	1.3511e-16
7057.7327	2.0148e-15	1.3505e-16
7060.0199	2.0128e-15	1.3516e-16
7062.3071	2.0071e-15	1.3527e-16
7064.5943	2.0012e-15	1.3892e-16
7066.8815	2.0014e-15	1.4151e-16
7069.1687	2.0082e-15	1.4104e-16
7071.4559	2.0153e-15	1.4407e-16
7073.7432	2.0193e-15	1.4981e-16
7076.0304	2.0215e-15	1.4984e-16
7078.3176	2.0235e-15	1.5351e-16
7080.6048	2.0260e-15	1.5359e-16
7082.8920	2.0275e-15	1.5348e-16
7085.1792	2.0245e-15	1.4106e-16
7087.4664	2.0176e-15	1.3045e-16
7089.7536	2.0112e-15	1.3307e-16
7092.0409	2.0066e-15	1.3052e-16
7094.3281	2.0031e-15	1.3207e-16
7096.6153	2.0012e-15	1.3422e-16
7098.9025	2.0009e-15	1.2360e-16
7101.1897	2.0017e-15	1.1258e-16
7103.4769	2.0033e-15	1.1583e-16
7105.7641	2.0048e-15	1.2555e-16
7108.0513	2.0056e-15	1.3489e-16
7110.3386	2.0065e-15	1.3660e-16
7112.6258	2.0089e-15	1.3375e-16
7114.9130	2.0129e-15	1.3211e-16
7117.2002	2.0169e-15	1.4671e-16
7119.4874	2.0183e-15	1.5343e-16
7121.7746	2.0147e-15	1.4792e-16
7124.0618	2.0052e-15	1.5018e-16
7126.3490	1.9941e-15	1.4693e-16
7128.6363	1.9898e-15	1.4620e-16
7130.9235	1.9905e-15	1.4707e-16
7133.2107	1.9849e-15	1.4840e-16
7135.4979	1.9729e-15	1.4557e-16
7137.7851	1.9666e-15	1.4809e-16
7140.0723	1.9684e-15	1.5511e-16
7142.3595	1.9726e-15	1.5570e-16
7144.6467	1.9765e-15	1.5142e-16
7146.9340	1.9796e-15	1.4883e-16
7149.2212	1.9817e-15	1.5051e-16
7151.5084	1.9838e-15	1.5145e-16
7153.7956	1.9873e-15	1.4527e-16
7156.0828	1.9928e-15	1.3771e-16
7158.3700	1.9985e-15	1.3785e-16
7160.6572	2.0010e-15	1.3877e-16
7162.9444	2.0023e-15	1.3767e-16
7165.2317	2.0066e-15	1.1828e-16
7167.5189	2.0127e-15	9.9572e-17
7169.8061	2.0166e-15	1.0048e-16
7172.0933	2.0215e-15	1.0117e-16
7174.3805	2.0314e-15	1.0111e-16
7176.6677	2.0433e-15	1.0122e-16
7178.9549	2.0524e-15	1.0122e-16
7181.2422	2.0582e-15	1.0053e-16
7183.5294	2.0618e-15	9.9953e-17
7185.8166	2.0626e-15	9.4724e-17
7188.1038	2.0616e-15	8.3199e-17
7190.3910	2.0644e-15	8.2505e-17
7192.6782	2.0697e-15	9.7577e-17
7194.9654	2.0665e-15	1.1834e-16
7197.2526	2.0562e-15	1.3145e-16
7199.5399	2.0545e-15	1.3009e-16
7201.8271	2.0654e-15	1.3405e-16
7204.1143	2.0783e-15	1.3292e-16
7206.4015	2.0841e-15	1.3118e-16
7208.6887	2.0811e-15	1.3497e-16
7210.9759	2.0768e-15	1.7870e-16
7213.2631	2.0812e-15	1.9422e-16
7215.5503	2.0932e-15	1.9423e-16
7217.8376	2.1064e-15	1.9270e-16
7220.1248	2.1197e-15	1.9056e-16
7222.4120	2.1346e-15	1.9149e-16
7224.6992	2.1487e-15	1.9387e-16
7226.9864	2.1582e-15	1.9753e-16
7229.2736	2.1609e-15	2.0189e-16
7231.5608	2.1580e-15	2.0477e-16
7233.8480	2.1564e-15	2.0431e-16
7236.1353	2.1616e-15	2.0457e-16
7238.4225	2.1682e-15	2.0551e-16
7240.7097	2.1698e-15	1.9836e-16
7242.9969	2.1708e-15	1.8119e-16
7245.2841	2.1768e-15	1.6347e-16
7247.5713	2.1854e-15	1.6188e-16
7249.8585	2.1915e-15	1.6348e-16
7252.1457	2.1937e-15	1.6846e-16
7254.4330	2.1930e-15	1.7393e-16
7256.7202	2.1904e-15	1.8102e-16
7259.0074	2.1874e-15	1.4714e-16
7261.2946	2.1861e-15	1.2660e-16
7263.5818	2.1884e-15	1.2725e-16
7265.8690	2.1949e-15	1.2904e-16
7268.1562	2.2026e-15	1.3474e-16
7270.4434	2.2066e-15	1.3374e-16
7272.7307	2.2045e-15	1.6025e-16
7275.0179	2.1965e-15	1.6464e-16
7277.3051	2.1881e-15	1.6037e-16
7279.5923	2.1870e-15	1.7029e-16
7281.8795	2.1902e-15	1.7242e-16
7284.1667	2.1890e-15	1.8657e-16
7286.4539	2.1854e-15	2.3361e-16
7288.7411	2.1868e-15	2.4575e-16
7291.0284	2.1921e-15	2.4550e-16
7293.3156	2.1974e-15	2.4557e-16
7295.6028	2.2014e-15	2.4540e-16
7297.8900	2.2049e-15	2.4597e-16
7300.1772	2.2121e-15	2.4644e-16
7302.4644	2.2254e-15	2.4206e-16
7304.7516	2.2384e-15	2.3683e-16
7307.0388	2.2451e-15	2.4128e-16
7309.3261	2.2484e-15	2.5052e-16
7311.6133	2.2512e-15	2.5384e-16
7313.9005	2.2504e-15	2.5118e-16
7316.1877	2.2440e-15	2.4298e-16
7318.4749	2.2338e-15	2.4392e-16
7320.7621	2.2254e-15	2.3461e-16
7323.0493	2.2277e-15	2.3678e-16
7325.3365	2.2396e-15	2.4302e-16
7327.6238	2.2457e-15	2.3196e-16
7329.9110	2.2414e-15	2.2400e-16
7332.1982	2.2411e-15	2.1864e-16
7334.4854	2.2516e-15	1.7659e-16
7336.7726	2.2647e-15	1.6359e-16
7339.0598	2.2743e-15	1.6694e-16
7341.3470	2.2814e-15	1.6718e-16
7343.6342	2.2863e-15	1.7877e-16
7345.9215	2.2875e-15	1.8882e-16
7348.2087	2.2868e-15	1.8780e-16
7350.4959	2.2872e-15	1.8820e-16
7352.7831	2.2873e-15	1.9408e-16
7355.0703	2.2840e-15	1.8531e-16
7357.3575	2.2788e-15	1.6807e-16
7359.6447	2.2742e-15	1.5992e-16
7361.9319	2.2681e-15	1.6638e-16
7364.2192	2.2595e-15	1.6576e-16
7366.5064	2.2536e-15	1.6815e-16
7368.7936	2.2542e-15	1.6788e-16
7371.0808	2.2558e-15	1.6527e-16
7373.3680	2.2513e-15	1.5800e-16
7375.6552	2.2368e-15	1.4942e-16
7377.9424	2.2134e-15	1.6326e-16
7380.2296	2.1893e-15	1.8276e-16
7382.5169	2.1717e-15	1.8390e-16
7384.8041	2.1616e-15	1.7770e-16
7387.0913	2.1544e-15	1.7307e-16
7389.3785	2.1405e-15	1.8068e-16
7391.6657	2.1191e-15	1.9475e-16
7393.9529	2.1032e-15	2.1646e-16
7396.2401	2.0981e-15	2.3648e-16
7398.5273	2.0928e-15	2.3845e-16
7400.8146	2.0804e-15	2.3894e-16
7403.1018	2.0633e-15	2.4088e-16
7405.3890	2.0468e-15	2.3892e-16
7407.6762	2.0380e-15	2.4174e-16
7409.9634	2.0342e-15	2.4022e-16
7412.2506	2.0232e-15	2.4120e-16
7414.5378	2.0067e-15	2.4754e-16
7416.8250	1.9974e-15	2.6226e-16
7419.1123	1.9940e-15	2.7320e-16
7421.3995	1.9863e-15	2.7555e-16
7423.6867	1.9709e-15	2.7686e-16
7425.9739	1.9508e-15	2.7044e-16
7428.2611	1.9330e-15	2.5692e-16
7430.5483	1.9242e-15	2.5314e-16
7432.8355	1.9226e-15	2.5536e-16
7435.1228	1.9219e-15	2.5538e-16
7437.4100	1.9197e-15	2.5334e-16
7439.6972	1.9165e-15	2.4237e-16
7441.9844	1.9157e-15	2.1377e-16
7444.2716	1.9183e-15	1.8777e-16
7446.5588	1.9194e-15	2.0117e-16
7448.8460	1.9167e-15	2.0957e-16
7451.1332	1.9158e-15	2.0986e-16
7453.4205	1.9193e-15	2.2191e-16
7455.7077	1.9223e-15	2.3647e-16
7457.9949	1.9224e-15	2.4244e-16
7460.2821	1.9232e-15	2.4358e-16
7462.5693	1.9257e-15	2.3770e-16
7464.8565	1.9262e-15	2.2560e-16
7467.1437	1.9226e-15	2.1987e-16
7469.4309	1.9166e-15	2.2003e-16
7471.7182	1.9119e-15	2.1863e-16
7474.0054	1.9118e-15	2.1396e-16
7476.2926	1.9143e-15	2.1076e-16
7478.5798	1.9134e-15	2.1505e-16
7480.8670	1.9119e-15	2.2375e-16
7483.1542	1.9195e-15	2.3218e-16
7485.4414	1.9322e-15	2.3309e-16
7487.7286	1.9366e-15	2.3316e-16
7490.0159	1.9306e-15	2.3695e-16
7492.3031	1.9211e-15	2.3048e-16
7494.5903	1.9138e-15	2.2545e-16
7496.8775	1.9109e-15	2.2863e-16
7499.1647	1.9070e-15	2.3215e-16
7501.4519	1.8951e-15	2.2267e-16
7503.7391	1.8755e-15	2.0635e-16
7506.0263	1.8552e-15	1.9849e-16
7508.3136	1.8454e-15	1.9816e-16
7510.6008	1.8489e-15	1.9815e-16
7512.8880	1.8537e-15	2.0052e-16
7515.1752	1.8525e-15	2.0262e-16
7517.4624	1.8522e-15	2.0052e-16
7519.7496	1.8541e-15	1.9726e-16
7522.0368	1.8465e-15	1.9556e-16
7524.3240	1.8279e-15	1.9533e-16
7526.6113	1.8151e-15	1.9480e-16
7528.8985	1.8132e-15	1.9561e-16
7531.1857	1.8082e-15	1.9372e-16
7533.4729	1.7990e-15	1.9320e-16
7535.7601	1.7989e-15	1.9072e-16
7538.0473	1.8063e-15	1.8642e-16
7540.3345	1.8076e-15	1.8719e-16
7542.6217	1.7999e-15	1.6368e-16
7544.9090	1.7894e-15	1.3790e-16
7547.1962	1.7780e-15	1.3061e-16
7549.4834	1.7646e-15	1.3117e-16
7551.7706	1.7524e-15	1.2989e-16
7554.0578	1.7468e-15	1.3124e-16
7556.3450	1.7453e-15	1.3125e-16
7558.6322	1.7412e-15	1.4293e-16
7560.9194	1.7382e-15	1.6983e-16
7563.2067	1.7427e-15	1.7579e-16
7565.4939	1.7453e-15	1.6918e-16
7567.7811	1.7343e-15	1.7099e-16
7570.0683	1.7143e-15	1.7767e-16
7572.3555	1.6959e-15	1.8076e-16
7574.6427	1.6836e-15	1.7986e-16
7576.9299	1.6782e-15	1.6868e-16
7579.2171	1.6778e-15	1.7116e-16
7581.5044	1.6773e-15	1.9858e-16
7583.7916	1.6711e-15	1.9907e-16
7586.0788	1.6579e-15	2.4102e-16
7588.3660	1.6438e-15	2.9102e-16
7590.6532	1.6338e-15	3.0027e-16
7592.9404	1.6265e-15	3.0208e-16
7595.2276	1.6222e-15	3.0391e-16
7597.5148	1.6253e-15	3.0213e-16
7599.8021	1.6325e-15	3.1036e-16
7602.0893	1.6333e-15	3.1026e-16
7604.3765	1.6255e-15	3.0923e-16
7606.6637	1.6161e-15	3.1760e-16
7608.9509	1.6105e-15	3.4354e-16
7611.2381	1.6105e-15	3.3714e-16
7613.5253	1.6141e-15	3.4855e-16
7615.8125	1.6152e-15	3.6083e-16
7618.0998	1.6124e-15	3.5927e-16
7620.3870	1.6102e-15	3.5830e-16
7622.6742	1.6115e-15	3.6004e-16
7624.9614	1.6170e-15	3.6346e-16
7627.2486	1.6267e-15	3.6109e-16
7629.5358	1.6381e-15	3.4464e-16
7631.8230	1.6463e-15	3.4400e-16
7634.1102	1.6499e-15	3.2123e-16
7636.3975	1.6559e-15	2.7284e-16
7638.6847	1.6709e-15	2.6164e-16
7640.9719	1.6914e-15	2.6152e-16
7643.2591	1.7120e-15	2.5233e-16
7645.5463	1.7342e-15	2.5180e-16
7647.8335	1.7576e-15	2.4668e-16
7650.1207	1.7775e-15	2.4766e-16
7652.4079	1.7920e-15	2.4833e-16
7654.6952	1.8056e-15	2.4519e-16
7656.9824	1.8225e-15	1.9952e-16
7659.2696	1.8421e-15	1.9500e-16
7661.5568	1.8626e-15	1.7858e-16
7663.8440	1.8830e-15	1.5733e-16
7666.1312	1.9028e-15	1.6014e-16
7668.4184	1.9231e-15	1.6840e-16
7670.7056	1.9447e-15	1.6974e-16
7672.9929	1.9678e-15	1.6324e-16
7675.2801	1.9913e-15	1.7197e-16
7677.5673	2.0173e-15	1.7488e-16
7679.8545	2.0440e-15	1.7066e-16
7682.1417	2.0662e-15	1.6685e-16
7684.4289	2.0841e-15	1.6929e-16
7686.7161	2.1023e-15	1.7711e-16
7689.0033	2.1212e-15	1.8467e-16
7691.2906	2.1392e-15	1.8973e-16
7693.5778	2.1589e-15	1.8899e-16
7695.8650	2.1819e-15	1.8910e-16
7698.1522	2.2029e-15	1.8911e-16
7700.4394	2.2189e-15	1.8850e-16
7702.7266	2.2383e-15	1.8609e-16
7705.0138	2.2680e-15	1.8198e-16
7707.3011	2.2967e-15	1.7564e-16
7709.5883	2.3101e-15	1.8075e-16
7711.8755	2.3105e-15	1.9681e-16
7714.1627	2.3082e-15	2.0023e-16
7716.4499	2.3079e-15	1.9456e-16
7718.7371	2.3090e-15	1.9086e-16
7721.0243	2.3098e-15	1.9181e-16
7723.3115	2.3107e-15	1.7581e-16
7725.5988	2.3092e-15	1.6536e-16
7727.8860	2.3076e-15	1.6802e-16
7730.1732	2.3182e-15	1.7060e-16
7732.4604	2.3399e-15	1.7091e-16
7734.7476	2.3494e-15	1.6498e-16
7737.0348	2.3406e-15	1.5338e-16
7739.3220	2.3310e-15	1.4690e-16
7741.6092	2.3294e-15	1.4611e-16
7743.8965	2.3308e-15	1.4624e-16
7746.1837	2.3293e-15	1.4599e-16
7748.4709	2.3211e-15	1.4611e-16
7750.7581	2.3113e-15	1.4785e-16
7753.0453	2.3086e-15	1.4333e-16
7755.3325	2.3128e-15	1.4176e-16
7757.6197	2.3188e-15	1.3455e-16
7759.9069	2.3196e-15	1.0901e-16
7762.1942	2.3094e-15	1.0191e-16
7764.4814	2.2916e-15	1.0413e-16
7766.7686	2.2747e-15	1.0465e-16
7769.0558	2.2631e-15	1.0530e-16
7771.3430	2.2559e-15	1.0252e-16
7773.6302	2.2492e-15	1.0169e-16
7775.9174	2.2393e-15	1.0325e-16
7778.2046	2.2232e-15	1.1518e-16
7780.4919	2.2025e-15	1.1634e-16
7782.7791	2.1864e-15	1.1828e-16
7785.0663	2.1801e-15	1.3046e-16
7787.3535	2.1791e-15	1.3178e-16
7789.6407	2.1802e-15	1.4021e-16
7791.9279	2.1855e-15	1.4484e-16
7794.2151	2.1936e-15	1.4573e-16
7796.5023	2.1964e-15	1.4593e-16
7798.7896	2.1912e-15	1.6428e-16
7801.0768	2.1844e-15	1.8194e-16
7803.3640	2.1788e-15	1.8390e-16
7805.6512	2.1710e-15	1.8554e-16
7807.9384	2.1620e-15	1.8910e-16
7810.2256	2.1582e-15	1.8086e-16
7812.5128	2.1622e-15	1.7561e-16
7814.8000	2.1717e-15	1.7537e-16
7817.0873	2.1796e-15	1.8440e-16
7819.3745	2.1783e-15	2.0057e-16
7821.6617	2.1675e-15	2.0576e-16
7823.9489	2.1524e-15	2.0661e-16
7826.2361	2.1389e-15	2.1202e-16
7828.5233	2.1307e-15	2.1110e-16
7830.8105	2.1274e-15	2.2804e-16
7833.0977	2.1281e-15	2.5383e-16
7835.3850	2.1320e-15	2.7642e-16
7837.6722	2.1370e-15	2.7759e-16
7839.9594	2.1405e-15	2.7316e-16
7842.2466	2.1408e-15	2.7740e-16
7844.5338	2.1357e-15	2.7983e-16
7846.8210	2.1260e-15	2.6327e-16
7849.1082	2.1134e-15	2.4165e-16
7851.3954	2.0996e-15	2.3653e-16
7853.6827	2.0874e-15	2.5266e-16
7855.9699	2.0782e-15	2.8319e-16
7858.2571	2.0703e-15	3.0125e-16
7860.5443	2.0613e-15	3.0029e-16
7862.8315	2.0480e-15	3.0032e-16
7865.1187	2.0327e-15	2.9823e-16
7867.4059	2.0219e-15	2.8790e-16
7869.6931	2.0163e-15	2.8292e-16
7871.9804	2.0107e-15	2.8341e-16
7874.2676	2.0050e-15	2.7578e-16
7876.5548	1.9978e-15	2.7768e-16
7878.8420	1.9884e-15	2.6579e-16
7881.1292	1.9765e-15	2.3529e-16
7883.4164	1.9613e-15	2.0538e-16
7885.7036	1.9418e-15	1.8949e-16
7887.9908	1.9212e-15	1.8961e-16
7890.2781	1.9043e-15	2.1342e-16
7892.5653	1.8888e-15	2.4748e-16
7894.8525	1.8694e-15	2.5731e-16
7897.1397	1.8490e-15	2.5625e-16
7899.4269	1.8344e-15	2.6940e-16
7901.7141	1.8272e-15	2.7504e-16
7904.0013	1.8157e-15	2.5162e-16
7906.2885	1.8021e-15	2.3412e-16
7908.5758	1.7912e-15	2.3146e-16
7910.8630	1.7836e-15	2.3098e-16
7913.1502	1.7785e-15	2.2976e-16
7915.4374	1.7712e-15	2.3074e-16
7917.7246	1.7603e-15	2.3204e-16
7920.0118	1.7560e-15	2.3125e-16
7922.2990	1.7658e-15	2.3015e-16
7924.5862	1.7840e-15	2.3285e-16
7926.8735	1.8007e-15	2.4184e-16
7929.1607	1.8071e-15	2.4791e-16
7931.4479	1.8038e-15	2.4473e-16
7933.7351	1.8017e-15	2.4150e-16
7936.0223	1.8078e-15	2.4129e-16
7938.3095	1.8198e-15	2.2673e-16
7940.5967	1.8309e-15	1.9289e-16
7942.8839	1.8349e-15	1.7258e-16
7945.1712	1.8385e-15	1.8320e-16
7947.4584	1.8559e-15	1.8404e-16
7949.7456	1.8814e-15	1.7719e-16
7952.0328	1.8958e-15	1.8474e-16
7954.3200	1.8969e-15	1.8910e-16
7956.6072	1.8941e-15	1.9228e-16
7958.8944	1.8899e-15	1.9375e-16
7961.1817	1.8838e-15	1.9377e-16
7963.4689	1.8787e-15	1.9133e-16
7965.7561	1.8772e-15	1.8893e-16
7968.0433	1.8772e-15	1.8837e-16
7970.3305	1.8747e-15	1.8827e-16
7972.6177	1.8698e-15	1.8327e-16
7974.9049	1.8654e-15	1.7018e-16
7977.1921	1.8647e-15	1.5674e-16
7979.4794	1.8684e-15	1.6119e-16
7981.7666	1.8714e-15	1.6811e-16
7984.0538	1.8689e-15	1.6829e-16
7986.3410	1.8639e-15	1.6282e-16
7988.6282	1.8591e-15	1.4642e-16
7990.9154	1.8525e-15	1.5878e-16
7993.2026	1.8430e-15	1.7225e-16
7995.4898	1.8330e-15	1.6692e-16
7997.7771	1.8248e-15	1.5445e-16
8000.0643	1.8197e-15	1.6042e-16
8002.3515	1.8167e-15	1.8180e-16
8004.6387	1.8143e-15	1.8440e-16
8006.9259	1.8119e-15	1.8540e-16
8009.2131	1.8088e-15	2.0255e-16
8011.5003	1.8030e-15	2.1743e-16
8013.7875	1.7916e-15	2.1791e-16
8016.0748	1.7750e-15	2.1888e-16
8018.3620	1.7583e-15	2.1881e-16
8020.6492	1.7462e-15	2.1923e-16
8022.9364	1.7409e-15	2.2413e-16
8025.2236	1.7373e-15	2.3941e-16
8027.5108	1.7284e-15	2.3867e-16
8029.7980	1.7176e-15	2.3588e-16
8032.0852	1.7123e-15	2.3537e-16
8034.3725	1.7091e-15	2.3601e-16
8036.6597	1.7004e-15	2.3602e-16
8038.9469	1.6838e-15	2.2931e-16
8041.2341	1.6617e-15	2.2066e-16
8043.5213	1.6412e-15	2.1698e-16
8045.8085	1.6270e-15	2.1718e-16
8048.0957	1.6174e-15	2.0918e-16
8050.3829	1.6102e-15	1.8939e-16
8052.6702	1.6046e-15	1.8545e-16
8054.9574	1.5987e-15	1.8333e-16
8057.2446	1.5900e-15	1.5837e-16
8059.5318	1.5793e-15	1.2315e-16
8061.8190	1.5721e-15	1.1442e-16
8064.1062	1.5702e-15	1.1857e-16
8066.3934	1.5681e-15	1.2789e-16
8068.6806	1.5610e-15	1.4109e-16
8070.9679	1.5490e-15	1.5258e-16
8073.2551	1.5355e-15	1.3755e-16
8075.5423	1.5253e-15	1.3518e-16
8077.8295	1.5171e-15	1.4245e-16
8080.1167	1.5051e-15	1.4458e-16
8082.4039	1.4894e-15	1.4096e-16
8084.6911	1.4731e-15	1.4290e-16
8086.9783	1.4561e-15	1.4345e-16
8089.2656	1.4366e-15	1.4220e-16
8091.5528	1.4159e-15	1.4586e-16
8093.8400	1.3963e-15	1.4675e-16
8096.1272	1.3778e-15	1.4204e-16
8098.4144	1.3599e-15	1.3630e-16
8100.7016	1.3419e-15	1.3329e-16
8102.9888	1.3327e-15	1.3340e-16
8105.2760	1.3253e-15	1.3165e-16
8107.5633	1.3102e-15	1.4085e-16
8109.8505	1.2922e-15	1.6222e-16
8112.1377	1.2781e-15	1.7221e-16
8114.4249	1.2666e-15	1.6686e-16
8116.7121	1.2559e-15	1.6182e-16
8118.9993	1.2487e-15	1.5918e-16
8121.2865	1.2432e-15	1.5628e-16
8123.5737	1.2319e-15	1.5631e-16
8125.8610	1.2116e-15	1.5082e-16
8128.1482	1.1876e-15	1.4810e-16
8130.4354	1.1695e-15	1.4854e-16
8132.7226	1.1652e-15	1.4587e-16
8135.0098	1.1719e-15	1.4465e-16
8137.2970	1.1764e-15	1.4600e-16
8139.5842	1.1743e-15	1.4271e-16
8141.8714	1.1722e-15	1.4027e-16
8144.1587	1.1714e-15	1.4050e-16
8146.4459	1.1657e-15	1.4037e-16
8148.7331	1.1553e-15	1.3927e-16
8151.0203	1.1477e-15	1.3806e-16
8153.3075	1.1414e-15	1.5250e-16
8155.5947	1.1289e-15	1.5518e-16
8157.8819	1.1112e-15	1.4006e-16
8160.1691	1.0955e-15	1.3215e-16
8162.4564	1.0853e-15	1.3599e-16
8164.7436	1.0803e-15	1.2727e-16
8167.0308	1.0762e-15	1.1527e-16
8169.3180	1.0689e-15	1.1482e-16
8171.6052	1.0612e-15	1.1818e-16
8173.8924	1.0563e-15	1.2535e-16
8176.1796	1.0514e-15	1.3019e-16
8178.4668	1.0443e-15	1.2974e-16
8180.7541	1.0371e-15	1.3058e-16
8183.0413	1.0311e-15	1.2996e-16
8185.3285	1.0247e-15	1.2761e-16
8187.6157	1.0184e-15	1.2542e-16
8189.9029	1.0169e-15	1.3077e-16
8192.1901	1.0222e-15	1.4775e-16
8194.4773	1.0309e-15	1.5241e-16
8196.7645	1.0402e-15	1.5240e-16
8199.0518	1.0486e-15	1.5494e-16
8201.3390	1.0544e-15	1.3969e-16
8203.6262	1.0577e-15	1.4046e-16
8205.9134	1.0593e-15	1.6475e-16
8208.2006	1.0600e-15	1.6075e-16
8210.4878	1.0577e-15	1.6310e-16
8212.7750	1.0495e-15	1.8431e-16
8215.0623	1.0376e-15	1.9975e-16
8217.3495	1.0283e-15	2.0821e-16
8219.6367	1.0268e-15	2.1333e-16
8221.9239	1.0343e-15	2.1719e-16
8224.2111	1.0445e-15	2.2444e-16
8226.4983	1.0498e-15	2.3378e-16
8228.7855	1.0490e-15	2.3754e-16
8231.0727	1.0447e-15	2.3743e-16
8233.3600	1.0423e-15	2.4038e-16
8235.6472	1.0462e-15	2.4692e-16
8237.9344	1.0533e-15	2.4931e-16
8240.2216	1.0608e-15	2.4072e-16
8242.5088	1.0719e-15	2.3882e-16
8244.7960	1.0885e-15	2.4529e-16
8247.0832	1.1106e-15	2.4741e-16
8249.3704	1.1350e-15	2.4768e-16
8251.6577	1.1535e-15	2.3874e-16
8253.9449	1.1622e-15	2.1520e-16
8256.2321	1.1666e-15	2.1335e-16
8258.5193	1.1737e-15	2.1379e-16
8260.8065	1.1874e-15	2.0635e-16
8263.0937	1.2055e-15	2.0408e-16
8265.3809	1.2197e-15	2.0047e-16
8267.6681	1.2311e-15	1.9190e-16
8269.9554	1.2512e-15	1.7816e-16
8272.2426	1.2805e-15	1.5961e-16
8274.5298	1.3067e-15	1.5896e-16
8276.8170	1.3254e-15	1.9466e-16
8279.1042	1.3407e-15	2.3226e-16
8281.3914	1.3518e-15	2.5178e-16
8283.6786	1.3540e-15	2.5776e-16
8285.9658	1.3526e-15	2.5619e-16
8288.2531	1.3571e-15	2.5428e-16
8290.5403	1.3648e-15	2.5615e-16
8292.8275	1.3683e-15	2.5607e-16
8295.1147	1.3737e-15	2.5217e-16
8297.4019	1.3890e-15	2.5840e-16
8299.6891	1.4058e-15	2.6846e-16
8301.9763	1.4121e-15	2.6411e-16
8304.2635	1.4089e-15	2.7167e-16
8306.5508	1.4035e-15	2.8910e-16
8308.8380	1.4014e-15	2.9356e-16
8311.1252	1.4044e-15	2.8385e-16
8313.4124	1.4118e-15	2.7622e-16
8315.6996	1.4206e-15	2.8781e-16
8317.9868	1.4245e-15	3.0162e-16
8320.2740	1.4215e-15	3.0152e-16
8322.5612	1.4202e-15	3.0154e-16
8324.8485	1.4278e-15	3.0050e-16
8327.1357	1.4461e-15	2.9091e-16
8329.4229	1.4686e-15	2.7798e-16
8331.7101	1.4794e-15	2.7324e-16
8333.9973	1.4749e-15	2.7627e-16
8336.2845	1.4682e-15	2.7752e-16
8338.5717	1.4625e-15	2.7567e-16
8340.8589	1.4502e-15	2.7521e-16
8343.1462	1.4328e-15	2.8526e-16
8345.4334	1.4183e-15	2.7449e-16
8347.7206	1.4072e-15	2.6442e-16
8350.0078	1.3956e-15	2.8557e-16
8352.2950	1.3861e-15	3.0117e-16
8354.5822	1.3839e-15	3.0401e-16
8356.8694	1.3837e-15	3.0206e-16
8359.1566	1.3773e-15	3.0214e-16
8361.4439	1.3661e-15	3.0671e-16
8363.7311	1.3560e-15	2.9568e-16
8366.0183	1.3504e-15	2.8111e-16
8368.3055	1.3501e-15	2.8976e-16
8370.5927	1.3500e-15	2.9153e-16
8372.8799	1.3457e-15	2.7137e-16
8375.1671	1.3432e-15	2.6656e-16
8377.4543	1.3495e-15	2.6678e-16
8379.7416	1.3647e-15	2.6823e-16
8382.0288	1.3853e-15	2.7701e-16
8384.3160	1.4084e-15	2.8561e-16
8386.6032	1.4350e-15	2.8630e-16
8388.8904	1.4690e-15	2.8317e-16
8391.1776	1.5071e-15	2.7065e-16
8393.4648	1.5382e-15	2.7571e-16
8395.7520	1.5597e-15	2.8202e-16
8398.0393	1.5791e-15	2.6376e-16
8400.3265	1.6001e-15	2.4430e-16
8402.6137	1.6216e-15	2.5538e-16
8404.9009	1.6427e-15	2.8805e-16
8407.1881	1.6630e-15	3.0081e-16
8409.4753	1.6824e-15	2.9816e-16
8411.7625	1.7026e-15	2.9937e-16
8414.0497	1.7272e-15	3.0353e-16
8416.3370	1.7590e-15	2.9870e-16
8418.6242	1.7896e-15	3.1006e-16
8420.9114	1.8073e-15	3.1831e-16
8423.1986	1.8164e-15	3.0991e-16
8425.4858	1.8321e-15	3.0914e-16
8427.7730	1.8623e-15	3.1001e-16
8430.0602	1.9046e-15	3.1693e-16
8432.3474	1.9445e-15	3.2709e-16
8434.6347	1.9705e-15	3.2643e-16
8436.9219	1.9954e-15	3.2817e-16
8439.2091	2.0336e-15	3.2875e-16
8441.4963	2.0744e-15	3.1990e-16
8443.7835	2.1023e-15	3.0227e-16
8446.0707	2.1165e-15	3.0009e-16
8448.3579	2.1217e-15	3.1509e-16
8450.6451	2.1232e-15	3.1505e-16
8452.9324	2.1275e-15	2.9202e-16
8455.2196	2.1401e-15	2.8058e-16
8457.5068	2.1598e-15	2.8183e-16
8459.7940	2.1769e-15	2.8100e-16
8462.0812	2.1881e-15	2.7510e-16
8464.3684	2.2010e-15	2.8008e-16
8466.6556	2.2194e-15	2.8339e-16
8468.9428	2.2373e-15	2.7329e-16
8471.2301	2.2479e-15	2.7902e-16
8473.5173	2.2493e-15	2.8631e-16
8475.8045	2.2461e-15	2.8354e-16
8478.0917	2.2452e-15	2.6147e-16
8480.3789	2.2473e-15	2.2832e-16
8482.6661	2.2499e-15	2.2332e-16
8484.9533	2.2544e-15	2.2294e-16
8487.2406	2.2620e-15	2.2513e-16
8489.5278	2.2728e-15	2.2944e-16
8491.8150	2.2884e-15	2.2938e-16
8494.1022	2.3074e-15	2.2913e-16
8496.3894	2.3240e-15	2.2015e-16
8498.6766	2.3355e-15	2.2239e-16
8500.9638	2.3446e-15	2.3759e-16
