#wls	flux	fluxerr
1.454545E+03	3.853732E-03	0.000000E+00
1.490909E+03	4.015618E-03	0.000000E+00
1.527273E+03	4.179969E-03	0.000000E+00
1.563636E+03	4.346885E-03	0.000000E+00
1.600000E+03	4.514652E-03	0.000000E+00
1.636364E+03	4.680716E-03	0.000000E+00
1.672727E+03	4.840324E-03	0.000000E+00
1.709091E+03	4.988195E-03	0.000000E+00
1.745455E+03	5.117767E-03	0.000000E+00
1.781818E+03	5.223373E-03	0.000000E+00
1.818182E+03	5.303470E-03	0.000000E+00
1.854545E+03	5.368721E-03	0.000000E+00
1.890909E+03	5.447057E-03	0.000000E+00
1.927273E+03	5.581880E-03	0.000000E+00
1.963636E+03	5.818829E-03	0.000000E+00
2.000000E+03	6.183688E-03	0.000000E+00
2.036364E+03	6.672251E-03	0.000000E+00
2.072727E+03	7.259138E-03	0.000000E+00
2.109091E+03	7.912841E-03	0.000000E+00
2.145455E+03	8.611020E-03	0.000000E+00
2.181818E+03	9.340599E-03	0.000000E+00
2.218182E+03	1.009664E-02	0.000000E+00
2.254545E+03	1.088104E-02	0.000000E+00
2.290909E+03	1.169789E-02	0.000000E+00
2.327273E+03	1.255219E-02	0.000000E+00
2.363636E+03	1.345125E-02	0.000000E+00
2.400000E+03	1.440032E-02	0.000000E+00
2.436364E+03	1.540567E-02	0.000000E+00
2.472727E+03	1.647150E-02	0.000000E+00
2.509091E+03	1.760348E-02	0.000000E+00
2.545455E+03	1.880504E-02	0.000000E+00
2.581818E+03	2.008061E-02	0.000000E+00
2.618182E+03	2.143517E-02	0.000000E+00
2.654545E+03	2.287490E-02	0.000000E+00
2.690909E+03	2.440790E-02	0.000000E+00
2.727273E+03	2.604430E-02	0.000000E+00
2.736364E+03	2.647065E-02	0.000000E+00
2.745455E+03	2.690464E-02	0.000000E+00
2.754545E+03	2.734574E-02	0.000000E+00
2.763636E+03	2.779551E-02	0.000000E+00
2.772727E+03	2.825453E-02	0.000000E+00
2.781818E+03	2.872408E-02	0.000000E+00
2.790909E+03	2.920392E-02	0.000000E+00
2.800000E+03	2.969512E-02	0.000000E+00
2.809091E+03	3.019627E-02	0.000000E+00
2.818182E+03	3.070844E-02	0.000000E+00
2.827273E+03	3.123090E-02	0.000000E+00
2.836364E+03	3.176412E-02	0.000000E+00
2.845455E+03	3.230802E-02	0.000000E+00
2.854545E+03	3.286251E-02	0.000000E+00
2.863636E+03	3.342749E-02	0.000000E+00
2.872727E+03	3.400354E-02	0.000000E+00
2.881818E+03	3.458999E-02	0.000000E+00
2.890909E+03	3.518742E-02	0.000000E+00
2.900000E+03	3.579581E-02	0.000000E+00
2.909091E+03	3.641513E-02	0.000000E+00
2.918182E+03	3.704603E-02	0.000000E+00
2.927273E+03	3.768720E-02	0.000000E+00
2.936364E+03	3.834063E-02	0.000000E+00
2.945455E+03	3.900437E-02	0.000000E+00
2.954545E+03	3.968040E-02	0.000000E+00
2.963636E+03	4.036747E-02	0.000000E+00
2.972727E+03	4.106626E-02	0.000000E+00
2.981818E+03	4.177683E-02	0.000000E+00
2.990909E+03	4.249859E-02	0.000000E+00
3.000000E+03	4.323291E-02	0.000000E+00
3.009091E+03	4.397855E-02	0.000000E+00
3.018182E+03	4.473557E-02	0.000000E+00
3.027273E+03	4.550539E-02	0.000000E+00
3.036364E+03	4.628678E-02	0.000000E+00
3.045455E+03	4.707981E-02	0.000000E+00
3.054545E+03	4.788458E-02	0.000000E+00
3.063636E+03	4.870186E-02	0.000000E+00
3.072727E+03	4.953041E-02	0.000000E+00
3.081818E+03	5.037032E-02	0.000000E+00
3.090909E+03	5.122239E-02	0.000000E+00
3.100000E+03	5.208604E-02	0.000000E+00
3.109091E+03	5.296137E-02	0.000000E+00
3.118182E+03	5.384715E-02	0.000000E+00
3.127273E+03	5.474414E-02	0.000000E+00
3.136364E+03	5.565249E-02	0.000000E+00
3.145455E+03	5.657090E-02	0.000000E+00
3.154545E+03	5.749949E-02	0.000000E+00
3.163636E+03	5.843767E-02	0.000000E+00
3.172727E+03	5.938625E-02	0.000000E+00
3.181818E+03	6.034323E-02	0.000000E+00
3.190909E+03	6.130943E-02	0.000000E+00
3.200000E+03	6.228352E-02	0.000000E+00
3.209091E+03	6.326488E-02	0.000000E+00
3.218182E+03	6.425290E-02	0.000000E+00
3.227273E+03	6.524623E-02	0.000000E+00
3.236364E+03	6.624493E-02	0.000000E+00
3.245455E+03	6.724692E-02	0.000000E+00
3.254545E+03	6.825153E-02	0.000000E+00
3.263636E+03	6.925881E-02	0.000000E+00
3.272727E+03	7.026735E-02	0.000000E+00
3.281818E+03	7.127647E-02	0.000000E+00
3.290909E+03	7.228469E-02	0.000000E+00
3.300000E+03	7.329060E-02	0.000000E+00
3.309091E+03	7.429343E-02	0.000000E+00
3.318182E+03	7.529096E-02	0.000000E+00
3.327273E+03	7.628315E-02	0.000000E+00
3.336364E+03	7.726776E-02	0.000000E+00
3.345455E+03	7.824394E-02	0.000000E+00
3.354545E+03	7.921165E-02	0.000000E+00
3.363636E+03	8.016857E-02	0.000000E+00
3.372727E+03	8.111384E-02	0.000000E+00
3.381818E+03	8.204811E-02	0.000000E+00
3.390909E+03	8.296976E-02	0.000000E+00
3.400000E+03	8.387791E-02	0.000000E+00
3.409091E+03	8.477320E-02	0.000000E+00
3.418182E+03	8.565394E-02	0.000000E+00
3.427273E+03	8.652001E-02	0.000000E+00
3.436364E+03	8.737202E-02	0.000000E+00
3.445455E+03	8.820904E-02	0.000000E+00
3.454545E+03	8.903090E-02	0.000000E+00
3.463636E+03	8.983744E-02	0.000000E+00
3.472727E+03	9.062849E-02	0.000000E+00
3.481818E+03	9.140463E-02	0.000000E+00
3.490909E+03	9.216492E-02	0.000000E+00
3.500000E+03	9.290994E-02	0.000000E+00
3.509091E+03	9.364030E-02	0.000000E+00
3.518182E+03	9.435501E-02	0.000000E+00
3.527273E+03	9.505389E-02	0.000000E+00
3.536364E+03	9.573829E-02	0.000000E+00
3.545455E+03	9.640806E-02	0.000000E+00
3.554545E+03	9.706217E-02	0.000000E+00
3.563636E+03	9.770202E-02	0.000000E+00
3.572727E+03	9.832822E-02	0.000000E+00
3.581818E+03	9.893893E-02	0.000000E+00
3.590909E+03	9.953560E-02	0.000000E+00
3.600000E+03	1.001188E-01	0.000000E+00
3.609091E+03	1.006883E-01	0.000000E+00
3.618182E+03	1.012431E-01	0.000000E+00
3.627273E+03	1.017854E-01	0.000000E+00
3.636364E+03	1.023142E-01	0.000000E+00
3.645455E+03	1.028294E-01	0.000000E+00
3.654545E+03	1.033322E-01	0.000000E+00
3.663636E+03	1.038218E-01	0.000000E+00
3.672727E+03	1.042994E-01	0.000000E+00
3.681818E+03	1.047633E-01	0.000000E+00
3.690909E+03	1.052158E-01	0.000000E+00
3.700000E+03	1.056557E-01	0.000000E+00
3.709091E+03	1.060829E-01	0.000000E+00
3.718182E+03	1.064989E-01	0.000000E+00
3.727273E+03	1.069016E-01	0.000000E+00
3.736364E+03	1.072935E-01	0.000000E+00
3.745455E+03	1.076727E-01	0.000000E+00
3.754545E+03	1.080397E-01	0.000000E+00
3.763636E+03	1.083953E-01	0.000000E+00
3.772727E+03	1.087382E-01	0.000000E+00
3.781818E+03	1.090692E-01	0.000000E+00
3.790909E+03	1.093881E-01	0.000000E+00
3.800000E+03	1.096937E-01	0.000000E+00
3.809091E+03	1.099876E-01	0.000000E+00
3.818182E+03	1.102678E-01	0.000000E+00
3.827273E+03	1.105357E-01	0.000000E+00
3.836364E+03	1.107896E-01	0.000000E+00
3.845455E+03	1.110298E-01	0.000000E+00
3.854545E+03	1.112564E-01	0.000000E+00
3.863636E+03	1.114671E-01	0.000000E+00
3.872727E+03	1.116636E-01	0.000000E+00
3.881818E+03	1.118448E-01	0.000000E+00
3.890909E+03	1.120094E-01	0.000000E+00
3.900000E+03	1.121564E-01	0.000000E+00
3.909091E+03	1.122864E-01	0.000000E+00
3.918182E+03	1.123992E-01	0.000000E+00
3.927273E+03	1.124917E-01	0.000000E+00
3.936364E+03	1.125656E-01	0.000000E+00
3.945455E+03	1.126179E-01	0.000000E+00
3.954545E+03	1.126500E-01	0.000000E+00
3.963636E+03	1.126600E-01	0.000000E+00
3.972727E+03	1.126485E-01	0.000000E+00
3.981818E+03	1.126162E-01	0.000000E+00
3.990909E+03	1.125638E-01	0.000000E+00
4.000000E+03	1.124920E-01	0.000000E+00
4.009091E+03	1.124024E-01	0.000000E+00
4.018182E+03	1.122967E-01	0.000000E+00
4.027273E+03	1.121757E-01	0.000000E+00
4.036364E+03	1.120411E-01	0.000000E+00
4.045455E+03	1.118928E-01	0.000000E+00
4.054545E+03	1.117334E-01	0.000000E+00
4.063636E+03	1.115628E-01	0.000000E+00
4.072727E+03	1.113819E-01	0.000000E+00
4.081818E+03	1.111914E-01	0.000000E+00
4.090909E+03	1.109924E-01	0.000000E+00
4.100000E+03	1.107855E-01	0.000000E+00
4.109091E+03	1.105717E-01	0.000000E+00
4.118182E+03	1.103500E-01	0.000000E+00
4.127273E+03	1.101232E-01	0.000000E+00
4.136364E+03	1.098902E-01	0.000000E+00
4.145455E+03	1.096520E-01	0.000000E+00
4.154545E+03	1.094086E-01	0.000000E+00
4.163636E+03	1.091617E-01	0.000000E+00
4.172727E+03	1.089115E-01	0.000000E+00
4.181818E+03	1.086569E-01	0.000000E+00
4.190909E+03	1.084008E-01	0.000000E+00
4.200000E+03	1.081421E-01	0.000000E+00
4.209091E+03	1.078810E-01	0.000000E+00
4.218182E+03	1.076193E-01	0.000000E+00
4.227273E+03	1.073581E-01	0.000000E+00
4.236364E+03	1.070953E-01	0.000000E+00
4.245455E+03	1.068340E-01	0.000000E+00
4.254545E+03	1.065741E-01	0.000000E+00
4.263636E+03	1.063156E-01	0.000000E+00
4.272727E+03	1.060596E-01	0.000000E+00
4.281818E+03	1.058061E-01	0.000000E+00
4.290909E+03	1.055561E-01	0.000000E+00
4.300000E+03	1.053077E-01	0.000000E+00
4.309091E+03	1.050618E-01	0.000000E+00
4.318182E+03	1.048195E-01	0.000000E+00
4.327273E+03	1.045779E-01	0.000000E+00
4.336364E+03	1.043390E-01	0.000000E+00
4.345455E+03	1.041018E-01	0.000000E+00
4.354545E+03	1.038654E-01	0.000000E+00
4.363636E+03	1.036318E-01	0.000000E+00
4.372727E+03	1.033981E-01	0.000000E+00
4.381818E+03	1.031673E-01	0.000000E+00
4.390909E+03	1.029365E-01	0.000000E+00
4.400000E+03	1.027076E-01	0.000000E+00
4.409091E+03	1.024789E-01	0.000000E+00
4.418182E+03	1.022522E-01	0.000000E+00
4.427273E+03	1.020258E-01	0.000000E+00
4.436364E+03	1.018006E-01	0.000000E+00
4.445455E+03	1.015766E-01	0.000000E+00
4.454545E+03	1.013531E-01	0.000000E+00
4.463636E+03	1.011299E-01	0.000000E+00
4.472727E+03	1.009073E-01	0.000000E+00
4.481818E+03	1.006862E-01	0.000000E+00
4.490909E+03	1.004647E-01	0.000000E+00
4.500000E+03	1.002449E-01	0.000000E+00
4.509091E+03	1.000249E-01	0.000000E+00
4.518182E+03	9.980580E-02	0.000000E+00
4.527273E+03	9.958658E-02	0.000000E+00
4.536364E+03	9.936740E-02	0.000000E+00
4.545455E+03	9.914831E-02	0.000000E+00
4.554545E+03	9.893038E-02	0.000000E+00
4.563636E+03	9.871173E-02	0.000000E+00
4.572727E+03	9.849342E-02	0.000000E+00
4.581818E+03	9.827457E-02	0.000000E+00
4.590909E+03	9.805622E-02	0.000000E+00
4.600000E+03	9.783753E-02	0.000000E+00
4.609091E+03	9.761759E-02	0.000000E+00
4.618182E+03	9.739749E-02	0.000000E+00
4.627273E+03	9.717728E-02	0.000000E+00
4.636364E+03	9.695613E-02	0.000000E+00
4.645455E+03	9.673318E-02	0.000000E+00
4.654545E+03	9.651043E-02	0.000000E+00
4.663636E+03	9.628607E-02	0.000000E+00
4.672727E+03	9.606021E-02	0.000000E+00
4.681818E+03	9.583297E-02	0.000000E+00
4.690909E+03	9.560443E-02	0.000000E+00
4.700000E+03	9.537378E-02	0.000000E+00
4.709091E+03	9.514205E-02	0.000000E+00
4.718182E+03	9.490748E-02	0.000000E+00
4.727273E+03	9.467114E-02	0.000000E+00
4.736364E+03	9.443126E-02	0.000000E+00
4.745455E+03	9.418984E-02	0.000000E+00
4.754545E+03	9.394514E-02	0.000000E+00
4.763636E+03	9.369819E-02	0.000000E+00
4.772727E+03	9.344728E-02	0.000000E+00
4.781818E+03	9.319346E-02	0.000000E+00
4.790909E+03	9.293685E-02	0.000000E+00
4.800000E+03	9.267576E-02	0.000000E+00
4.809091E+03	9.241031E-02	0.000000E+00
4.818182E+03	9.214158E-02	0.000000E+00
4.827273E+03	9.186876E-02	0.000000E+00
4.836364E+03	9.159110E-02	0.000000E+00
4.845455E+03	9.130874E-02	0.000000E+00
4.854545E+03	9.102184E-02	0.000000E+00
4.863636E+03	9.073052E-02	0.000000E+00
4.872727E+03	9.043405E-02	0.000000E+00
4.881818E+03	9.013347E-02	0.000000E+00
4.890909E+03	8.982802E-02	0.000000E+00
4.900000E+03	8.951875E-02	0.000000E+00
4.909091E+03	8.920491E-02	0.000000E+00
4.918182E+03	8.888842E-02	0.000000E+00
4.927273E+03	8.857029E-02	0.000000E+00
4.936364E+03	8.824977E-02	0.000000E+00
4.945455E+03	8.792959E-02	0.000000E+00
4.954545E+03	8.760990E-02	0.000000E+00
4.963636E+03	8.728728E-02	0.000000E+00
4.972727E+03	8.696446E-02	0.000000E+00
4.981818E+03	8.663983E-02	0.000000E+00
4.990909E+03	8.631178E-02	0.000000E+00
5.000000E+03	8.597955E-02	0.000000E+00
5.009091E+03	8.564157E-02	0.000000E+00
5.018182E+03	8.529628E-02	0.000000E+00
5.027273E+03	8.494386E-02	0.000000E+00
5.036364E+03	8.458275E-02	0.000000E+00
5.045455E+03	8.421398E-02	0.000000E+00
5.054545E+03	8.383771E-02	0.000000E+00
5.063636E+03	8.345328E-02	0.000000E+00
5.072727E+03	8.306169E-02	0.000000E+00
5.081818E+03	8.266309E-02	0.000000E+00
5.090909E+03	8.225764E-02	0.000000E+00
5.100000E+03	8.184634E-02	0.000000E+00
5.109091E+03	8.142932E-02	0.000000E+00
5.118182E+03	8.100670E-02	0.000000E+00
5.127273E+03	8.057948E-02	0.000000E+00
5.136364E+03	8.014778E-02	0.000000E+00
5.145455E+03	7.971252E-02	0.000000E+00
5.154545E+03	7.927380E-02	0.000000E+00
5.163636E+03	7.883178E-02	0.000000E+00
5.172727E+03	7.838733E-02	0.000000E+00
5.181818E+03	7.794057E-02	0.000000E+00
5.190909E+03	7.749158E-02	0.000000E+00
5.200000E+03	7.704125E-02	0.000000E+00
5.209091E+03	7.658968E-02	0.000000E+00
5.218182E+03	7.613772E-02	0.000000E+00
5.227273E+03	7.568466E-02	0.000000E+00
5.236364E+03	7.523214E-02	0.000000E+00
5.245455E+03	7.477941E-02	0.000000E+00
5.254545E+03	7.432656E-02	0.000000E+00
5.263636E+03	7.387520E-02	0.000000E+00
5.272727E+03	7.342378E-02	0.000000E+00
5.281818E+03	7.297393E-02	0.000000E+00
5.290909E+03	7.252568E-02	0.000000E+00
5.300000E+03	7.207905E-02	0.000000E+00
5.309091E+03	7.163330E-02	0.000000E+00
5.318182E+03	7.119000E-02	0.000000E+00
5.327273E+03	7.074837E-02	0.000000E+00
5.336364E+03	7.030922E-02	0.000000E+00
5.345455E+03	6.987256E-02	0.000000E+00
5.354545E+03	6.943762E-02	0.000000E+00
5.363636E+03	6.900516E-02	0.000000E+00
5.372727E+03	6.857597E-02	0.000000E+00
5.381818E+03	6.814848E-02	0.000000E+00
5.390909E+03	6.772347E-02	0.000000E+00
5.400000E+03	6.730094E-02	0.000000E+00
5.409091E+03	6.688162E-02	0.000000E+00
5.418182E+03	6.646400E-02	0.000000E+00
5.427273E+03	6.604955E-02	0.000000E+00
5.436364E+03	6.563674E-02	0.000000E+00
5.445455E+03	6.522632E-02	0.000000E+00
5.454545E+03	6.481826E-02	0.000000E+00
5.463636E+03	6.441179E-02	0.000000E+00
5.472727E+03	6.400762E-02	0.000000E+00
5.481818E+03	6.360425E-02	0.000000E+00
5.490909E+03	6.320311E-02	0.000000E+00
5.500000E+03	6.280196E-02	0.000000E+00
5.509091E+03	6.240226E-02	0.000000E+00
5.518182E+03	6.200249E-02	0.000000E+00
5.527273E+03	6.160334E-02	0.000000E+00
5.536364E+03	6.120331E-02	0.000000E+00
5.545455E+03	6.080240E-02	0.000000E+00
5.554545E+03	6.039980E-02	0.000000E+00
5.563636E+03	5.999553E-02	0.000000E+00
5.572727E+03	5.958804E-02	0.000000E+00
5.581818E+03	5.917665E-02	0.000000E+00
5.590909E+03	5.876127E-02	0.000000E+00
5.600000E+03	5.834118E-02	0.000000E+00
5.609091E+03	5.791418E-02	0.000000E+00
5.618182E+03	5.748027E-02	0.000000E+00
5.627273E+03	5.703868E-02	0.000000E+00
5.636364E+03	5.658942E-02	0.000000E+00
5.645455E+03	5.613312E-02	0.000000E+00
5.654545E+03	5.567045E-02	0.000000E+00
5.663636E+03	5.520276E-02	0.000000E+00
5.672727E+03	5.473279E-02	0.000000E+00
5.681818E+03	5.426116E-02	0.000000E+00
5.690909E+03	5.378776E-02	0.000000E+00
5.700000E+03	5.331526E-02	0.000000E+00
5.709091E+03	5.284422E-02	0.000000E+00
5.718182E+03	5.237385E-02	0.000000E+00
5.727273E+03	5.190672E-02	0.000000E+00
5.736364E+03	5.144134E-02	0.000000E+00
5.745455E+03	5.097957E-02	0.000000E+00
5.754545E+03	5.052057E-02	0.000000E+00
5.763636E+03	5.006483E-02	0.000000E+00
5.772727E+03	4.961217E-02	0.000000E+00
5.781818E+03	4.916235E-02	0.000000E+00
5.790909E+03	4.871521E-02	0.000000E+00
5.800000E+03	4.826981E-02	0.000000E+00
5.809091E+03	4.782532E-02	0.000000E+00
5.818182E+03	4.738218E-02	0.000000E+00
5.827273E+03	4.693885E-02	0.000000E+00
5.836364E+03	4.649588E-02	0.000000E+00
5.845455E+03	4.605250E-02	0.000000E+00
5.854545E+03	4.560865E-02	0.000000E+00
5.863636E+03	4.516508E-02	0.000000E+00
5.872727E+03	4.472324E-02	0.000000E+00
5.881818E+03	4.428335E-02	0.000000E+00
5.890909E+03	4.384632E-02	0.000000E+00
5.900000E+03	4.341304E-02	0.000000E+00
5.909091E+03	4.298311E-02	0.000000E+00
5.918182E+03	4.255810E-02	0.000000E+00
5.927273E+03	4.213820E-02	0.000000E+00
5.936364E+03	4.172296E-02	0.000000E+00
5.945455E+03	4.131385E-02	0.000000E+00
5.954545E+03	4.091040E-02	0.000000E+00
5.963636E+03	4.051208E-02	0.000000E+00
5.972727E+03	4.012031E-02	0.000000E+00
5.981818E+03	3.973454E-02	0.000000E+00
5.990909E+03	3.935484E-02	0.000000E+00
6.000000E+03	3.898196E-02	0.000000E+00
6.009091E+03	3.861466E-02	0.000000E+00
6.018182E+03	3.825300E-02	0.000000E+00
6.027273E+03	3.789830E-02	0.000000E+00
6.036364E+03	3.754933E-02	0.000000E+00
6.045455E+03	3.720610E-02	0.000000E+00
6.054545E+03	3.686926E-02	0.000000E+00
6.063636E+03	3.653820E-02	0.000000E+00
6.072727E+03	3.621293E-02	0.000000E+00
6.081818E+03	3.589408E-02	0.000000E+00
6.090909E+03	3.558038E-02	0.000000E+00
6.100000E+03	3.527185E-02	0.000000E+00
6.109091E+03	3.496969E-02	0.000000E+00
6.118182E+03	3.467269E-02	0.000000E+00
6.127273E+03	3.438078E-02	0.000000E+00
6.136364E+03	3.409459E-02	0.000000E+00
6.145455E+03	3.381348E-02	0.000000E+00
6.154545E+03	3.353741E-02	0.000000E+00
6.163636E+03	3.326636E-02	0.000000E+00
6.172727E+03	3.300031E-02	0.000000E+00
6.181818E+03	3.273862E-02	0.000000E+00
6.190909E+03	3.248185E-02	0.000000E+00
6.200000E+03	3.222997E-02	0.000000E+00
6.209091E+03	3.198237E-02	0.000000E+00
6.218182E+03	3.173957E-02	0.000000E+00
6.227273E+03	3.150097E-02	0.000000E+00
6.236364E+03	3.126652E-02	0.000000E+00
6.245455E+03	3.103618E-02	0.000000E+00
6.254545E+03	3.080935E-02	0.000000E+00
6.263636E+03	3.058713E-02	0.000000E+00
6.272727E+03	3.036890E-02	0.000000E+00
6.281818E+03	3.015407E-02	0.000000E+00
6.290909E+03	2.994314E-02	0.000000E+00
6.300000E+03	2.973554E-02	0.000000E+00
6.309091E+03	2.953120E-02	0.000000E+00
6.318182E+03	2.933065E-02	0.000000E+00
6.327273E+03	2.913330E-02	0.000000E+00
6.336364E+03	2.893910E-02	0.000000E+00
6.345455E+03	2.874802E-02	0.000000E+00
6.354545E+03	2.856001E-02	0.000000E+00
6.363636E+03	2.837448E-02	0.000000E+00
6.372727E+03	2.819251E-02	0.000000E+00
6.381818E+03	2.801297E-02	0.000000E+00
6.390909E+03	2.783579E-02	0.000000E+00
6.400000E+03	2.766151E-02	0.000000E+00
6.409091E+03	2.748952E-02	0.000000E+00
6.418182E+03	2.731982E-02	0.000000E+00
6.427273E+03	2.715236E-02	0.000000E+00
6.436364E+03	2.698711E-02	0.000000E+00
6.445455E+03	2.682458E-02	0.000000E+00
6.454545E+03	2.666365E-02	0.000000E+00
6.463636E+03	2.650428E-02	0.000000E+00
6.472727E+03	2.634702E-02	0.000000E+00
6.481818E+03	2.619181E-02	0.000000E+00
6.490909E+03	2.603808E-02	0.000000E+00
6.500000E+03	2.588636E-02	0.000000E+00
6.509091E+03	2.573554E-02	0.000000E+00
6.518182E+03	2.558666E-02	0.000000E+00
6.527273E+03	2.543917E-02	0.000000E+00
6.536364E+03	2.529303E-02	0.000000E+00
6.545455E+03	2.514773E-02	0.000000E+00
6.554545E+03	2.500426E-02	0.000000E+00
6.563636E+03	2.486155E-02	0.000000E+00
6.572727E+03	2.472014E-02	0.000000E+00
6.581818E+03	2.457945E-02	0.000000E+00
6.590909E+03	2.443998E-02	0.000000E+00
6.600000E+03	2.430123E-02	0.000000E+00
6.609091E+03	2.416314E-02	0.000000E+00
6.618182E+03	2.402624E-02	0.000000E+00
6.627273E+03	2.388997E-02	0.000000E+00
6.636364E+03	2.375485E-02	0.000000E+00
6.645455E+03	2.361982E-02	0.000000E+00
6.654545E+03	2.348541E-02	0.000000E+00
6.663636E+03	2.335208E-02	0.000000E+00
6.672727E+03	2.321884E-02	0.000000E+00
6.681818E+03	2.308614E-02	0.000000E+00
6.690909E+03	2.295350E-02	0.000000E+00
6.700000E+03	2.282141E-02	0.000000E+00
6.709091E+03	2.268935E-02	0.000000E+00
6.718182E+03	2.255730E-02	0.000000E+00
6.727273E+03	2.242530E-02	0.000000E+00
6.736364E+03	2.229281E-02	0.000000E+00
6.745455E+03	2.215983E-02	0.000000E+00
6.754545E+03	2.202639E-02	0.000000E+00
6.763636E+03	2.189246E-02	0.000000E+00
6.772727E+03	2.175855E-02	0.000000E+00
6.781818E+03	2.162415E-02	0.000000E+00
6.790909E+03	2.149025E-02	0.000000E+00
6.800000E+03	2.135681E-02	0.000000E+00
6.809091E+03	2.122386E-02	0.000000E+00
6.818182E+03	2.109140E-02	0.000000E+00
6.827273E+03	2.095938E-02	0.000000E+00
6.836364E+03	2.082878E-02	0.000000E+00
6.845455E+03	2.069864E-02	0.000000E+00
6.854545E+03	2.056941E-02	0.000000E+00
6.863636E+03	2.044111E-02	0.000000E+00
6.872727E+03	2.031418E-02	0.000000E+00
6.881818E+03	2.018767E-02	0.000000E+00
6.890909E+03	2.006206E-02	0.000000E+00
6.900000E+03	1.993735E-02	0.000000E+00
6.909091E+03	1.981397E-02	0.000000E+00
6.918182E+03	1.969102E-02	0.000000E+00
6.927273E+03	1.956942E-02	0.000000E+00
6.936364E+03	1.944867E-02	0.000000E+00
6.945455E+03	1.932833E-02	0.000000E+00
6.954545E+03	1.920931E-02	0.000000E+00
6.963636E+03	1.909114E-02	0.000000E+00
6.972727E+03	1.897384E-02	0.000000E+00
6.981818E+03	1.885739E-02	0.000000E+00
6.990909E+03	1.874180E-02	0.000000E+00
7.000000E+03	1.862704E-02	0.000000E+00
7.009091E+03	1.851358E-02	0.000000E+00
7.018182E+03	1.840053E-02	0.000000E+00
7.027273E+03	1.828875E-02	0.000000E+00
7.036364E+03	1.817782E-02	0.000000E+00
7.045455E+03	1.806773E-02	0.000000E+00
7.054545E+03	1.795848E-02	0.000000E+00
7.063636E+03	1.785051E-02	0.000000E+00
7.072727E+03	1.774337E-02	0.000000E+00
7.081818E+03	1.763707E-02	0.000000E+00
7.090909E+03	1.753160E-02	0.000000E+00
7.100000E+03	1.742741E-02	0.000000E+00
7.109091E+03	1.732405E-02	0.000000E+00
7.118182E+03	1.722152E-02	0.000000E+00
7.127273E+03	1.712026E-02	0.000000E+00
7.136364E+03	1.701939E-02	0.000000E+00
7.145455E+03	1.691979E-02	0.000000E+00
7.154545E+03	1.682103E-02	0.000000E+00
7.163636E+03	1.672310E-02	0.000000E+00
7.172727E+03	1.662600E-02	0.000000E+00
7.181818E+03	1.652974E-02	0.000000E+00
7.190909E+03	1.643389E-02	0.000000E+00
7.200000E+03	1.633846E-02	0.000000E+00
7.209091E+03	1.624386E-02	0.000000E+00
7.218182E+03	1.614928E-02	0.000000E+00
7.227273E+03	1.605470E-02	0.000000E+00
7.236364E+03	1.596056E-02	0.000000E+00
7.245455E+03	1.586644E-02	0.000000E+00
7.254545E+03	1.577194E-02	0.000000E+00
7.263636E+03	1.567832E-02	0.000000E+00
7.272727E+03	1.558516E-02	0.000000E+00
7.281818E+03	1.549246E-02	0.000000E+00
7.290909E+03	1.540065E-02	0.000000E+00
7.300000E+03	1.531013E-02	0.000000E+00
7.309091E+03	1.522009E-02	0.000000E+00
7.318182E+03	1.513174E-02	0.000000E+00
7.327273E+03	1.504387E-02	0.000000E+00
7.336364E+03	1.495770E-02	0.000000E+00
7.345455E+03	1.487240E-02	0.000000E+00
7.354545E+03	1.478879E-02	0.000000E+00
7.363636E+03	1.470606E-02	0.000000E+00
7.372727E+03	1.462420E-02	0.000000E+00
7.381818E+03	1.454402E-02	0.000000E+00
7.390909E+03	1.446471E-02	0.000000E+00
7.400000E+03	1.438668E-02	0.000000E+00
7.409091E+03	1.430951E-02	0.000000E+00
7.418182E+03	1.423361E-02	0.000000E+00
7.427273E+03	1.415858E-02	0.000000E+00
7.436364E+03	1.408481E-02	0.000000E+00
7.445455E+03	1.401191E-02	0.000000E+00
7.454545E+03	1.393987E-02	0.000000E+00
7.463636E+03	1.386909E-02	0.000000E+00
7.472727E+03	1.379878E-02	0.000000E+00
7.481818E+03	1.372973E-02	0.000000E+00
7.490909E+03	1.366116E-02	0.000000E+00
7.500000E+03	1.359383E-02	0.000000E+00
7.509091E+03	1.352699E-02	0.000000E+00
7.518182E+03	1.346139E-02	0.000000E+00
7.527273E+03	1.339626E-02	0.000000E+00
7.536364E+03	1.333162E-02	0.000000E+00
7.545455E+03	1.326785E-02	0.000000E+00
7.554545E+03	1.320493E-02	0.000000E+00
7.563636E+03	1.314250E-02	0.000000E+00
7.572727E+03	1.308093E-02	0.000000E+00
7.581818E+03	1.301985E-02	0.000000E+00
7.590909E+03	1.295925E-02	0.000000E+00
7.600000E+03	1.289951E-02	0.000000E+00
7.609091E+03	1.284027E-02	0.000000E+00
7.618182E+03	1.278151E-02	0.000000E+00
7.627273E+03	1.272324E-02	0.000000E+00
7.636364E+03	1.266509E-02	0.000000E+00
7.645455E+03	1.260780E-02	0.000000E+00
7.654545E+03	1.255100E-02	0.000000E+00
7.663636E+03	1.249470E-02	0.000000E+00
7.672727E+03	1.243852E-02	0.000000E+00
7.681818E+03	1.238284E-02	0.000000E+00
7.690909E+03	1.232729E-02	0.000000E+00
7.700000E+03	1.227223E-02	0.000000E+00
7.709091E+03	1.221767E-02	0.000000E+00
7.718182E+03	1.216325E-02	0.000000E+00
7.727273E+03	1.210896E-02	0.000000E+00
7.736364E+03	1.205517E-02	0.000000E+00
7.745455E+03	1.200116E-02	0.000000E+00
7.754545E+03	1.194765E-02	0.000000E+00
7.763636E+03	1.189427E-02	0.000000E+00
7.772727E+03	1.184105E-02	0.000000E+00
7.781818E+03	1.178796E-02	0.000000E+00
7.790909E+03	1.173502E-02	0.000000E+00
7.800000E+03	1.168186E-02	0.000000E+00
7.809091E+03	1.162886E-02	0.000000E+00
7.818182E+03	1.157599E-02	0.000000E+00
7.827273E+03	1.152293E-02	0.000000E+00
7.836364E+03	1.146965E-02	0.000000E+00
7.845455E+03	1.141653E-02	0.000000E+00
7.854545E+03	1.136320E-02	0.000000E+00
7.863636E+03	1.130967E-02	0.000000E+00
7.872727E+03	1.125594E-02	0.000000E+00
7.881818E+03	1.120201E-02	0.000000E+00
7.890909E+03	1.114753E-02	0.000000E+00
7.900000E+03	1.109320E-02	0.000000E+00
7.909091E+03	1.103797E-02	0.000000E+00
7.918182E+03	1.098289E-02	0.000000E+00
7.927273E+03	1.092693E-02	0.000000E+00
7.936364E+03	1.087041E-02	0.000000E+00
7.945455E+03	1.081371E-02	0.000000E+00
7.954545E+03	1.075611E-02	0.000000E+00
7.963636E+03	1.069797E-02	0.000000E+00
7.972727E+03	1.063894E-02	0.000000E+00
7.981818E+03	1.057903E-02	0.000000E+00
7.990909E+03	1.051824E-02	0.000000E+00
8.000000E+03	1.045621E-02	0.000000E+00
8.009091E+03	1.039330E-02	0.000000E+00
8.018182E+03	1.032917E-02	0.000000E+00
8.027273E+03	1.026381E-02	0.000000E+00
8.036364E+03	1.019689E-02	0.000000E+00
8.045455E+03	1.012840E-02	0.000000E+00
8.054545E+03	1.005869E-02	0.000000E+00
8.063636E+03	9.987745E-03	0.000000E+00
8.072727E+03	9.915918E-03	0.000000E+00
8.081818E+03	9.843201E-03	0.000000E+00
8.090909E+03	9.769929E-03	0.000000E+00
8.100000E+03	9.696099E-03	0.000000E+00
8.109091E+03	9.621704E-03	0.000000E+00
8.118182E+03	9.546741E-03	0.000000E+00
8.127273E+03	9.471879E-03	0.000000E+00
8.136364E+03	9.396438E-03	0.000000E+00
8.145455E+03	9.321083E-03	0.000000E+00
8.154545E+03	9.245811E-03	0.000000E+00
8.163636E+03	9.170613E-03	0.000000E+00
8.172727E+03	9.095145E-03	0.000000E+00
8.181818E+03	9.020073E-03	0.000000E+00
8.218182E+03	8.721226E-03	0.000000E+00
8.254545E+03	8.427393E-03	0.000000E+00
8.290909E+03	8.140799E-03	0.000000E+00
8.327273E+03	7.861418E-03	0.000000E+00
8.363636E+03	7.591346E-03	0.000000E+00
8.400000E+03	7.330408E-03	0.000000E+00
8.436364E+03	7.080129E-03	0.000000E+00
8.472727E+03	6.840064E-03	0.000000E+00
8.509091E+03	6.610801E-03	0.000000E+00
8.545455E+03	6.391963E-03	0.000000E+00
8.581818E+03	6.183879E-03	0.000000E+00
8.618182E+03	5.986245E-03	0.000000E+00
8.654545E+03	5.798455E-03	0.000000E+00
8.690909E+03	5.620945E-03	0.000000E+00
8.727273E+03	5.452836E-03	0.000000E+00
8.763636E+03	5.293606E-03	0.000000E+00
8.800000E+03	5.143445E-03	0.000000E+00
8.836364E+03	5.001891E-03	0.000000E+00
8.872727E+03	4.868149E-03	0.000000E+00
8.909091E+03	4.742134E-03	0.000000E+00
8.945455E+03	4.623079E-03	0.000000E+00
8.981818E+03	4.511289E-03	0.000000E+00
9.018182E+03	4.406027E-03	0.000000E+00
9.054545E+03	4.306910E-03	0.000000E+00
9.090909E+03	4.213930E-03	0.000000E+00
9.127273E+03	4.126368E-03	0.000000E+00
9.163636E+03	4.043864E-03	0.000000E+00
9.200000E+03	3.966795E-03	0.000000E+00
9.236364E+03	3.894081E-03	0.000000E+00
9.272727E+03	3.825741E-03	0.000000E+00
9.309091E+03	3.761804E-03	0.000000E+00
9.345455E+03	3.701928E-03	0.000000E+00
9.381818E+03	3.645771E-03	0.000000E+00
