4000.44 1.00592e-16
4001.95 1.055425e-16
4003.47 1.0106023333333334e-16
4004.99 1.05962675e-16
4006.51 1.0660933999999999e-16
4008.03 1.0803054e-16
4009.55 1.0346139999999999e-16
4011.07 1.0289358e-16
4012.59 8.64529e-17
4014.11 8.626910000000001e-17
4015.63 8.341260000000001e-17
4017.14 8.370394e-17
4018.66 9.288262e-17
4020.18 1.069091e-16
4021.7 9.432382e-17
4023.22 9.719411999999999e-17
4024.74 1.0967252e-16
4026.26 1.0220463999999999e-16
4027.78 1.0303323999999999e-16
4029.3 1.1956951999999998e-16
4030.82 1.2647132e-16
4032.34 1.2329332e-16
4033.85 1.3211919999999999e-16
4035.37 1.279301e-16
4036.89 1.1163244e-16
4038.41 9.685836e-17
4039.93 7.943580000000001e-17
4041.45 6.543983999999999e-17
4042.97 6.35596e-17
4044.49 6.480896e-17
4046.01 6.771972e-17
4047.53 7.410592e-17
4049.04 6.723722e-17
4050.56 6.60213e-17
4052.08 5.916792e-17
4053.6 4.59953e-17
4055.12 5.124886e-17
4056.64 7.428452e-17
4058.16 7.110806e-17
4059.68 7.607732e-17
4061.2 9.505706000000001e-17
4062.72 1.0142646e-16
4064.24 8.775098e-17
4065.75 9.189202000000001e-17
4067.27 1.1699044000000002e-16
4068.79 1.1445244000000002e-16
4070.31 1.0399108e-16
4071.83 1.1643516e-16
4073.35 1.4414244e-16
4074.87 1.5144964e-16
4076.39 1.6935963999999997e-16
4077.91 1.849842e-16
4079.43 1.947806e-16
4080.94 1.866946e-16
4082.46 1.690726e-16
4083.98 1.6939440000000002e-16
4085.5 1.9080819999999997e-16
4087.02 1.8654139999999996e-16
4088.54 1.8429500000000002e-16
4090.06 2.006904e-16
4091.58 2.043978e-16
4093.1 1.9468099999999998e-16
4094.62 1.8729559999999999e-16
4096.13 1.90344e-16
4097.65 2.0329560000000002e-16
4099.17 2.0402380000000002e-16
4100.69 1.931404e-16
4102.21 2.038578e-16
4103.73 1.9956399999999998e-16
4105.25 1.770496e-16
4106.77 1.719644e-16
4108.29 1.7819839999999998e-16
4109.81 1.74919e-16
4111.33 1.6896780000000001e-16
4112.84 1.7460659999999999e-16
4114.36 1.746058e-16
4115.88 1.681222e-16
4117.4 1.639756e-16
4118.92 1.686766e-16
4120.44 1.7894819999999996e-16
4121.96 1.8006999999999999e-16
4123.48 1.810532e-16
4125.0 1.8586880000000002e-16
4126.52 1.7974559999999997e-16
4128.03 1.680498e-16
4129.55 1.612478e-16
4131.07 1.69257e-16
4132.59 1.7968440000000004e-16
4134.11 1.8515679999999997e-16
4135.63 1.841768e-16
4137.15 1.753478e-16
4138.67 1.756256e-16
4140.19 1.701902e-16
4141.71 1.5714374e-16
4143.23 1.4701313999999997e-16
4144.74 1.4465974e-16
4146.26 1.2476114e-16
4147.78 1.0807074e-16
4149.3 1.1902819999999999e-16
4150.82 1.2452660000000002e-16
4152.34 1.245764e-16
4153.86 1.228396e-16
4155.38 1.215582e-16
4156.9 1.148272e-16
4158.42 1.132542e-16
4159.93 1.185912e-16
4161.45 1.203442e-16
4162.97 1.321772e-16
4164.49 1.359074e-16
4166.01 1.2837882e-16
4167.53 1.2626362e-16
4169.05 1.2636082000000002e-16
4170.57 1.1083768e-16
4172.09 1.1970628e-16
4173.61 1.2829986e-16
4175.12 1.3337685999999998e-16
4176.64 1.3077646000000002e-16
4178.16 1.34574e-16
4179.68 1.2494099999999998e-16
4181.2 1.215676e-16
4182.72 1.1328900000000002e-16
4184.24 1.0628995999999998e-16
4185.76 1.0792376000000002e-16
4187.28 1.0560176000000002e-16
4188.8 1.0725236000000001e-16
4190.32 1.0461226e-16
4191.83 1.115585e-16
4193.35 1.131863e-16
4194.87 1.0840938e-16
4196.39 9.27018e-17
4197.91 8.69175e-17
4199.43 8.0344e-17
4200.95 7.237488e-17
4202.47 8.04146e-17
4203.99 8.581164e-17
4205.51 9.437924e-17
4207.02 8.962288e-17
4208.54 8.980084000000001e-17
4210.06 8.729284e-17
4211.58 9.600378000000002e-17
4213.1 9.538017999999999e-17
4214.62 1.0925023999999998e-16
4216.14 1.0761491999999999e-16
4217.66 1.1262071999999999e-16
4219.18 1.0895012e-16
4220.7 1.0249688e-16
4222.22 9.605256000000001e-17
4223.73 1.0703584e-16
4225.25 1.1050104e-16
4226.77 1.0975763999999999e-16
4228.29 1.2088608e-16
4229.81 1.2324334e-16
4231.33 1.1597034e-16
4232.85 1.1183374e-16
4234.37 1.0683118000000001e-16
4235.89 1.0207818000000001e-16
4237.41 1.0844164e-16
4238.92 1.1846464e-16
4240.44 1.1286344e-16
4241.96 1.279238e-16
4243.48 1.4494059999999999e-16
4245.0 1.4595959999999998e-16
4246.52 1.402634e-16
4248.04 1.499336e-16
4249.56 1.449756e-16
4251.08 1.3000659999999999e-16
4252.6 1.277174e-16
4254.12 1.296462e-16
4255.63 1.1714226e-16
4257.15 1.1865806e-16
4258.67 1.1500748e-16
4260.19 1.1053451999999999e-16
4261.71 1.0416651999999999e-16
4263.23 9.36132e-17
4264.75 7.493452e-17
4266.27 7.428162e-17
4267.79 6.861082e-17
4269.31 4.8374743e-17
4270.82 5.2053383e-17
4272.34 6.4076863e-17
4273.86 6.2721943e-17
4275.38 8.1611903e-17
4276.9 1.0175117999999999e-16
4278.42 1.0003546e-16
4279.94 9.812142000000001e-17
4281.46 9.509993999999999e-17
4282.98 8.318754e-17
4284.5 8.076024e-17
4286.01 8.802824e-17
4287.53 8.303442e-17
4289.05 7.881398e-17
4290.57 7.494832e-17
4292.09 7.655934e-17
4293.61 8.348367999999999e-17
4295.13 8.718518e-17
4296.65 9.117268e-17
4298.17 9.33761e-17
4299.69 8.997358000000001e-17
4301.21 8.433198000000001e-17
4302.72 8.622232e-17
4304.24 8.789948e-17
4305.76 8.629348e-17
4307.28 9.334388000000001e-17
4308.8 9.714188000000002e-17
4310.32 9.511730000000001e-17
4311.84 1.0553376e-16
4313.36 1.12547e-16
4314.88 1.14813e-16
4316.4 1.171438e-16
4317.91 1.2319499999999997e-16
4319.43 1.238072e-16
4320.95 1.25759e-16
4322.47 1.356956e-16
4323.99 1.3634179999999998e-16
4325.51 1.3479839999999998e-16
4327.03 1.2872563999999997e-16
4328.55 1.3239804e-16
4330.07 1.2189524e-16
4331.59 1.3177604000000002e-16
4333.1 1.3241324e-16
4334.62 1.33157e-16
4336.14 1.2371419999999998e-16
4337.66 1.268472e-16
4339.18 1.192612e-16
4340.7 1.28102e-16
4342.22 1.38814e-16
4343.74 1.5433940000000002e-16
4345.26 1.606194e-16
4346.78 1.6565139999999998e-16
4348.3 1.6480879999999998e-16
4349.81 1.614178e-16
4351.33 1.542378e-16
4352.85 1.475238e-16
4354.37 1.390654e-16
4355.89 1.3045500000000002e-16
4357.41 1.305546e-16
4358.93 1.3168e-16
4360.45 1.33533e-16
4361.97 1.3521599999999999e-16
4363.49 1.344694e-16
4365.0 1.293754e-16
4366.52 1.248102e-16
4368.04 1.1555118e-16
4369.56 1.1134658e-16
4371.08 1.1894757999999998e-16
4372.6 1.1902498e-16
4374.12 1.1791198e-16
4375.64 1.201508e-16
4377.16 1.271498e-16
4378.68 1.341166e-16
4380.2 1.2912478e-16
4381.71 1.204974e-16
4383.23 1.297588e-16
4384.75 1.368252e-16
4386.27 1.284774e-16
4387.79 1.4514742e-16
4389.31 1.590108e-16
4390.83 1.49096e-16
4392.35 1.34678e-16
4393.87 1.407864e-16
4395.39 1.386848e-16
4396.9 1.5028939999999998e-16
4398.42 1.6163360000000002e-16
4399.94 1.782588e-16
4401.46 1.859824e-16
4402.98 1.91942e-16
4404.5 1.897238e-16
4406.02 2.0444240000000004e-16
4407.54 2.1734000000000002e-16
4409.06 2.1339920000000002e-16
4410.58 2.0974339999999999e-16
4412.1 2.2147419999999999e-16
4413.61 2.060982e-16
4415.13 1.871924e-16
4416.65 1.9429939999999998e-16
4418.17 2.0531199999999996e-16
4419.69 1.98785e-16
4421.21 2.0222179999999998e-16
4422.73 1.962072e-16
4424.25 1.9588499999999998e-16
4425.77 1.968552e-16
4427.29 2.0147920000000002e-16
4428.8 2.086406e-16
4430.32 2.2778359999999997e-16
4431.84 2.2502679999999996e-16
4433.36 2.253186e-16
4434.88 2.2001800000000001e-16
4436.4 2.085082e-16
4437.92 1.9893680000000002e-16
4439.44 1.901122e-16
4440.96 1.914254e-16
4442.48 1.9545879999999997e-16
4444.0 1.9754339999999998e-16
4445.51 1.928158e-16
4447.03 1.9971339999999997e-16
4448.55 1.8559520000000002e-16
4450.07 1.7665140000000002e-16
4451.59 1.8574640000000002e-16
4453.11 1.880706e-16
4454.63 1.950918e-16
4456.15 2.109476e-16
4457.67 2.1467560000000002e-16
4459.19 2.205936e-16
4460.7 2.37666e-16
4462.22 2.337236e-16
4463.74 2.26584e-16
4465.26 2.347362e-16
4466.78 2.403826e-16
4468.3 2.352092e-16
4469.82 2.33678e-16
4471.34 2.27614e-16
4472.86 2.22766e-16
4474.38 2.151578e-16
4475.9 2.0324320000000002e-16
4477.41 2.041744e-16
4478.93 2.2179820000000003e-16
4480.45 2.375316e-16
4481.97 2.392216e-16
4483.49 2.45079e-16
4485.01 2.322494e-16
4486.53 2.174924e-16
4488.05 1.925358e-16
4489.57 1.766756e-16
4491.09 1.943424e-16
4492.6 2.0515879999999998e-16
4494.12 2.085998e-16
4495.64 1.9349600000000002e-16
4497.16 2.0462779999999999e-16
4498.68 1.907754e-16
4500.2 1.821892e-16
4501.72 1.803974e-16
4503.24 1.924776e-16
4504.76 1.853548e-16
4506.28 1.853834e-16
4507.79 1.8698699999999998e-16
4509.31 1.747934e-16
4510.83 1.7524380000000002e-16
4512.35 1.713676e-16
4513.87 1.611318e-16
4515.39 1.559178e-16
4516.91 1.7045040000000002e-16
4518.43 1.716686e-16
4519.95 1.8132980000000002e-16
4521.47 1.765514e-16
4522.99 1.790224e-16
4524.5 1.641296e-16
4526.02 1.622386e-16
4527.54 1.56828e-16
4529.06 1.4995020000000001e-16
4530.58 1.530208e-16
4532.1 1.672706e-16
4533.62 1.797932e-16
4535.14 1.815178e-16
4536.66 1.9914960000000001e-16
4538.18 2.10621e-16
4539.69 2.06772e-16
4541.21 1.9988379999999999e-16
4542.73 2.0053280000000002e-16
4544.25 1.974564e-16
4545.77 1.9019619999999998e-16
4547.29 1.922386e-16
4548.81 1.53436e-16
4550.33 1.1448579999999998e-16
4551.85 7.87032e-17
4553.37 4.1415e-17
4554.88 0.0
4556.4 0.0
4557.92 0.0
4559.44 0.0
4560.96 0.0
4562.48 0.0
4564.0 0.0
4565.52 0.0
4567.04 0.0
4568.56 0.0
4570.08 0.0
4571.59 0.0
4573.11 0.0
4574.63 0.0
4576.15 0.0
4577.67 0.0
4579.19 0.0
4580.71 0.0
4582.23 0.0
4583.75 0.0
4585.27 0.0
4586.78 0.0
4588.3 0.0
4589.82 0.0
4591.34 0.0
4592.86 1.037396e-16
4594.38 2.1156879999999997e-16
4595.9 3.175188e-16
4597.42 4.252642e-16
4598.94 5.154178e-16
4600.46 5.115484e-16
4601.98 4.897796e-16
4603.49 4.846082e-16
4605.01 4.692774e-16
4606.53 4.715984e-16
4608.05 4.636204e-16
4609.57 4.6743840000000005e-16
4611.09 4.505692e-16
4612.61 4.382374e-16
4614.13 4.390618e-16
4615.65 4.489575999999999e-16
4617.17 4.411598e-16
4618.68 4.468384e-16
4620.2 4.621624000000001e-16
4621.72 4.711842e-16
4623.24 4.674476e-16
4624.76 4.837898000000001e-16
4626.28 5.007415999999999e-16
4627.8 5.16974e-16
4629.32 5.20358e-16
4630.84 5.295006e-16
4632.36 5.246326e-16
4633.88 5.232205999999999e-16
4635.39 5.207014e-16
4636.91 5.142695999999999e-16
4638.43 5.090038e-16
4639.95 5.242657999999999e-16
4641.47 5.208888000000001e-16
4642.99 5.202126e-16
4644.51 5.346168e-16
4646.03 5.471439999999999e-16
4647.55 5.441494e-16
4649.07 5.46756e-16
4650.58 5.207514e-16
4652.1 5.087766e-16
4653.62 5.035996e-16
4655.14 4.91652e-16
4656.66 4.851238e-16
4658.18 5.181396e-16
4659.7 5.249356e-16
4661.22 5.22994e-16
4662.74 5.415194e-16
4664.26 5.456194e-16
4665.77 5.43234e-16
4667.29 5.554836e-16
4668.81 5.6894099999999995e-16
4670.33 5.798582e-16
4671.85 6.073786e-16
4673.37 6.330328e-16
4674.89 6.646482e-16
4676.41 6.88497e-16
4677.93 7.132742000000001e-16
4679.45 7.275523999999999e-16
4680.97 7.315991999999999e-16
4682.48 7.240031999999999e-16
4684.0 7.278012e-16
4685.52 7.278038e-16
4687.04 7.367645999999999e-16
4688.56 7.385014e-16
4690.08 7.261085999999999e-16
4691.6 7.193006000000001e-16
4693.12 7.083992e-16
4694.64 6.86551e-16
4696.16 6.761412000000001e-16
4697.67 6.720966e-16
4699.19 6.538970000000001e-16
4700.71 6.492376e-16
4702.23 6.437916000000001e-16
4703.75 6.421474000000001e-16
4705.27 6.523934e-16
4706.79 6.628158e-16
4708.31 6.6458160000000005e-16
4709.83 6.652788000000001e-16
4711.35 6.679444e-16
4712.87 6.604294e-16
4714.38 6.605038e-16
4715.9 6.435522e-16
4717.42 6.400949999999999e-16
4718.94 6.248654e-16
4720.46 6.092928e-16
4721.98 5.986198e-16
4723.5 5.99836e-16
4725.02 6.043253999999999e-16
4726.54 6.065752e-16
4728.06 6.041476e-16
4729.57 6.04014e-16
4731.09 6.136926e-16
4732.61 6.164178e-16
4734.13 6.183857999999999e-16
4735.65 6.371772e-16
4737.17 6.538434e-16
4738.69 6.467453999999999e-16
4740.21 6.414028e-16
4741.73 6.419640000000001e-16
4743.25 6.202066e-16
4744.77 5.995812000000001e-16
4746.28 5.920164000000001e-16
4747.8 5.697048e-16
4749.32 5.547551999999999e-16
4750.84 5.339388e-16
4752.36 5.06806e-16
4753.88 4.959606e-16
4755.4 4.890076e-16
4756.92 4.857571999999999e-16
4758.44 4.865354000000001e-16
4759.96 4.969598e-16
4761.47 4.774072e-16
4762.99 4.753684000000001e-16
4764.51 4.605716e-16
4766.03 4.818928e-16
4767.55 4.725144000000001e-16
4769.07 4.79671e-16
4770.59 4.746051999999999e-16
4772.11 4.707218000000001e-16
4773.63 4.496964e-16
4775.15 4.453756e-16
4776.67 4.490456e-16
4778.18 4.495396000000001e-16
4779.7 4.522938e-16
4781.22 4.4094380000000003e-16
4782.74 4.3753979999999994e-16
4784.26 4.323382e-16
4785.78 4.2348199999999997e-16
4787.3 4.12996e-16
4788.82 4.2068619999999993e-16
4790.34 4.017632e-16
4791.86 3.7491560000000004e-16
4793.37 3.627496e-16
4794.89 3.497934e-16
4796.41 3.352272e-16
4797.93 3.444414e-16
4799.45 3.57471e-16
4800.97 3.5774919999999994e-16
4802.49 3.7326020000000004e-16
4804.01 3.717458e-16
4805.53 3.625656e-16
4807.05 3.5651959999999995e-16
4808.56 3.628454e-16
4810.08 3.4252479999999997e-16
4811.6 3.3489539999999997e-16
4813.12 3.44836e-16
4814.64 3.4223039999999997e-16
4816.16 3.4180019999999997e-16
4817.68 3.539778e-16
4819.2 3.623092e-16
4820.72 3.510648e-16
4822.24 3.5523260000000003e-16
4823.75 3.514856e-16
4825.27 3.5074700000000003e-16
4826.79 3.6044420000000003e-16
4828.31 3.636872e-16
4829.83 3.734752e-16
4831.35 3.807434e-16
4832.87 3.8668359999999995e-16
4834.39 3.88255e-16
4835.91 3.92914e-16
4837.43 3.795778e-16
4838.95 3.7060619999999997e-16
4840.46 3.551742e-16
4841.98 3.442834e-16
4843.5 3.34845e-16
4845.02 3.335466e-16
4846.54 3.292988e-16
4848.06 3.316072e-16
4849.58 3.391178e-16
4851.1 3.5494580000000005e-16
4852.62 3.721572e-16
4854.14 3.9266919999999998e-16
4855.65 4.2063419999999993e-16
4857.17 4.28772e-16
4858.69 4.374704e-16
4860.21 4.497562e-16
4861.73 4.588100000000001e-16
4863.25 4.574324000000001e-16
4864.77 4.626792e-16
4866.29 4.752698e-16
4867.81 4.813432e-16
4869.33 4.905523999999999e-16
4870.85 5.044807999999999e-16
4872.36 5.084058e-16
4873.88 5.245591999999999e-16
4875.4 5.235004000000001e-16
4876.92 5.319788e-16
4878.44 5.324248e-16
4879.96 5.385594e-16
4881.48 5.263636e-16
4883.0 5.312606e-16
4884.52 5.247452e-16
4886.04 5.217208e-16
4887.55 5.155845999999999e-16
4889.07 5.084351999999999e-16
4890.59 5.013965999999999e-16
4892.11 4.929182e-16
4893.63 4.875598e-16
4895.15 4.894508e-16
4896.67 4.839864000000001e-16
4898.19 4.737344000000001e-16
4899.71 4.633524e-16
4901.23 4.443028e-16
4902.75 4.292922e-16
4904.26 4.25436e-16
4905.78 4.335236e-16
4907.3 4.31086e-16
4908.82 4.3773520000000006e-16
4910.34 4.448846e-16
4911.86 4.47835e-16
4913.38 4.551182e-16
4914.9 4.685296e-16
4916.42 4.91842e-16
4917.94 5.075827999999999e-16
4919.45 5.33279e-16
4920.97 5.528732000000001e-16
4922.49 5.888614e-16
4924.01 6.225596e-16
4925.53 6.532569999999999e-16
4927.05 6.937278e-16
4928.57 7.259227999999999e-16
4930.09 7.525244e-16
4931.61 7.758858e-16
4933.13 8.138948e-16
4934.65 8.41768e-16
4936.16 8.684726e-16
4937.68 8.920638e-16
4939.2 9.146537999999999e-16
4940.72 9.315458e-16
4942.24 9.385000000000002e-16
4943.76 9.473755999999998e-16
4945.28 9.595072e-16
4946.8 9.713624e-16
4948.32 9.97411e-16
4949.84 1.0118399999999999e-15
4951.35 1.0310866000000002e-15
4952.87 1.043778e-15
4954.39 1.045344e-15
4955.91 1.0290819999999998e-15
4957.43 1.0220195999999999e-15
4958.95 1.0143555999999998e-15
4960.47 1.0030084e-15
4961.99 9.972427999999999e-16
4963.51 9.946530000000002e-16
4965.03 9.916978e-16
4966.54 9.769538e-16
4968.06 9.636277999999998e-16
4969.58 9.490358000000001e-16
4971.1 9.269611999999998e-16
4972.62 8.952324000000001e-16
4974.14 8.812850000000001e-16
4975.66 8.600800000000001e-16
4977.18 8.274524e-16
4978.7 7.919628e-16
4980.22 7.620378e-16
4981.74 7.245868e-16
4983.25 6.86746e-16
4984.77 6.571873999999999e-16
4986.29 6.288664e-16
4987.81 6.035792e-16
4989.33 5.7424760000000005e-16
4990.85 5.503558e-16
4992.37 5.331409999999999e-16
4993.89 5.164022000000001e-16
4995.41 5.002104e-16
4996.93 4.902805999999999e-16
4998.44 4.83241e-16
4999.96 4.75019e-16
5001.48 4.732464e-16
5003.0 4.738770000000001e-16
5004.52 4.727828000000001e-16
5006.04 4.851000000000001e-16
5007.56 4.964212000000001e-16
5009.08 5.091200000000001e-16
5010.6 5.288194000000001e-16
5012.12 5.593826e-16
5013.63 5.792880000000001e-16
5015.15 5.928305999999999e-16
5016.67 6.188938e-16
5018.19 6.425418e-16
5019.71 6.575236e-16
5021.23 6.824205999999999e-16
5022.75 7.131122000000001e-16
5024.27 7.448066e-16
5025.79 7.817134e-16
5027.31 8.204682e-16
5028.83 8.549547999999999e-16
5030.34 9.032906e-16
5031.86 9.328784000000002e-16
5033.38 9.6138e-16
5034.9 9.836202e-16
5036.42 1.0067184e-15
5037.94 1.0124658e-15
5039.46 1.034802e-15
5040.98 1.0509499999999999e-15
5042.5 1.065796e-15
5044.02 1.0818619999999998e-15
5045.54 1.107794e-15
5047.05 1.1187180000000001e-15
5048.57 1.127088e-15
5050.09 1.128962e-15
5051.61 1.135548e-15
5053.13 1.127252e-15
5054.65 1.1204379999999999e-15
5056.17 1.1093460000000001e-15
5057.69 1.104312e-15
5059.21 1.084606e-15
5060.73 1.0784e-15
5062.24 1.068978e-15
5063.76 1.064358e-15
5065.28 1.064286e-15
5066.8 1.050564e-15
5068.32 1.0424440000000001e-15
5069.84 1.04149e-15
5071.36 1.041914e-15
5072.88 1.0378860000000001e-15
5074.4 1.039781e-15
5075.92 1.0266690000000002e-15
5077.43 1.0167370000000002e-15
5078.95 9.970678e-16
5080.47 9.828471999999999e-16
5081.99 9.860542e-16
5083.51 9.973702e-16
5085.03 9.970001999999998e-16
5086.55 1.000271e-15
5088.07 1.0059636e-15
5089.59 9.893279999999998e-16
5091.11 9.727447999999998e-16
5092.62 9.645932e-16
5094.14 9.586958e-16
5095.66 9.429158000000001e-16
5097.18 9.374272e-16
5098.7 9.308542000000002e-16
5100.22 9.166318000000001e-16
5101.74 8.99213e-16
5103.26 8.749242e-16
5104.78 8.569052e-16
5106.3 8.350164e-16
5107.82 8.090959999999999e-16
5109.33 7.890472e-16
5110.85 7.751554e-16
5112.37 7.555146000000001e-16
5113.89 7.268498000000001e-16
5115.41 7.083804e-16
5116.93 6.827245999999999e-16
5118.45 6.564868e-16
5119.97 6.272632e-16
5121.49 6.100166e-16
5123.01 5.860818e-16
5124.52 5.67076e-16
5126.04 5.501277999999999e-16
5127.56 5.377908e-16
5129.08 5.231036e-16
5130.6 5.109614e-16
5132.12 4.944062e-16
5133.64 4.747626e-16
5135.16 4.609953999999999e-16
5136.68 4.4282520000000006e-16
5138.2 4.2873780000000004e-16
5139.72 4.2016679999999997e-16
5141.23 4.0856219999999998e-16
5142.75 3.9387900000000003e-16
5144.27 3.9080620000000003e-16
5145.79 3.8198160000000005e-16
5147.31 3.739674e-16
5148.83 3.78048e-16
5150.35 3.8026360000000003e-16
5151.87 3.7710320000000007e-16
5153.39 3.8810039999999996e-16
5154.91 4.000258e-16
5156.42 4.092226e-16
5157.94 4.2091819999999997e-16
5159.46 4.304958e-16
5160.98 4.346512e-16
5162.5 4.4166560000000004e-16
5164.02 4.482126e-16
5165.54 4.577476e-16
5167.06 4.714894e-16
5168.58 4.726317999999999e-16
5170.1 4.747059999999999e-16
5171.62 4.859278e-16
5173.13 4.928102e-16
5174.65 4.961576e-16
5176.17 5.124982000000001e-16
5177.69 5.289556e-16
5179.21 5.37136e-16
5180.73 5.538016e-16
5182.25 5.728014e-16
5183.77 5.895947999999999e-16
5185.29 6.05419e-16
5186.81 6.220524000000001e-16
5188.32 6.336076e-16
5189.84 6.512504e-16
5191.36 6.579687999999999e-16
5192.88 6.70347e-16
5194.4 6.8048e-16
5195.92 6.831346e-16
5197.44 6.874774e-16
5198.96 7.034666e-16
5200.48 7.091158e-16
5202.0 7.163425999999999e-16
5203.52 7.260926e-16
5205.03 7.248504000000001e-16
5206.55 7.20099e-16
5208.07 7.152911999999999e-16
5209.59 7.045912000000001e-16
5211.11 6.992504e-16
5212.63 7.00688e-16
5214.15 6.982438e-16
5215.67 6.984276e-16
5217.19 7.036339999999999e-16
5218.71 7.049507999999999e-16
5220.22 6.963618e-16
5221.74 6.97447e-16
5223.26 6.997828e-16
5224.78 7.107466e-16
5226.3 7.164937999999998e-16
5227.82 7.384330000000001e-16
5229.34 7.772781999999999e-16
5230.86 8.140942e-16
5232.38 8.24864e-16
5233.9 8.376808e-16
5235.42 8.3955e-16
5236.93 8.168571999999999e-16
5238.45 7.932873999999999e-16
5239.97 7.882716e-16
5241.49 7.969672e-16
5243.01 7.96915e-16
5244.53 7.904092e-16
5246.05 7.900974000000001e-16
5247.57 7.908482e-16
5249.09 7.74158e-16
5250.61 7.606502e-16
5252.12 7.53344e-16
5253.64 7.463288000000001e-16
5255.16 7.356542000000001e-16
5256.68 7.303871999999999e-16
5258.2 7.318867999999999e-16
5259.72 7.30575e-16
5261.24 7.312769999999999e-16
5262.76 7.255188e-16
5264.28 7.335521999999999e-16
5265.8 7.375189999999999e-16
5267.31 7.506262e-16
5268.83 7.524756e-16
5270.35 7.649254000000001e-16
5271.87 7.72505e-16
5273.39 7.854556e-16
5274.91 7.898083999999999e-16
5276.43 8.022264000000001e-16
5277.95 8.13588e-16
5279.47 8.24784e-16
5280.99 8.290958e-16
5282.5 8.480347999999999e-16
5284.02 8.513554e-16
5285.54 8.529989999999999e-16
5287.06 8.597148000000001e-16
5288.58 8.589512000000001e-16
5290.1 8.466089999999999e-16
5291.62 8.421651999999999e-16
5293.14 8.384218000000001e-16
5294.66 8.222106e-16
5296.18 8.143266000000001e-16
5297.7 8.025914e-16
5299.21 7.859950000000001e-16
5300.73 7.742846000000001e-16
5302.25 7.644000000000001e-16
5303.77 7.563287999999999e-16
5305.29 7.533320000000001e-16
5306.81 7.626123999999998e-16
5308.33 7.67513e-16
5309.85 7.707508e-16
5311.37 7.783925999999999e-16
5312.89 7.886942e-16
5314.4 7.972217999999999e-16
5315.92 8.076089999999999e-16
5317.44 8.153916e-16
5318.96 8.2594940000000005e-16
5320.48 8.35875e-16
5322.0 8.423828000000001e-16
5323.52 8.482614e-16
5325.04 8.56479e-16
5326.56 8.677517999999999e-16
5328.08 8.843128000000001e-16
5329.6 9.065822e-16
5331.11 9.313534e-16
5332.63 9.640830000000001e-16
5334.15 9.922486000000002e-16
5335.67 1.0094896e-15
5337.19 1.02461e-15
5338.71 1.035062e-15
5340.23 1.044366e-15
5341.75 1.046554e-15
5343.27 1.047764e-15
5344.79 1.048248e-15
5346.3 1.0554660000000001e-15
5347.82 1.05741e-15
5349.34 1.058044e-15
5350.86 1.05967e-15
5352.38 1.0636039999999998e-15
5353.9 1.060394e-15
5355.42 1.0629540000000001e-15
5356.94 1.07353e-15
5358.46 1.086208e-15
5359.98 1.096778e-15
5361.5 1.109252e-15
5363.01 1.115554e-15
5364.53 1.11911e-15
5366.05 1.12948e-15
5367.57 1.13527e-15
5369.09 1.142626e-15
5370.61 1.158602e-15
5372.13 1.164806e-15
5373.65 1.1772879999999998e-15
5375.17 1.188622e-15
5376.69 1.20284e-15
5378.2 1.205586e-15
5379.72 1.223272e-15
5381.24 1.232884e-15
5382.76 1.249066e-15
5384.28 1.261e-15
5385.8 1.2695400000000001e-15
5387.32 1.2775119999999998e-15
5388.84 1.2781159999999999e-15
5390.36 1.274794e-15
5391.88 1.2699399999999999e-15
5393.4 1.270898e-15
5394.91 1.266342e-15
5396.43 1.262168e-15
5397.95 1.256504e-15
5399.47 1.242582e-15
5400.99 1.2226440000000002e-15
5402.51 1.206696e-15
5404.03 1.19668e-15
5405.55 1.182378e-15
5407.07 1.172654e-15
5408.59 1.174008e-15
5410.1 1.1694579999999998e-15
5411.62 1.16169e-15
5413.14 1.16668e-15
5414.66 1.171032e-15
5416.18 1.18519e-15
5417.7 1.195206e-15
5419.22 1.206124e-15
5420.74 1.214124e-15
5422.26 1.237264e-15
5423.78 1.24372e-15
5425.29 1.267436e-15
5426.81 1.284668e-15
5428.33 1.3117839999999999e-15
5429.85 1.339816e-15
5431.37 1.366734e-15
5432.89 1.38897e-15
5434.41 1.425664e-15
5435.93 1.4476720000000001e-15
5437.45 1.4593519999999998e-15
5438.97 1.480998e-15
5440.49 1.492002e-15
5442.0 1.505958e-15
5443.52 1.517992e-15
5445.04 1.5327e-15
5446.56 1.53858e-15
5448.08 1.559142e-15
5449.6 1.56926e-15
5451.12 1.5785299999999998e-15
5452.64 1.5867560000000001e-15
5454.16 1.5941320000000002e-15
5455.68 1.595914e-15
5457.19 1.592314e-15
5458.71 1.586362e-15
5460.23 1.5840919999999997e-15
5461.75 1.5828119999999998e-15
5463.27 1.573308e-15
5464.79 1.563258e-15
5466.31 1.5568560000000001e-15
5467.83 1.544908e-15
5469.35 1.532774e-15
5470.87 1.5200160000000001e-15
5472.39 1.509002e-15
5473.9 1.4993700000000001e-15
5475.42 1.486636e-15
5476.94 1.4762640000000003e-15
5478.46 1.4623859999999998e-15
5479.98 1.4546739999999999e-15
5481.5 1.4478760000000001e-15
5483.02 1.4358839999999998e-15
5484.54 1.423582e-15
5486.06 1.4129700000000002e-15
5487.58 1.397032e-15
5489.09 1.380912e-15
5490.61 1.3681640000000002e-15
5492.13 1.358322e-15
5493.65 1.350686e-15
5495.17 1.3393240000000001e-15
5496.69 1.327454e-15
5498.21 1.312056e-15
5499.73 1.2961639999999998e-15
5501.25 1.280538e-15
5502.77 1.2640379999999999e-15
5504.29 1.240164e-15
5505.8 1.223944e-15
5507.32 1.201872e-15
5508.84 1.1767120000000002e-15
5510.36 1.1586380000000002e-15
5511.88 1.1414e-15
5513.4 1.127124e-15
5514.92 1.111728e-15
5516.44 1.10068e-15
5517.96 1.1037479999999998e-15
5519.48 1.108996e-15
5520.99 1.120022e-15
5522.51 1.135732e-15
5524.03 1.1558820000000002e-15
5525.55 1.17444e-15
5527.07 1.202978e-15
5528.59 1.228076e-15
5530.11 1.264678e-15
5531.63 1.311612e-15
5533.15 1.3528860000000001e-15
5534.67 1.4008180000000001e-15
5536.18 1.4454240000000002e-15
5537.7 1.4891579999999999e-15
5539.22 1.5176040000000001e-15
5540.74 1.5562140000000002e-15
5542.26 1.5899219999999998e-15
5543.78 1.630588e-15
5545.3 1.6654340000000002e-15
5546.82 1.6992980000000002e-15
5548.34 1.720062e-15
5549.86 1.7404899999999998e-15
5551.38 1.757492e-15
5552.89 1.775194e-15
5554.41 1.802226e-15
5555.93 1.822616e-15
5557.45 1.8412959999999997e-15
5558.97 1.852746e-15
5560.49 1.8496099999999997e-15
5562.01 1.840992e-15
5563.53 1.834094e-15
5565.05 1.817688e-15
5566.57 1.8095400000000002e-15
5568.08 1.8135980000000005e-15
5569.6 1.812106e-15
5571.12 1.809806e-15
5572.64 1.81215e-15
5574.16 1.8090420000000003e-15
5575.68 1.800292e-15
5577.2 1.79326e-15
5578.72 1.7870600000000003e-15
5580.24 1.7848960000000002e-15
5581.21 1.775864e-15
5582.73 1.7578820000000001e-15
5584.25 1.7436480000000002e-15
5585.77 1.7301740000000001e-15
5587.29 1.719312e-15
5588.81 1.7077040000000002e-15
5590.33 1.707486e-15
5591.85 1.70021e-15
5593.37 1.6899999999999999e-15
5594.89 1.673844e-15
5596.41 1.666714e-15
5597.93 1.6604559999999999e-15
5599.45 1.654504e-15
5600.97 1.656074e-15
5602.49 1.655732e-15
5604.01 1.64896e-15
5605.53 1.6366819999999998e-15
5607.05 1.630952e-15
5608.57 1.613792e-15
5610.09 1.591516e-15
5611.61 1.5762520000000002e-15
5613.13 1.554646e-15
5614.65 1.519522e-15
5616.17 1.486736e-15
5617.69 1.45995e-15
5619.21 1.428026e-15
5620.73 1.3922620000000001e-15
5622.25 1.368938e-15
5623.77 1.3493139999999999e-15
5625.29 1.320594e-15
5626.81 1.2938380000000001e-15
5628.33 1.2798619999999999e-15
5629.85 1.262588e-15
5631.37 1.2422419999999999e-15
5632.89 1.2362359999999999e-15
5634.41 1.225732e-15
5635.93 1.2197539999999998e-15
5637.45 1.2200799999999999e-15
5638.97 1.221834e-15
5640.49 1.2194060000000002e-15
5642.01 1.218916e-15
5643.53 1.211928e-15
5645.05 1.210088e-15
5646.57 1.2185059999999999e-15
5648.09 1.229524e-15
5649.61 1.242434e-15
5651.13 1.262692e-15
5652.65 1.280606e-15
5654.17 1.292318e-15
5655.69 1.306538e-15
5657.21 1.320866e-15
5658.73 1.334462e-15
5660.25 1.34573e-15
5661.77 1.36227e-15
5663.29 1.375912e-15
5664.81 1.3991699999999998e-15
5666.33 1.4234580000000002e-15
5667.85 1.441774e-15
5669.37 1.4532459999999998e-15
5670.89 1.4682640000000002e-15
5672.41 1.4751400000000001e-15
5673.93 1.481792e-15
5675.45 1.5013220000000001e-15
5676.97 1.5269160000000001e-15
5678.49 1.55462e-15
5680.01 1.588422e-15
5681.53 1.6212359999999998e-15
5683.05 1.6445599999999998e-15
5684.57 1.662666e-15
5686.09 1.666786e-15
5687.61 1.6700000000000001e-15
5689.13 1.6758940000000002e-15
5690.65 1.6812780000000001e-15
5692.17 1.681422e-15
5693.69 1.685444e-15
5695.21 1.689376e-15
5696.73 1.7011319999999997e-15
5698.25 1.703278e-15
5699.77 1.711888e-15
5701.29 1.7291400000000001e-15
5702.81 1.74529e-15
5704.33 1.747882e-15
5705.85 1.749018e-15
5707.37 1.745004e-15
5708.89 1.744292e-15
5710.41 1.740492e-15
5711.93 1.7281580000000002e-15
5713.45 1.7239140000000001e-15
5714.97 1.72423e-15
5716.49 1.715274e-15
5718.01 1.70432e-15
5719.53 1.69297e-15
5721.05 1.683572e-15
5722.57 1.6792940000000002e-15
5724.09 1.6684479999999999e-15
5725.61 1.653938e-15
5727.13 1.6498920000000001e-15
5728.65 1.642512e-15
5730.17 1.62042e-15
5731.69 1.5991919999999999e-15
5733.21 1.5812319999999999e-15
5734.73 1.56577e-15
5736.25 1.554676e-15
5737.77 1.551334e-15
5739.29 1.547806e-15
5740.81 1.536518e-15
5742.33 1.5245959999999999e-15
5743.85 1.512356e-15
5745.37 1.49318e-15
5746.89 1.4758259999999999e-15
5748.41 1.467888e-15
5749.93 1.4570980000000001e-15
5751.45 1.4379580000000002e-15
5752.97 1.426036e-15
5754.49 1.418778e-15
5756.01 1.415144e-15
5757.53 1.408642e-15
5759.05 1.405032e-15
5760.57 1.40273e-15
5762.09 1.4039760000000001e-15
5763.61 1.404278e-15
5765.13 1.401098e-15
5766.65 1.3993480000000001e-15
5768.17 1.405556e-15
5769.69 1.407928e-15
5771.21 1.4006899999999999e-15
5772.73 1.4002200000000001e-15
5774.25 1.4077279999999999e-15
5775.77 1.4098000000000001e-15
5777.29 1.4112100000000001e-15
5778.81 1.410716e-15
5780.33 1.408494e-15
5781.85 1.40034e-15
5783.37 1.386336e-15
5784.89 1.37114e-15
5786.41 1.3614e-15
5787.93 1.353444e-15
5789.45 1.3491120000000002e-15
5790.97 1.34808e-15
5792.49 1.3429159999999999e-15
5794.01 1.3354619999999998e-15
5795.53 1.324924e-15
5797.05 1.306688e-15
5798.57 1.287148e-15
5800.09 1.2795780000000001e-15
5801.61 1.26783e-15
5803.13 1.255774e-15
5804.65 1.250782e-15
5806.17 1.2415200000000001e-15
5807.69 1.2224879999999998e-15
5809.21 1.209254e-15
5810.73 1.198246e-15
5812.25 1.183132e-15
5813.77 1.1681739999999999e-15
5815.29 1.1536540000000002e-15
5816.81 1.142894e-15
5818.33 1.1335300000000001e-15
5819.85 1.12056e-15
5821.37 1.105612e-15
5822.89 1.0903399999999999e-15
5824.41 1.0732460000000002e-15
5825.93 1.057064e-15
5827.45 1.04489e-15
5828.97 1.039316e-15
5830.49 1.0395019999999999e-15
5832.01 1.040686e-15
5833.53 1.042532e-15
5835.05 1.044536e-15
5836.57 1.0369744e-15
5838.09 1.0300304e-15
5839.61 1.017934e-15
5841.13 9.977358e-16
5842.65 9.766356e-16
5844.17 9.706097999999998e-16
5845.69 9.638009999999998e-16
5847.21 9.519176e-16
5848.73 9.442028e-16
5850.25 9.395562000000001e-16
5851.77 9.359114e-16
5853.29 9.243526e-16
5854.81 9.214358e-16
5856.33 9.286118e-16
5857.85 9.333403999999998e-16
5859.37 9.279421999999998e-16
5860.89 9.354435999999998e-16
5862.41 9.475964e-16
5863.93 9.503506e-16
5865.45 9.546787999999998e-16
5866.97 9.734852e-16
5868.49 9.982013999999999e-16
5870.01 1.0239472000000001e-15
5871.53 1.052008e-15
5873.05 1.0851959999999999e-15
5874.57 1.1191560000000002e-15
5876.09 1.1493000000000002e-15
5877.61 1.18392e-15
5879.13 1.234054e-15
5880.65 1.2971559999999999e-15
5882.17 1.361614e-15
5883.69 1.4223699999999999e-15
5885.21 1.4776959999999999e-15
5886.73 1.5225459999999998e-15
5888.25 1.5583700000000001e-15
5889.77 1.5859180000000001e-15
5891.29 1.6095400000000001e-15
5892.81 1.641818e-15
5894.33 1.678108e-15
5895.85 1.7095299999999998e-15
5897.37 1.7442959999999999e-15
5898.89 1.79386e-15
5900.41 1.841772e-15
5901.93 1.882518e-15
5903.45 1.9249899999999998e-15
5904.97 1.965794e-15
5906.49 1.991132e-15
5908.01 2.00735e-15
5909.53 2.029006e-15
5911.05 2.06137e-15
5912.57 2.085726e-15
5914.09 2.110052e-15
5915.61 2.13556e-15
5917.13 2.158328e-15
5918.65 2.1643719999999997e-15
5920.17 2.1815600000000003e-15
5921.69 2.192962e-15
5923.21 2.207858e-15
5924.73 2.217194e-15
5926.25 2.220538e-15
5927.77 2.20292e-15
5929.29 2.150462e-15
5930.81 2.0269200000000002e-15
5932.33 1.863932e-15
5933.85 1.729336e-15
5935.37 1.6419099999999999e-15
5936.89 1.58792e-15
5938.41 1.587508e-15
5939.93 1.656638e-15
5941.45 1.758216e-15
5942.97 1.8627719999999997e-15
5944.49 1.987808e-15
5946.01 2.120204e-15
5947.53 2.227444e-15
5949.05 2.27919e-15
5950.57 2.284846e-15
5952.09 2.272652e-15
5953.61 2.267092e-15
5955.13 2.2577140000000002e-15
5956.65 2.2500179999999998e-15
5958.17 2.246988e-15
5959.69 2.2445459999999997e-15
5961.21 2.2411820000000003e-15
5962.73 2.238178e-15
5964.25 2.229998e-15
5965.77 2.220836e-15
5967.29 2.218128e-15
5968.81 2.2153239999999995e-15
5970.33 2.2099399999999998e-15
5971.85 2.210248e-15
5973.37 2.211012e-15
5974.89 2.20508e-15
5976.41 2.20047e-15
5977.93 2.196022e-15
5979.45 2.18529e-15
5980.97 2.177008e-15
5982.49 2.186162e-15
5984.01 2.18862e-15
5985.53 2.186892e-15
5987.05 2.194936e-15
5988.57 2.2021360000000003e-15
5990.09 2.1903e-15
5991.61 2.179036e-15
5993.13 2.1808119999999997e-15
5994.65 2.1703720000000002e-15
5996.17 2.161124e-15
5997.69 2.157798e-15
5999.21 2.146296e-15
6000.73 2.130404e-15
6002.25 2.1274240000000002e-15
6003.77 2.1260339999999996e-15
6005.29 2.126534e-15
6006.81 2.134944e-15
6008.33 2.1444819999999997e-15
6009.85 2.149762e-15
6011.37 2.153458e-15
6012.89 2.153908e-15
6014.41 2.151616e-15
6015.93 2.1434340000000003e-15
6017.45 2.130264e-15
6018.97 2.1123920000000004e-15
6020.49 2.0970099999999997e-15
6022.01 2.0922480000000004e-15
6023.53 2.087812e-15
6025.05 2.086524e-15
6026.57 2.089378e-15
6028.09 2.090162e-15
6029.61 2.081134e-15
6031.13 2.072234e-15
6032.65 2.0698940000000003e-15
6034.17 2.076698e-15
6035.69 2.0790580000000003e-15
6037.21 2.0777439999999998e-15
6038.73 2.0745519999999998e-15
6040.25 2.064546e-15
6041.77 2.04573e-15
6043.29 2.0278699999999996e-15
6044.81 2.018812e-15
6046.33 2.01161e-15
6047.85 2.0006679999999998e-15
6049.37 1.985614e-15
6050.89 1.9771039999999998e-15
6052.41 1.966642e-15
6053.93 1.951922e-15
6055.45 1.94623e-15
6056.97 1.9509679999999998e-15
6058.49 1.949334e-15
6060.01 1.9437299999999997e-15
6061.53 1.946394e-15
6063.05 1.951142e-15
6064.57 1.9560760000000004e-15
6066.09 1.96102e-15
6067.61 1.9645940000000003e-15
6069.13 1.9672499999999998e-15
6070.65 1.968046e-15
6072.17 1.96227e-15
6073.69 1.95912e-15
6075.21 1.955458e-15
6076.73 1.9517699999999998e-15
6078.25 1.943388e-15
6079.77 1.937706e-15
6081.29 1.926124e-15
6082.81 1.919964e-15
6084.33 1.915256e-15
6085.85 1.9094379999999997e-15
6087.37 1.906622e-15
6088.89 1.908388e-15
6090.41 1.9118919999999996e-15
6091.93 1.8994659999999996e-15
6093.45 1.891366e-15
6094.97 1.8864879999999996e-15
6096.49 1.877936e-15
6098.01 1.868482e-15
6099.53 1.8770319999999997e-15
6101.05 1.875902e-15
6102.57 1.862748e-15
6104.09 1.8541900000000003e-15
6105.61 1.847772e-15
6107.13 1.832938e-15
6108.65 1.820998e-15
6110.17 1.815446e-15
6111.69 1.807616e-15
6113.21 1.7943380000000002e-15
6114.73 1.7782079999999997e-15
6116.25 1.7623819999999999e-15
6117.77 1.75036e-15
6119.29 1.7397960000000001e-15
6120.81 1.731488e-15
6122.33 1.7293260000000002e-15
6123.85 1.733776e-15
6125.37 1.7329680000000002e-15
6126.89 1.7358559999999999e-15
6128.41 1.7450079999999999e-15
6129.93 1.75446e-15
6131.45 1.760932e-15
6132.97 1.7672880000000001e-15
6134.49 1.7718e-15
6136.01 1.77995e-15
6137.53 1.7938560000000003e-15
6139.05 1.815852e-15
6140.57 1.84146e-15
6142.09 1.8636500000000002e-15
6143.61 1.8788120000000003e-15
6145.13 1.8898100000000002e-15
6146.65 1.89344e-15
6148.17 1.89924e-15
6149.69 1.909536e-15
6151.21 1.91559e-15
6152.73 1.9244200000000002e-15
6154.25 1.939424e-15
6155.77 1.948112e-15
6157.29 1.954778e-15
6158.81 1.976028e-15
6160.33 1.9928480000000004e-15
6161.85 1.995136e-15
6163.37 1.9986940000000002e-15
6164.89 2.0121939999999997e-15
6166.41 2.014968e-15
6167.93 2.0145859999999998e-15
6169.45 2.02311e-15
6170.97 2.029986e-15
6172.49 2.0282279999999998e-15
6174.01 2.0350520000000002e-15
6175.53 2.038856e-15
6177.05 2.0316899999999997e-15
6178.57 2.025498e-15
6180.09 2.0238680000000003e-15
6181.61 2.012432e-15
6183.13 2.00534e-15
6184.65 2.0129060000000005e-15
6186.17 2.017916e-15
6187.69 2.0174759999999997e-15
6189.21 2.0165819999999998e-15
6190.73 2.018648e-15
6192.25 2.010784e-15
6193.77 2.00343e-15
6195.29 1.991798e-15
6196.81 1.973938e-15
6198.33 1.950474e-15
6199.85 1.930048e-15
6201.37 1.90234e-15
6202.89 1.873056e-15
6204.41 1.8499720000000004e-15
6205.93 1.8291360000000003e-15
6207.45 1.801706e-15
6208.97 1.773656e-15
6210.49 1.747116e-15
6212.01 1.718e-15
6213.53 1.690722e-15
6215.05 1.670316e-15
6216.57 1.6533059999999998e-15
6218.09 1.63836e-15
6219.61 1.6308580000000002e-15
6221.13 1.6287880000000001e-15
6222.65 1.630836e-15
6224.17 1.6366139999999999e-15
6225.69 1.649086e-15
6227.21 1.6666639999999998e-15
6228.73 1.6806499999999998e-15
6230.25 1.6931919999999998e-15
6231.77 1.7124739999999999e-15
6233.29 1.7323699999999998e-15
6234.81 1.750672e-15
6236.33 1.772348e-15
6237.85 1.796282e-15
6239.37 1.819336e-15
6240.89 1.8422460000000002e-15
6242.41 1.8600440000000002e-15
6243.93 1.871524e-15
6245.45 1.881946e-15
6246.97 1.8875559999999998e-15
6248.49 1.887558e-15
6250.01 1.887676e-15
6251.53 1.891294e-15
6253.05 1.9031179999999996e-15
6254.57 1.92557e-15
6256.09 1.9480499999999998e-15
6257.61 1.966022e-15
6259.13 1.991566e-15
6260.65 2.0087320000000002e-15
6262.17 2.013642e-15
6263.69 2.014426e-15
6265.21 2.023486e-15
6266.73 2.023844e-15
6268.25 2.031828e-15
6269.77 2.0421359999999996e-15
6271.29 2.057492e-15
6272.81 2.067928e-15
6274.33 2.074108e-15
6275.85 2.061842e-15
6277.38 2.049148e-15
6278.9 2.037908e-15
6280.42 2.024492e-15
6281.94 2.0198720000000003e-15
6283.46 2.032546e-15
6284.98 2.0447119999999997e-15
6286.5 2.054452e-15
6288.02 2.06776e-15
6289.54 2.0708820000000003e-15
6291.06 2.06464e-15
6292.58 2.0636980000000003e-15
6294.1 2.058442e-15
6295.62 2.0546200000000002e-15
6297.14 2.056746e-15
6298.66 2.066262e-15
6300.18 2.0689699999999998e-15
6301.7 2.0710539999999997e-15
6303.22 2.0701599999999997e-15
6304.74 2.0671e-15
6306.26 2.061004e-15
6307.78 2.06071e-15
6309.3 2.064588e-15
6310.82 2.0699900000000003e-15
6312.34 2.074348e-15
6313.86 2.065126e-15
6315.38 2.0447799999999997e-15
6316.9 2.024786e-15
6318.42 2.0020300000000003e-15
6319.94 1.9782739999999998e-15
6321.46 1.9588599999999996e-15
6322.98 1.938982e-15
6324.5 1.912344e-15
6326.02 1.878354e-15
6327.54 1.8399699999999998e-15
6329.06 1.807204e-15
6330.58 1.7862439999999997e-15
6332.1 1.781212e-15
6333.62 1.800478e-15
6335.14 1.836398e-15
6336.66 1.873398e-15
6338.18 1.90344e-15
6339.7 1.922526e-15
6341.22 1.9267620000000002e-15
6342.74 1.918556e-15
6344.26 1.909878e-15
6345.78 1.90651e-15
6347.3 1.9030479999999996e-15
6348.82 1.8965799999999997e-15
6350.34 1.89186e-15
6351.86 1.888006e-15
6353.38 1.8818200000000003e-15
6354.9 1.8774460000000005e-15
6356.42 1.879976e-15
6357.94 1.88229e-15
6359.46 1.88332e-15
6360.98 1.8847620000000003e-15
6362.5 1.887434e-15
6364.02 1.8854859999999997e-15
6365.54 1.882002e-15
6367.06 1.880018e-15
6368.58 1.876274e-15
6370.1 1.872364e-15
6371.62 1.870304e-15
6373.14 1.873224e-15
6374.66 1.871336e-15
6376.18 1.861574e-15
6377.7 1.8479860000000002e-15
6379.22 1.828866e-15
6380.74 1.80571e-15
6382.26 1.7793759999999997e-15
6383.78 1.756554e-15
6385.3 1.73653e-15
6386.82 1.7238700000000001e-15
6388.34 1.711334e-15
6389.86 1.6924740000000001e-15
6391.38 1.671178e-15
6392.9 1.6478360000000001e-15
6394.42 1.6231940000000001e-15
6395.94 1.5926040000000002e-15
6397.46 1.566242e-15
6398.98 1.5416639999999998e-15
6400.5 1.5140480000000002e-15
6402.02 1.476514e-15
6403.54 1.437994e-15
6405.06 1.402084e-15
6406.58 1.369414e-15
6408.1 1.33728e-15
6409.62 1.3073299999999999e-15
6411.14 1.276172e-15
6412.66 1.2424379999999999e-15
6414.18 1.2072600000000002e-15
6415.7 1.174816e-15
6417.22 1.148768e-15
6418.74 1.12774e-15
6420.26 1.1095460000000002e-15
6421.78 1.0939159999999998e-15
6423.3 1.081464e-15
6424.82 1.0677019999999998e-15
6426.34 1.0550119999999998e-15
6427.86 1.048974e-15
6429.38 1.047786e-15
6430.9 1.041822e-15
6432.42 1.0297318000000001e-15
6433.94 1.0189226000000001e-15
6435.46 1.0071720000000002e-15
6436.98 9.93538e-16
6438.5 9.836082000000001e-16
6440.02 9.807382e-16
6441.54 9.78158e-16
6443.06 9.741274e-16
6444.58 9.692660000000002e-16
6446.1 9.610448e-16
6447.62 9.491032e-16
6449.14 9.384112000000002e-16
6450.66 9.289958e-16
6452.18 9.188422000000002e-16
6453.7 9.082174e-16
6455.22 8.968208e-16
6456.74 8.859586000000002e-16
6458.26 8.742205999999999e-16
6459.78 8.595689999999999e-16
6461.3 8.4721e-16
6462.82 8.385792e-16
6464.34 8.294893999999999e-16
6465.86 8.212767999999999e-16
6467.38 8.167866e-16
6468.9 8.133398e-16
6470.42 8.09427e-16
6471.94 8.083421999999999e-16
6473.46 8.1171920000000005e-16
6474.98 8.172162e-16
6476.5 8.22908e-16
6478.02 8.278654e-16
6479.54 8.290384e-16
6481.06 8.258916e-16
6482.58 8.266732000000001e-16
6484.1 8.298152e-16
6485.62 8.36219e-16
6487.14 8.452968e-16
6488.66 8.526091999999999e-16
6490.18 8.55125e-16
6491.7 8.580698e-16
6493.22 8.626328000000001e-16
6494.74 8.71975e-16
6496.26 8.861612e-16
6497.78 9.037338e-16
6499.3 9.233904e-16
6500.82 9.42999e-16
6502.34 9.621262e-16
6503.86 9.838346e-16
6505.38 1.0082123999999998e-15
6506.9 1.0359768e-15
6508.42 1.063486e-15
6509.94 1.084718e-15
6511.46 1.1098320000000002e-15
6512.98 1.1363199999999999e-15
6514.5 1.160646e-15
6516.02 1.194016e-15
6517.54 1.238454e-15
6519.06 1.2772439999999999e-15
6520.58 1.316826e-15
6522.1 1.3665e-15
6523.62 1.42048e-15
6525.14 1.4780560000000001e-15
6526.66 1.545962e-15
6528.18 1.6231340000000003e-15
6529.7 1.7018100000000001e-15
6531.22 1.782862e-15
6532.74 1.872708e-15
6534.26 1.9696000000000003e-15
6535.78 2.0672859999999996e-15
6537.3 2.1681139999999997e-15
6538.82 2.267802e-15
6540.34 2.3681579999999998e-15
6541.86 2.46968e-15
6543.38 2.568064e-15
6544.9 2.662996e-15
6546.42 2.755722e-15
6547.94 2.838544e-15
6549.46 2.911058e-15
6550.98 2.9792680000000004e-15
6552.5 3.046712e-15
6554.02 3.1196360000000003e-15
6555.54 3.196498e-15
6557.06 3.2702860000000005e-15
6558.58 3.33509e-15
6560.1 3.393674e-15
6561.62 3.443302e-15
6563.14 3.4831820000000004e-15
6564.66 3.5217180000000003e-15
6566.18 3.56558e-15
6567.7 3.60838e-15
6569.22 3.645552e-15
6570.74 3.681278e-15
6572.26 3.7137040000000004e-15
6573.78 3.738134e-15
6575.3 3.7550520000000006e-15
6576.82 3.769354e-15
6578.34 3.781186e-15
6579.86 3.792308e-15
6581.38 3.807078e-15
6582.9 3.8249300000000004e-15
6584.42 3.8460660000000005e-15
6585.94 3.8696439999999996e-15
6587.46 3.891916e-15
6588.98 3.9122379999999994e-15
6590.5 3.928336e-15
6592.02 3.940134e-15
6593.54 3.952798e-15
6595.06 3.965768000000001e-15
6596.58 3.9768780000000004e-15
6598.1 3.990286e-15
6599.62 4.000084e-15
6601.14 4.001262e-15
6602.66 3.997709999999999e-15
6604.18 3.995778e-15
6605.7 4.003542e-15
6607.22 4.025746e-15
6608.74 4.0541020000000006e-15
6610.26 4.080954e-15
6611.78 4.097916000000001e-15
6613.3 4.089866e-15
6614.82 4.060002e-15
6616.34 4.02434e-15
6617.86 3.9959680000000005e-15
6619.38 3.9758579999999995e-15
6620.9 3.96498e-15
6622.42 3.959386e-15
6623.94 3.954666e-15
6625.46 3.94406e-15
6626.98 3.928792e-15
6628.5 3.915082e-15
6630.02 3.9055379999999995e-15
6631.54 3.89468e-15
6633.06 3.881984e-15
6634.58 3.866644e-15
6636.1 3.845648e-15
6637.62 3.8216000000000004e-15
6639.14 3.797754e-15
6640.66 3.775296e-15
6642.18 3.7615200000000004e-15
6643.7 3.751324e-15
6645.22 3.734726e-15
6646.74 3.71211e-15
6648.26 3.688500000000001e-15
6649.78 3.652904e-15
6651.3 3.618138e-15
6652.82 3.5904519999999994e-15
6654.34 3.561794e-15
6655.86 3.5423559999999998e-15
6657.38 3.534888e-15
6658.9 3.5192979999999998e-15
6660.42 3.4971640000000003e-15
6661.94 3.4742039999999996e-15
6663.46 3.4447459999999997e-15
6664.98 3.419648e-15
6666.5 3.4070779999999997e-15
6668.02 3.3930980000000002e-15
6669.54 3.0302639999999997e-15
6671.06 2.3534099999999997e-15
6672.58 1.6714139999999998e-15
6674.1 9.887359999999999e-16
6675.62 3.15328e-16
6677.14 0.0
6678.66 0.0
6680.18 0.0
6681.7 0.0
6683.22 0.0
6684.74 0.0
6686.26 0.0
6687.78 0.0
6689.3 0.0
6690.82 0.0
6692.34 0.0
6693.86 0.0
6695.38 0.0
6696.9 0.0
6698.42 0.0
6699.94 0.0
6701.46 0.0
6702.98 0.0
6704.5 0.0
6706.02 0.0
6707.54 0.0
6709.06 0.0
6710.58 0.0
6712.1 0.0
6713.62 0.0
6715.14 0.0
6716.66 0.0
6718.18 0.0
6719.7 0.0
6721.22 0.0
6722.74 0.0
6724.26 0.0
6725.78 0.0
6727.3 0.0
6728.82 0.0
6730.34 0.0
6731.86 0.0
6733.38 0.0
6734.9 0.0
6736.42 0.0
6737.94 0.0
6739.46 0.0
6740.98 0.0
6742.5 5.84418e-16
6744.02 1.10987e-15
6745.54 1.631896e-15
6747.06 2.145434e-15
6748.58 2.656824e-15
6750.1 2.588e-15
6751.62 2.577262e-15
6753.14 2.56922e-15
6754.66 2.567942e-15
6756.18 2.56028e-15
6757.7 2.5433939999999998e-15
6759.22 2.531072e-15
6760.74 2.518684e-15
6762.26 2.502616e-15
6763.78 2.493284e-15
6765.3 2.49003e-15
6766.82 2.483672e-15
6768.34 2.470746e-15
6769.86 2.4586760000000003e-15
6771.38 2.4517579999999998e-15
6772.9 2.439532e-15
6774.42 2.421322e-15
6775.94 2.4102360000000002e-15
6777.46 2.40243e-15
6778.98 2.394022e-15
6780.5 2.393804e-15
6782.02 2.394632e-15
6783.54 2.388768e-15
6785.06 2.379822e-15
6786.58 2.369164e-15
6788.1 2.357604e-15
6789.62 2.3517359999999998e-15
6791.14 2.353036e-15
6792.66 2.352604e-15
6794.18 2.346756e-15
6795.7 2.33862e-15
6797.22 2.32919e-15
6798.74 2.3213820000000003e-15
6800.26 2.318684e-15
6801.78 2.315596e-15
6803.3 2.308374e-15
6804.82 2.302984e-15
6806.34 2.298792e-15
6807.86 2.295174e-15
6809.38 2.2918900000000003e-15
6810.9 2.285108e-15
6812.42 2.272264e-15
6813.94 2.2576680000000002e-15
6815.46 2.2439120000000002e-15
6816.98 2.2308420000000002e-15
6818.5 2.224674e-15
6820.02 2.2236780000000002e-15
6821.54 2.219856e-15
6823.06 2.218516e-15
6824.58 2.222746e-15
6826.1 2.225774e-15
6827.62 2.229818e-15
6829.14 2.23036e-15
6830.66 2.224542e-15
6832.18 2.219004e-15
6833.7 2.21274e-15
6835.22 2.203372e-15
6836.74 2.2008580000000004e-15
6838.26 2.204122e-15
6839.78 2.2083e-15
6841.3 2.211816e-15
6842.82 2.219544e-15
6844.34 2.2286079999999997e-15
6845.86 2.2332879999999996e-15
6847.38 2.230452e-15
6848.9 2.2303160000000002e-15
6850.42 2.2263339999999997e-15
6851.94 2.21555e-15
6853.46 2.213338e-15
6854.98 2.213558e-15
6856.5 2.2116e-15
6858.02 2.212262e-15
6859.54 2.2127359999999997e-15
6861.06 2.206994e-15
6862.58 2.2022219999999998e-15
6864.1 2.192482e-15
6865.62 2.156334e-15
6867.14 2.08656e-15
6868.66 1.986518e-15
6870.18 1.878724e-15
6871.7 1.790204e-15
6873.22 1.73566e-15
6874.74 1.727896e-15
6876.26 1.76525e-15
6877.78 1.822872e-15
6879.3 1.8782800000000002e-15
6880.82 1.9406180000000003e-15
6882.34 2.0032640000000002e-15
6883.86 2.041608e-15
6885.38 2.05634e-15
6886.9 2.050822e-15
6888.42 2.0265080000000002e-15
6889.94 1.99604e-15
6891.46 1.970348e-15
6892.98 1.9583740000000004e-15
6894.5 1.960006e-15
6896.02 1.9689820000000003e-15
6897.54 1.977836e-15
6899.06 1.9913619999999997e-15
6900.58 2.002262e-15
6902.1 2.00937e-15
6903.62 2.017566e-15
6905.14 2.026756e-15
6906.66 2.0326060000000004e-15
6908.18 2.03989e-15
6909.7 2.0496979999999997e-15
6911.22 2.0562660000000005e-15
6912.74 2.062432e-15
6914.26 2.072288e-15
6915.78 2.08523e-15
6917.3 2.0953220000000003e-15
6918.82 2.0994459999999998e-15
6920.34 2.101482e-15
6921.86 2.1044699999999997e-15
6923.38 2.102696e-15
6924.9 2.10032e-15
6926.42 2.102536e-15
6927.94 2.1030219999999996e-15
6929.46 2.103808e-15
6930.98 2.1095720000000005e-15
6932.5 2.11499e-15
6934.02 2.1155960000000002e-15
6935.54 2.115832e-15
6937.06 2.116778e-15
6938.58 2.113826e-15
6940.1 2.108564e-15
6941.62 2.1042839999999996e-15
6943.14 2.098134e-15
6944.66 2.0910639999999998e-15
6946.18 2.086984e-15
6947.7 2.0859619999999997e-15
6949.22 2.086778e-15
6950.74 2.090138e-15
6952.26 2.093396e-15
6953.78 2.095974e-15
6955.3 2.098792e-15
6956.82 2.0990480000000004e-15
6958.34 2.093858e-15
6959.86 2.0827879999999996e-15
6961.38 2.069004e-15
6962.9 2.057758e-15
6964.42 2.05134e-15
6965.94 2.0494019999999998e-15
6967.46 2.0487660000000003e-15
6968.98 2.044854e-15
6970.5 2.039944e-15
6972.02 2.037066e-15
6973.54 2.035798e-15
6975.06 2.0375279999999998e-15
6976.58 2.0406919999999997e-15
6978.1 2.0387480000000002e-15
6979.62 2.0341259999999997e-15
6981.14 2.029702e-15
6982.66 2.022962e-15
6984.18 2.016764e-15
6985.7 2.0146319999999998e-15
6987.22 2.011682e-15
6988.74 2.00957e-15
6990.26 2.008972e-15
6991.78 2.0083420000000002e-15
6993.3 2.00952e-15
6994.82 2.01118e-15
6996.34 2.013464e-15
6997.86 2.0230759999999997e-15
6999.38 2.037874e-15
7000.9 2.053434e-15
7002.42 2.069088e-15
7003.94 2.079906e-15
7005.46 2.0880140000000002e-15
7006.98 2.0976499999999997e-15
7008.5 2.102218e-15
7010.02 2.106626e-15
7011.54 2.1158e-15
7013.06 2.121948e-15
7014.58 2.122932e-15
7016.1 2.1273219999999997e-15
7017.62 2.13178e-15
7019.14 2.1312299999999997e-15
7020.66 2.1335580000000003e-15
7022.18 2.1407000000000003e-15
7023.7 2.1473e-15
7025.22 2.15325e-15
7026.74 2.1614600000000002e-15
7028.26 2.166112e-15
7029.78 2.168866e-15
7031.3 2.1722679999999997e-15
7032.82 2.175804e-15
7034.34 2.180458e-15
7035.86 2.18239e-15
7037.38 2.17925e-15
7038.9 2.17536e-15
7040.42 2.174602e-15
7041.94 2.1751540000000003e-15
7043.46 2.179116e-15
7044.98 2.1856100000000004e-15
7046.5 2.18995e-15
7048.02 2.19197e-15
7049.54 2.188664e-15
7051.06 2.180826e-15
7052.58 2.1785359999999996e-15
7054.1 2.182796e-15
7055.62 2.181932e-15
7057.15 2.182152e-15
7058.67 2.18769e-15
7060.19 2.1863780000000002e-15
7061.71 2.18007e-15
7063.23 2.17913e-15
7064.75 2.17496e-15
7066.27 2.1689780000000004e-15
7067.79 2.168634e-15
7069.31 2.1710600000000002e-15
7070.83 2.171314e-15
7072.35 2.173782e-15
7073.87 2.1742039999999998e-15
7075.39 2.167172e-15
7076.91 2.158208e-15
7078.43 2.15229e-15
7079.95 2.150912e-15
7081.47 2.155322e-15
7082.99 2.1583539999999997e-15
7084.51 2.159268e-15
7086.03 2.1599619999999997e-15
7087.55 2.15673e-15
7089.07 2.1489159999999998e-15
7090.59 2.147078e-15
7092.11 2.146274e-15
7093.63 2.1422079999999997e-15
7095.15 2.1425539999999997e-15
7096.67 2.142848e-15
7098.19 2.1429459999999998e-15
7099.71 2.1416599999999998e-15
7101.23 2.1373000000000002e-15
7102.75 2.133948e-15
7104.27 2.134438e-15
7105.79 2.1305060000000003e-15
7107.31 2.1266420000000002e-15
7108.83 2.1262e-15
7110.35 2.119816e-15
7111.87 2.1142039999999996e-15
7113.39 2.1139239999999995e-15
7114.91 2.114434e-15
7116.43 2.114114e-15
7117.95 2.117918e-15
7119.47 2.1151900000000004e-15
7120.99 2.1102419999999998e-15
7122.51 2.108046e-15
7124.03 2.1064499999999997e-15
7125.55 2.10269e-15
7127.07 2.10547e-15
7128.59 2.1076980000000003e-15
7130.11 2.109006e-15
7131.63 2.112184e-15
7133.15 2.117506e-15
7134.67 2.117126e-15
7136.19 2.116474e-15
7137.71 2.113118e-15
7139.23 2.111826e-15
7140.75 2.1057179999999998e-15
7142.27 2.095404e-15
7143.79 2.089198e-15
7145.31 2.0881720000000002e-15
7146.83 2.086338e-15
7148.35 2.0886059999999998e-15
7149.87 2.0956119999999998e-15
7151.39 2.096626e-15
7152.91 2.095488e-15
7154.43 2.0932879999999997e-15
7155.95 2.088594e-15
7157.47 2.08105e-15
7158.99 2.074842e-15
7160.51 2.0693400000000002e-15
7162.03 2.0639680000000003e-15
7163.55 2.062218e-15
7165.07 2.059796e-15
7166.59 2.054648e-15
7168.11 2.044152e-15
7169.63 2.033248e-15
7171.15 2.01716e-15
7172.67 2.002604e-15
7174.19 1.9919059999999996e-15
7175.71 1.9848639999999997e-15
7177.23 1.975514e-15
7178.75 1.964778e-15
7180.27 1.9645119999999997e-15
7181.79 1.959476e-15
7183.31 1.94936e-15
7184.83 1.9335259999999996e-15
7186.35 1.920232e-15
7187.87 1.90916e-15
7189.39 1.903476e-15
7190.91 1.8992179999999997e-15
7192.43 1.898466e-15
7193.95 1.90535e-15
7195.47 1.911344e-15
7196.99 1.921572e-15
7198.51 1.931454e-15
7200.03 1.94387e-15
7201.55 1.949668e-15
7203.07 1.953012e-15
7204.59 1.954248e-15
7206.11 1.9585940000000002e-15
7207.63 1.9759800000000002e-15
7209.15 2.00577e-15
7210.67 2.031454e-15
7212.19 2.0534659999999998e-15
7213.71 2.0826579999999998e-15
7215.23 2.094772e-15
7216.75 2.094934e-15
7218.27 2.097496e-15
7219.79 2.105548e-15
7221.31 2.1058840000000003e-15
7222.83 2.10909e-15
7224.35 2.1133740000000003e-15
7225.87 2.1149820000000003e-15
7227.39 2.114114e-15
7228.91 2.117442e-15
7230.43 2.122448e-15
7231.95 2.117826e-15
7233.47 2.1038940000000004e-15
7234.99 2.088858e-15
7236.51 2.08093e-15
7238.03 2.0814700000000003e-15
7239.55 2.085302e-15
7241.07 2.0961e-15
7242.59 2.103716e-15
7244.11 2.10098e-15
7245.63 2.096594e-15
7247.15 2.09934e-15
7248.67 2.108034e-15
7250.19 2.1131339999999998e-15
7251.71 2.1081739999999998e-15
7253.23 2.099646e-15
7254.75 2.0940479999999997e-15
7256.27 2.087656e-15
7257.79 2.085834e-15
7259.31 2.0957699999999997e-15
7260.83 2.1058539999999998e-15
7262.35 2.104716e-15
7263.87 2.092318e-15
7265.39 2.081226e-15
7266.91 2.071786e-15
7268.43 2.06583e-15
7269.95 2.068942e-15
7271.47 2.071994e-15
7272.99 2.071814e-15
7274.51 2.055656e-15
7276.03 2.0238000000000003e-15
7277.55 1.994408e-15
7279.07 1.9822280000000002e-15
7280.59 1.98506e-15
7282.11 2.004352e-15
7283.63 2.034996e-15
7285.15 2.059792e-15
7286.67 2.07046e-15
7288.19 2.0670239999999995e-15
7289.71 2.062726e-15
7291.23 2.0580159999999998e-15
7292.75 2.0585399999999997e-15
7294.27 2.069822e-15
7295.79 2.0883979999999997e-15
7297.31 2.107342e-15
7298.83 2.1256e-15
7300.35 2.1366600000000003e-15
7301.87 2.141028e-15
7303.39 2.140124e-15
7304.91 2.1373139999999997e-15
7306.43 2.14323e-15
7307.95 2.1539699999999998e-15
7309.47 2.162496e-15
7310.99 2.17345e-15
7312.51 2.186006e-15
7314.03 2.1897939999999997e-15
7315.55 2.1936939999999996e-15
7317.07 2.1994300000000003e-15
7318.59 2.2050239999999998e-15
7320.11 2.208598e-15
7321.63 2.214688e-15
7323.15 2.221176e-15
7324.67 2.227438e-15
7326.19 2.2338500000000002e-15
7327.71 2.23769e-15
7329.23 2.243774e-15
7330.75 2.25112e-15
7332.27 2.2577380000000002e-15
7333.79 2.2615199999999997e-15
7335.31 2.26894e-15
7336.83 2.2701559999999997e-15
7338.35 2.266978e-15
7339.87 2.263902e-15
7341.39 2.268258e-15
7342.91 2.273656e-15
7344.43 2.278834e-15
7345.95 2.2808779999999997e-15
7347.47 2.286738e-15
7348.99 2.2844e-15
7350.51 2.2826519999999998e-15
7352.03 2.2818179999999996e-15
7353.55 2.2835360000000004e-15
7355.07 2.277192e-15
7356.59 2.280572e-15
7358.11 2.27796e-15
7359.63 2.269904e-15
7361.15 2.2667000000000003e-15
7362.67 2.271958e-15
7364.19 2.264392e-15
7365.71 2.26103e-15
7367.23 2.2655500000000003e-15
7368.75 2.268892e-15
7370.27 2.264992e-15
7371.79 2.2668919999999997e-15
7373.31 2.268154e-15
7374.83 2.265506e-15
7376.35 2.2628140000000002e-15
7377.87 2.2585319999999997e-15
7379.39 2.2499219999999997e-15
7380.91 2.241456e-15
7382.43 2.23745e-15
7383.95 2.22952e-15
7385.47 2.227218e-15
7386.99 2.225086e-15
7388.51 2.220514e-15
7390.03 2.2113519999999996e-15
7391.55 2.204822e-15
7393.07 2.2012739999999996e-15
7394.59 2.19502e-15
7396.11 2.193288e-15
7397.63 2.1881700000000002e-15
7399.15 2.1801279999999998e-15
7400.67 2.167622e-15
7402.19 2.161726e-15
7403.71 2.157976e-15
7405.23 2.155088e-15
7406.75 2.1507420000000003e-15
7408.27 2.14711e-15
7409.79 2.138122e-15
7411.31 2.119644e-15
7412.83 2.103634e-15
7414.35 2.096746e-15
7415.87 2.088512e-15
7417.39 2.086632e-15
7418.91 2.0857640000000003e-15
7420.43 2.0870960000000003e-15
7421.95 2.084808e-15
7423.47 2.082482e-15
7424.99 2.0778579999999998e-15
7426.51 2.0770059999999997e-15
7428.03 2.075438e-15
7429.55 2.072996e-15
7431.07 2.0766799999999997e-15
7432.59 2.0828960000000003e-15
7434.11 2.085954e-15
7435.63 2.085234e-15
7437.15 2.085318e-15
7438.67 2.0847040000000002e-15
7440.19 2.084688e-15
7441.71 2.083716e-15
7443.23 2.0874e-15
7444.75 2.0942640000000003e-15
7446.27 2.101458e-15
7447.79 2.106192e-15
7449.31 2.115016e-15
7450.83 2.123058e-15
7452.35 2.1274899999999998e-15
7453.87 2.126324e-15
7455.39 2.130756e-15
7456.91 2.1354559999999997e-15
7458.43 2.138182e-15
7459.95 2.143508e-15
7461.47 2.155452e-15
7462.99 2.1581959999999998e-15
7464.51 2.164212e-15
7466.03 2.171976e-15
7467.55 2.1786440000000003e-15
7469.07 2.1753100000000002e-15
7470.59 2.179662e-15
7472.11 2.1793139999999996e-15
7473.63 2.181328e-15
7475.15 2.185424e-15
7476.67 2.188494e-15
7478.19 2.182758e-15
7479.71 2.18122e-15
7481.23 2.17606e-15
7482.75 2.1633000000000003e-15
7484.27 2.16148e-15
7485.79 2.167308e-15
7487.31 2.167904e-15
7488.83 2.172242e-15
7490.35 2.17493e-15
7491.87 2.178278e-15
7493.39 2.183848e-15
7494.91 2.1922840000000003e-15
7496.43 2.198508e-15
7497.95 2.209894e-15
7499.47 2.211464e-15
7500.99 2.209222e-15
7502.51 2.2159160000000003e-15
7504.03 2.219834e-15
7505.55 2.218632e-15
7507.07 2.225604e-15
7508.59 2.233414e-15
7510.11 2.231468e-15
7511.63 2.231706e-15
7513.15 2.233052e-15
7514.67 2.23343e-15
7516.19 2.230972e-15
7517.71 2.227628e-15
7519.23 2.226228e-15
7520.75 2.228964e-15
7522.27 2.2316399999999997e-15
7523.79 2.2306339999999998e-15
7525.31 2.233678e-15
7526.83 2.232766e-15
7528.35 2.2277680000000003e-15
7529.87 2.2208e-15
7531.39 2.216676e-15
7532.91 2.210614e-15
7534.43 2.203904e-15
7535.95 2.20112e-15
7537.47 2.2012700000000004e-15
7538.99 2.202882e-15
7540.51 2.202486e-15
7542.03 2.204638e-15
7543.55 2.203414e-15
7545.07 2.1982279999999998e-15
7546.59 2.189102e-15
7548.11 2.187808e-15
7549.63 2.1858040000000002e-15
7551.15 2.189352e-15
7552.67 2.1933439999999995e-15
7554.19 2.200436e-15
7555.71 2.2020640000000002e-15
7557.23 2.2039080000000003e-15
7558.75 2.200572e-15
7560.27 2.197162e-15
7561.79 2.195e-15
7563.31 2.1890339999999997e-15
7564.83 2.184396e-15
7566.35 2.183226e-15
7567.87 2.185942e-15
7569.39 2.180618e-15
7570.91 2.179712e-15
7572.43 2.1746920000000003e-15
7573.95 2.17128e-15
7575.47 2.166092e-15
7576.99 2.165542e-15
7578.51 2.1626680000000005e-15
7580.03 2.16386e-15
7581.55 2.157848e-15
7583.07 2.1511e-15
7584.59 2.147406e-15
7586.11 2.1417759999999998e-15
7587.63 2.138444e-15
7589.15 2.133678e-15
7590.67 2.11937e-15
7592.19 2.0758440000000003e-15
7593.71 1.982812e-15
7595.23 1.830774e-15
7596.75 1.645084e-15
7598.27 1.4508460000000002e-15
7599.79 1.284174e-15
7601.31 1.154706e-15
7602.83 1.0740222e-15
7604.35 1.0274464e-15
7605.87 9.888502e-16
7607.39 9.33069e-16
7608.91 9.070954e-16
7610.43 9.039932e-16
7611.95 9.27353e-16
7613.47 9.814932e-16
7614.99 1.0908684e-15
7616.51 1.23214e-15
7618.03 1.390346e-15
7619.55 1.5216540000000003e-15
7621.07 1.594156e-15
7622.59 1.5939240000000001e-15
7624.11 1.5339279999999998e-15
7625.63 1.4331359999999998e-15
7627.15 1.338414e-15
7628.67 1.277902e-15
7630.19 1.249186e-15
7631.71 1.24232e-15
7633.23 1.2469499999999999e-15
7634.75 1.25013e-15
7636.27 1.263214e-15
7637.79 1.2875319999999999e-15
7639.31 1.307476e-15
7640.83 1.33607e-15
7642.35 1.37122e-15
7643.87 1.399524e-15
7645.39 1.430266e-15
7646.91 1.4649060000000001e-15
7648.43 1.4921260000000002e-15
7649.95 1.5131820000000001e-15
7651.47 1.5445360000000002e-15
7652.99 1.5742220000000002e-15
7654.51 1.58992e-15
7656.03 1.6125219999999999e-15
7657.55 1.651402e-15
7659.07 1.670278e-15
7660.59 1.6924119999999999e-15
7662.11 1.7235920000000001e-15
7663.63 1.7464280000000002e-15
7665.15 1.744988e-15
7666.67 1.7612380000000002e-15
7668.19 1.781174e-15
7669.71 1.790946e-15
7671.23 1.79306e-15
7672.75 1.80817e-15
7674.27 1.8258320000000004e-15
7675.79 1.82122e-15
7677.31 1.820962e-15
7678.83 1.8322080000000002e-15
7680.35 1.839654e-15
7681.87 1.8334300000000003e-15
7683.39 1.83735e-15
7684.91 1.844298e-15
7686.43 1.8487859999999997e-15
7687.95 1.857522e-15
7689.47 1.87023e-15
7690.99 1.8836739999999998e-15
7692.51 1.9020060000000002e-15
7694.03 1.918472e-15
7695.55 1.925406e-15
7697.07 1.931486e-15
7698.59 1.93382e-15
7700.11 1.9322060000000002e-15
7701.63 1.930934e-15
7703.15 1.9332799999999997e-15
7704.67 1.933148e-15
7706.19 1.933942e-15
7707.71 1.933682e-15
7709.23 1.9320179999999998e-15
7710.75 1.9375e-15
7712.27 1.9366599999999998e-15
7713.79 1.9386140000000002e-15
7715.31 1.935868e-15
7716.83 1.918866e-15
7718.35 1.882242e-15
7719.87 1.8432219999999996e-15
7721.39 1.8023300000000002e-15
7722.91 1.7730559999999998e-15
7724.43 1.7516160000000002e-15
7725.95 1.740144e-15
7727.47 1.737888e-15
7728.99 1.7287180000000002e-15
7730.51 1.70806e-15
7732.03 1.6903880000000002e-15
7733.55 1.666236e-15
7735.07 1.6409900000000003e-15
7736.59 1.6162820000000001e-15
7738.11 1.590076e-15
7739.63 1.5630739999999998e-15
7741.15 1.5497119999999997e-15
7742.67 1.539712e-15
7744.19 1.537432e-15
7745.71 1.54064e-15
7747.23 1.5494979999999998e-15
7748.75 1.5597279999999998e-15
7750.27 1.5738419999999998e-15
7751.79 1.5863759999999999e-15
7753.31 1.5964419999999998e-15
7754.83 1.613196e-15
7756.35 1.630004e-15
7757.87 1.652788e-15
7759.39 1.677376e-15
7760.91 1.708656e-15
7762.43 1.731142e-15
7763.95 1.754852e-15
7765.47 1.773964e-15
7766.99 1.795496e-15
7768.51 1.813474e-15
7770.03 1.838294e-15
7771.55 1.8579879999999996e-15
7773.07 1.876826e-15
7774.59 1.8959e-15
7776.11 1.916868e-15
7777.63 1.93415e-15
7779.15 1.9551300000000003e-15
7780.67 1.9762860000000003e-15
7782.19 1.995302e-15
7783.71 2.015748e-15
7785.23 2.036836e-15
7786.75 2.054538e-15
7788.27 2.06983e-15
7789.79 2.084722e-15
7791.31 2.10035e-15
7792.83 2.113486e-15
7794.35 2.1303920000000003e-15
7795.88 2.144598e-15
7797.39 2.153332e-15
7798.92 2.156754e-15
7800.43 2.162942e-15
7801.96 2.164784e-15
7803.47 2.1684619999999998e-15
7805.0 2.176814e-15
7806.51 2.190094e-15
7808.04 2.202636e-15
7809.55 2.2191719999999998e-15
7811.08 2.23542e-15
7812.59 2.2487279999999997e-15
7814.12 2.25906e-15
7815.63 2.268976e-15
7817.16 2.2734260000000003e-15
7818.67 2.275664e-15
7820.2 2.279176e-15
7821.71 2.2829399999999996e-15
7823.24 2.283776e-15
7824.75 2.284896e-15
7826.28 2.2891340000000003e-15
7827.79 2.29372e-15
7829.32 2.2941480000000004e-15
7830.83 2.290734e-15
7832.36 2.2892040000000003e-15
7833.88 2.290064e-15
7835.4 2.289426e-15
7836.92 2.290064e-15
7838.44 2.2952139999999997e-15
7839.96 2.3004899999999996e-15
7841.48 2.301398e-15
7843.0 2.304454e-15
7844.52 2.30642e-15
7846.04 2.306634e-15
7847.56 2.3078679999999997e-15
7849.08 2.30731e-15
7850.6 2.305992e-15
7852.12 2.303668e-15
7853.64 2.30249e-15
7855.16 2.298782e-15
7856.68 2.2956739999999998e-15
7858.2 2.2923679999999998e-15
7859.72 2.28623e-15
7861.24 2.279288e-15
7862.76 2.26968e-15
7864.28 2.261052e-15
7865.8 2.2540019999999996e-15
7867.32 2.250418e-15
7868.84 2.25003e-15
7870.36 2.2533879999999997e-15
7871.88 2.2544080000000002e-15
7873.4 2.252002e-15
7874.92 2.251698e-15
7876.44 2.246288e-15
7877.96 2.238744e-15
7879.48 2.232472e-15
7881.0 2.224878e-15
7882.52 2.2181859999999998e-15
7884.04 2.2120740000000005e-15
7885.56 2.20628e-15
7887.08 2.201074e-15
7888.6 2.1972020000000003e-15
7890.12 2.194404e-15
7891.64 2.197214e-15
7893.16 2.197778e-15
7894.68 2.1956519999999997e-15
7896.2 2.1929599999999996e-15
7897.72 2.1898899999999998e-15
7899.24 2.182222e-15
7900.76 2.177628e-15
7902.28 2.1777e-15
7903.8 2.181982e-15
7905.32 2.183702e-15
7906.84 2.1836740000000003e-15
7908.36 2.1800079999999997e-15
7909.88 2.173584e-15
7911.4 2.166342e-15
7912.92 2.158372e-15
7914.44 2.155342e-15
7915.96 2.159042e-15
7917.48 2.1587939999999998e-15
7919.0 2.154258e-15
7920.52 2.1521559999999998e-15
7922.04 2.149068e-15
7923.56 2.1460419999999997e-15
7925.08 2.1460599999999996e-15
7926.6 2.1510539999999998e-15
7928.12 2.154292e-15
7929.64 2.15352e-15
7931.16 2.1463260000000002e-15
7932.68 2.1410179999999998e-15
7934.2 2.131732e-15
7935.72 2.125298e-15
7937.24 2.123914e-15
7938.76 2.123566e-15
7940.28 2.122838e-15
7941.8 2.1244620000000002e-15
7943.32 2.123768e-15
7944.84 2.121426e-15
7946.36 2.124884e-15
7947.88 2.1244260000000004e-15
7949.4 2.127486e-15
7950.92 2.1287079999999998e-15
7952.44 2.130208e-15
7953.96 2.129864e-15
7955.48 2.133912e-15
7957.0 2.128102e-15
7958.52 2.122846e-15
7960.04 2.120742e-15
7961.56 2.1122619999999998e-15
7963.08 2.106582e-15
7964.6 2.1034199999999998e-15
7966.12 2.103108e-15
7967.64 2.097876e-15
7969.16 2.100842e-15
7970.68 2.10355e-15
7972.2 2.10821e-15
7973.72 2.111696e-15
7975.24 2.116036e-15
7976.76 2.1126519999999998e-15
7978.28 2.108226e-15
7979.8 2.10166e-15
7981.32 2.098952e-15
7982.84 2.09277e-15
7984.36 2.091298e-15
7985.88 2.087684e-15
7987.4 2.089214e-15
7988.92 2.086602e-15
7990.44 2.088008e-15
7991.96 2.09135e-15
7993.48 2.09336e-15
7995.0 2.0924220000000002e-15
7996.52 2.095552e-15
7998.04 2.0981400000000002e-15
7999.56 2.099874e-15
8001.08 2.10522e-15
8002.6 2.110368e-15
8004.12 2.1087060000000002e-15
8005.64 2.111822e-15
8007.16 2.112678e-15
8008.68 2.109692e-15
8010.2 2.1089099999999998e-15
8011.72 2.112356e-15
8013.24 2.10864e-15
8014.76 2.1087080000000003e-15
8016.28 2.108768e-15
8017.8 2.107828e-15
8019.32 2.10701e-15
8020.84 2.112192e-15
8022.36 2.109348e-15
8023.88 2.112706e-15
8025.4 2.111746e-15
8026.92 2.1104619999999996e-15
8028.44 2.106496e-15
8029.96 2.110126e-15
8031.48 2.109894e-15
8033.0 2.1124239999999998e-15
8034.52 2.1133659999999998e-15
8036.04 2.1160979999999998e-15
8037.56 2.1176680000000003e-15
8039.08 2.11737e-15
8040.6 2.115398e-15
8042.12 2.112734e-15
8043.64 2.108314e-15
8045.16 2.1038719999999996e-15
8046.68 2.103792e-15
8048.2 2.10865e-15
8049.72 2.112388e-15
8051.24 2.1177299999999998e-15
8052.76 2.122594e-15
8054.28 2.11882e-15
8055.8 2.115378e-15
8057.32 2.116372e-15
8058.84 2.117484e-15
8060.36 2.117924e-15
8061.88 2.12337e-15
8063.4 2.1256739999999998e-15
8064.92 2.1255779999999997e-15
8066.44 2.123982e-15
8067.96 2.118196e-15
8069.48 2.1156e-15
8071.0 2.116258e-15
8072.52 2.116736e-15
8074.04 2.11566e-15
8075.56 2.116502e-15
8077.08 2.116138e-15
8078.6 2.1158280000000003e-15
8080.12 2.115096e-15
8081.64 2.113098e-15
8083.16 2.113064e-15
8084.68 2.1118199999999997e-15
8086.2 2.1077719999999996e-15
8087.72 2.10608e-15
8089.24 2.106382e-15
8090.76 2.1043399999999998e-15
8092.28 2.101798e-15
8093.8 2.1028459999999998e-15
8095.32 2.104216e-15
8096.84 2.1034480000000003e-15
8098.36 2.102292e-15
8099.88 2.09772e-15
8101.4 2.0902500000000004e-15
8102.92 2.0836919999999998e-15
8104.44 2.076882e-15
8105.96 2.07391e-15
8107.48 2.0767759999999997e-15
8109.0 2.0787000000000004e-15
8110.52 2.0786220000000003e-15
8112.04 2.079092e-15
8113.56 2.0776879999999996e-15
8115.08 2.0738859999999998e-15
8116.6 2.072492e-15
8118.12 2.0697e-15
8119.64 2.065694e-15
8121.16 2.06288e-15
8122.68 2.0605639999999998e-15
8124.2 2.0578959999999997e-15
8125.72 2.055082e-15
8127.24 2.054646e-15
8128.76 2.0537119999999996e-15
8130.28 2.050562e-15
8131.8 2.040532e-15
8133.32 2.025694e-15
8134.84 2.0119260000000003e-15
8136.36 1.999702e-15
8137.88 1.99264e-15
8139.4 1.988236e-15
8140.92 1.985086e-15
8142.44 1.978352e-15
8143.96 1.9695280000000002e-15
8145.48 1.9556380000000003e-15
8147.0 1.942612e-15
8148.52 1.92793e-15
8150.04 1.9150500000000002e-15
8151.56 1.898562e-15
8153.08 1.88259e-15
8154.6 1.866048e-15
8156.12 1.858204e-15
8157.64 1.8512960000000003e-15
8159.16 1.845674e-15
8160.68 1.8350459999999996e-15
8162.2 1.8211739999999996e-15
8163.72 1.80196e-15
8165.24 1.7928480000000003e-15
8166.76 1.789184e-15
8168.28 1.792594e-15
8169.8 1.798738e-15
8171.32 1.809762e-15
8172.84 1.8198520000000002e-15
8174.36 1.829342e-15
8175.88 1.82717e-15
8177.4 1.824268e-15
8178.92 1.812596e-15
8180.44 1.798198e-15
8181.96 1.7888480000000002e-15
8183.48 1.795826e-15
8185.0 1.8057679999999997e-15
8186.52 1.819292e-15
8188.04 1.818248e-15
8189.56 1.811792e-15
8191.08 1.802234e-15
8192.6 1.799202e-15
8194.12 1.801532e-15
8195.64 1.813496e-15
8197.16 1.824638e-15
8198.68 1.831076e-15
8200.2 1.837014e-15
8201.72 1.846944e-15
8203.24 1.8575200000000003e-15
8204.76 1.874518e-15
8206.28 1.891852e-15
8207.8 1.9022079999999998e-15
8209.32 1.901676e-15
8210.84 1.9013819999999998e-15
8212.36 1.892984e-15
8213.88 1.888384e-15
8215.4 1.8875580000000002e-15
8216.92 1.891138e-15
8218.44 1.8914860000000002e-15
8219.96 1.890824e-15
8221.48 1.889298e-15
8223.0 1.886954e-15
8224.52 1.8780960000000002e-15
8226.04 1.860058e-15
8227.56 1.835788e-15
8229.08 1.8101079999999997e-15
8230.6 1.795348e-15
8232.12 1.794524e-15
8233.64 1.81262e-15
8235.16 1.850914e-15
8236.68 1.8971759999999997e-15
8238.2 1.932156e-15
8239.72 1.961422e-15
8241.24 1.9801e-15
8242.76 1.987888e-15
8244.28 1.99207e-15
8245.8 1.996864e-15
8247.32 2.003528e-15
8248.84 2.014366e-15
8250.36 2.02755e-15
8251.88 2.036946e-15
8253.4 2.0448800000000002e-15
8254.92 2.04372e-15
8256.44 2.0365e-15
8257.96 2.0300660000000002e-15
8259.48 2.027786e-15
8261.0 2.030318e-15
8262.52 2.0427080000000004e-15
8264.04 2.0601279999999998e-15
8265.56 2.073886e-15
8267.08 2.0850540000000003e-15
8268.6 2.092118e-15
8270.12 2.092268e-15
8271.64 2.085298e-15
8273.16 2.074284e-15
8274.68 2.063812e-15
8276.2 2.054452e-15
8277.72 2.049464e-15
8279.24 1.962154e-15
8280.76 1.554822e-15
8282.28 1.145858e-15
8283.8 7.355420000000001e-16
8285.32 3.23624e-16
8286.84 0.0
8288.36 0.0
8289.88 0.0
8291.4 0.0
8292.92 0.0
8294.44 0.0
8295.96 0.0
8297.48 0.0
8299.0 0.0
8300.52 0.0
8302.04 0.0
8303.56 0.0
8305.08 0.0
8306.6 0.0
8308.12 0.0
8309.64 0.0
8311.16 0.0
8312.68 0.0
8314.2 0.0
8315.72 0.0
8317.24 0.0
8318.76 0.0
8320.28 0.0
8321.8 0.0
8323.32 0.0
8324.84 0.0
8326.36 0.0
8327.88 0.0
8329.4 0.0
8330.92 0.0
8332.44 0.0
8333.96 0.0
8335.48 0.0
8337.0 0.0
8338.52 0.0
8340.04 0.0
8341.56 0.0
8343.08 0.0
8344.6 0.0
8346.12 0.0
8347.64 0.0
8349.16 0.0
8350.68 3.99652e-16
8352.2 7.452640000000001e-16
8353.72 1.08528e-15
8355.24 1.41398e-15
8356.76 1.73436e-15
8358.28 1.647012e-15
8359.8 1.6060019999999999e-15
8361.32 1.5636540000000001e-15
8362.84 1.523816e-15
8364.36 1.4826740000000002e-15
8365.88 1.4395560000000002e-15
8367.4 1.3970139999999999e-15
8368.92 1.352206e-15
8370.44 1.3084279999999998e-15
8371.96 1.2664939999999999e-15
8373.48 1.22483e-15
8375.0 1.1813099999999999e-15
8376.52 1.138482e-15
8378.04 1.094632e-15
8379.56 1.048506e-15
8381.08 1.0054792e-15
8382.6 9.645524000000002e-16
8384.12 9.247928e-16
8385.64 8.874964e-16
8387.16 8.532065999999999e-16
8388.68 8.190164e-16
8390.2 7.911094e-16
8391.72 7.885730000000001e-16
8393.24 7.998553999999999e-16
8394.76 8.446751999999999e-16
8396.28 9.021382e-16
8397.8 9.55966e-16
8399.32 9.88642e-16
8400.84 1.0126538000000001e-15
8402.36 1.0080883999999999e-15
8403.88 9.950070000000001e-16
8405.4 9.834154000000002e-16
8406.92 9.730556e-16
8408.44 9.628371999999998e-16
8409.96 9.539692000000001e-16
8411.48 9.461354e-16
8413.0 9.305032e-16
8414.52 8.957854e-16
8416.04 8.969304e-16
8417.56 8.93657e-16
8419.08 8.904401999999999e-16
8420.6 8.878776e-16
8422.12 8.85551e-16
8423.64 8.735404e-16
8425.16 8.41476e-16
8426.68 8.472614e-16
8428.2 8.594516000000001e-16
8429.72 8.935557999999998e-16
8431.24 9.02445e-16
8432.76 9.369067999999999e-16
8434.28 9.357618000000001e-16
8435.8 9.39149e-16
8437.32 9.427439999999999e-16
8438.84 9.474868000000001e-16
8440.36 9.526532e-16
8441.88 9.592168e-16
8443.4 9.660406e-16
8444.92 9.715378e-16
8446.44 9.775893999999999e-16
8447.96 9.839782e-16
8449.48 9.898061999999999e-16
8451.0 9.970754e-16
8452.52 1.0058772e-15
8454.04 1.0151958e-15
8455.56 1.0252299999999999e-15
8457.08 1.035756e-15
8458.6 1.046644e-15
8460.12 1.058044e-15
8461.64 1.0701780000000001e-15
8463.16 1.0790799999999998e-15
8464.68 1.0670486e-15
8466.2 1.0229952e-15
8467.72 9.972449999999999e-16
8469.24 9.651598e-16
8470.76 9.355019999999998e-16
8472.28 9.15471e-16
8473.8 9.125484e-16
8475.32 8.969366e-16
8476.84 8.882252e-16
8478.36 8.839241999999999e-16
8479.88 8.966348e-16
8481.4 9.247706e-16
8482.92 9.496118000000001e-16
8484.44 9.738984000000002e-16
8485.96 1.0015692e-15
8487.48 1.028645e-15
8489.0 1.0541172e-15
8490.52 1.0779499999999999e-15
8492.04 1.106034e-15
8493.56 1.132672e-15
8495.08 1.1598e-15
8496.6 1.191428e-15
8498.12 1.226968e-15
8499.64 1.259298e-15
8501.16 1.287768e-15
8502.68 1.3169019999999998e-15
8504.2 1.34538e-15
8505.72 1.372002e-15
8507.24 1.3993239999999999e-15
8508.76 1.427666e-15
8510.28 1.451976e-15
8511.8 1.473416e-15
8513.32 1.491694e-15
8514.84 1.5109200000000001e-15
8516.36 1.5281299999999998e-15
8517.88 1.54164e-15
8519.4 1.555148e-15
8520.92 1.5690219999999998e-15
8522.44 1.578158e-15
8523.96 1.5841159999999997e-15
8525.48 1.591094e-15
8527.0 1.5984700000000001e-15
8528.52 1.6050319999999998e-15
8530.04 1.611004e-15
8531.56 1.62124e-15
8533.08 1.629604e-15
8534.6 1.631974e-15
8536.12 1.632976e-15
8537.64 1.63482e-15
8539.16 1.6322620000000003e-15
8540.68 1.6271999999999999e-15
8542.21 1.623776e-15
8543.72 1.6189600000000002e-15
8545.24 1.61024e-15
8546.76 1.6015140000000001e-15
8548.29 1.5956340000000001e-15
8549.8 1.59016e-15
8551.32 1.584298e-15
8552.84 1.579452e-15
8554.37 1.5747020000000002e-15
8555.88 1.56757e-15
8557.4 1.559472e-15
8558.92 1.5544880000000001e-15
8560.45 1.55023e-15
8561.96 1.5439720000000002e-15
8563.48 1.538112e-15
8565.0 1.532986e-15
8566.53 1.526382e-15
8568.04 1.5211259999999999e-15
8569.56 1.5166860000000001e-15
8571.08 1.515274e-15
8572.61 1.5156719999999999e-15
8574.12 1.514424e-15
8575.64 1.5147560000000001e-15
8577.17 1.51723e-15
8578.69 1.523432e-15
8580.21 1.530992e-15
8581.72 1.539772e-15
8583.25 1.547928e-15
8584.77 1.5576700000000003e-15
8586.29 1.56407e-15
8587.8 1.5667559999999998e-15
8589.33 1.570216e-15
8590.85 1.5742219999999998e-15
8592.37 1.5789699999999999e-15
8593.88 1.585896e-15
8595.41 1.595184e-15
8596.93 1.6027339999999998e-15
8598.45 1.6114759999999998e-15
8599.96 1.6218779999999998e-15
8601.49 1.6344179999999998e-15
8603.01 1.6443679999999997e-15
8604.53 1.663938e-15
8606.04 1.6859640000000002e-15
8607.57 1.70687e-15
8609.09 1.7270740000000001e-15
8610.61 1.756034e-15
8612.12 1.781594e-15
8613.65 1.808018e-15
8615.17 1.839332e-15
8616.69 1.871358e-15
8618.21 1.9050299999999997e-15
8619.73 1.9454660000000004e-15
8621.25 1.986892e-15
8622.77 2.029754e-15
8624.29 2.075858e-15
8625.81 2.1237080000000003e-15
8627.33 2.16969e-15
8628.85 2.218636e-15
8630.37 2.26988e-15
8631.89 2.3244039999999997e-15
8633.41 2.3815259999999998e-15
8634.93 2.43954e-15
8636.45 2.49563e-15
8637.97 2.554022e-15
8639.49 2.611612e-15
8641.01 2.6601660000000003e-15
8642.53 2.70675e-15
8644.05 2.75937e-15
8645.57 2.8078319999999998e-15
8647.09 2.8537060000000003e-15
8648.61 2.907268e-15
8650.13 2.9605839999999998e-15
8651.65 3.0068440000000002e-15
8653.17 3.0549420000000003e-15
8654.69 3.1078459999999997e-15
8656.21 3.157122e-15
8657.73 3.204944e-15
8659.25 3.2575619999999997e-15
8660.77 3.3078379999999997e-15
8662.29 3.3500339999999998e-15
8663.81 3.395134e-15
8665.33 3.444232e-15
8666.85 3.4859580000000003e-15
8668.37 3.5254859999999996e-15
8669.89 3.5670579999999996e-15
8671.41 3.602252e-15
8672.93 3.631848e-15
8674.45 3.661661999999999e-15
8675.97 3.688724e-15
8677.49 3.711048e-15
8679.01 3.7233820000000006e-15
8680.53 3.723104e-15
8682.05 3.71558e-15
8683.57 3.7057739999999995e-15
8685.09 3.70686e-15
8686.61 3.7266659999999994e-15
8688.13 3.768304e-15
8689.65 3.82396e-15
8691.17 3.884268e-15
8692.69 3.9372160000000004e-15
8694.21 3.979745999999999e-15
8695.73 4.009232e-15
8697.25 4.028902e-15
8698.77 4.048152e-15
8700.29 4.063054e-15
8701.81 4.077549999999999e-15
8703.33 4.088684e-15
8704.85 4.099918e-15
8706.37 4.106e-15
8707.89 4.108244e-15
8709.41 4.110314e-15
8710.93 4.121572e-15
8712.45 4.1308580000000006e-15
8713.97 4.1431099999999996e-15
8715.49 4.158640000000001e-15
8717.01 4.172272e-15
8718.53 4.180766e-15
8720.05 4.196188e-15
8721.57 4.212552e-15
8723.09 4.23074e-15
8724.61 4.249484e-15
8726.13 4.265054e-15
8727.65 4.271298e-15
8729.17 4.2755640000000005e-15
8730.69 4.273218e-15
8732.21 4.268390000000001e-15
8733.73 4.2633539999999994e-15
8735.25 4.263574000000001e-15
8736.77 4.26205e-15
8738.29 4.259542e-15
8739.81 4.256664e-15
8741.33 4.259956000000001e-15
8742.85 4.2575340000000004e-15
8744.37 4.2510499999999995e-15
8745.89 4.249676e-15
8747.41 4.247721999999999e-15
8748.93 4.239688e-15
8750.45 4.233514e-15
8751.97 4.232114e-15
8753.49 4.227948e-15
8755.01 4.224882e-15
8756.53 4.219956e-15
8758.05 4.211508e-15
8759.57 4.200712e-15
8761.09 4.189622e-15
8762.61 4.176752e-15
8764.13 4.1661619999999995e-15
8765.65 4.157153999999999e-15
8767.17 4.1437939999999995e-15
8768.69 4.129604e-15
8770.21 4.116108e-15
8771.73 4.1003060000000005e-15
8773.25 4.084118000000001e-15
8774.77 4.0704540000000006e-15
8776.29 4.055752e-15
8777.81 4.038334e-15
8779.33 4.0244e-15
8780.85 4.011236e-15
8782.37 3.992494e-15
8783.89 3.974062e-15
8785.41 3.9616340000000005e-15
8786.93 3.943838e-15
8788.45 3.925516e-15
8789.97 3.918367999999999e-15
8791.49 3.910918e-15
8793.01 3.896108e-15
8794.53 3.880734e-15
8796.05 3.864216e-15
8797.57 3.8439100000000006e-15
8799.09 3.820932e-15
8800.61 3.7999500000000005e-15
8802.13 3.785658e-15
8803.65 3.773878e-15
8805.17 3.756006e-15
8806.69 3.742940000000001e-15
8808.21 3.727772e-15
8809.73 3.709436e-15
8811.25 3.6880459999999996e-15
8812.77 3.672332e-15
8814.29 3.6562839999999996e-15
8815.81 3.6394199999999995e-15
8817.33 3.621336e-15
8818.85 3.607458e-15
8820.37 3.585637999999999e-15
8821.89 3.558912e-15
8823.41 3.53696e-15
8824.93 3.5110299999999998e-15
8826.45 3.479032e-15
8827.97 3.4524e-15
8829.49 3.434772e-15
8831.01 3.4140760000000004e-15
8832.53 3.3968680000000003e-15
8834.05 3.380524e-15
8835.57 3.365468e-15
8837.09 3.348112e-15
8838.61 3.3336860000000003e-15
8840.13 3.3186200000000003e-15
8841.65 3.3041579999999996e-15
8843.17 3.285204e-15
8844.69 3.26455e-15
8846.21 3.244076e-15
8847.73 3.227938e-15
8849.25 3.212918e-15
8850.77 3.20011e-15
8852.29 3.1867040000000004e-15
8853.81 3.1764719999999998e-15
8855.33 3.164104e-15
8856.85 3.148054e-15
8858.37 3.1284120000000003e-15
8859.89 3.10591e-15
8861.41 3.074106e-15
8862.93 3.0348320000000005e-15
8864.45 2.995912e-15
8865.97 2.9585760000000004e-15
8867.49 2.9190440000000003e-15
8869.01 2.8805960000000002e-15
8870.53 2.8441020000000002e-15
8872.05 2.807366e-15
8873.57 2.770014e-15
8875.09 2.734574e-15
8876.61 2.700572e-15
8878.13 2.6654299999999996e-15
8879.65 2.630448e-15
8881.17 2.595766e-15
8882.69 2.561886e-15
8884.21 2.529472e-15
8885.73 2.4986419999999996e-15
8887.25 2.470694e-15
8888.77 2.446584e-15
8890.29 2.4225720000000003e-15
8891.81 2.401222e-15
8893.33 2.385078e-15
8894.85 2.37212e-15
8896.37 2.3592500000000002e-15
8897.89 2.3510439999999997e-15
8899.41 2.342732e-15
8900.93 2.335536e-15
8902.45 2.333064e-15
8903.97 2.33623e-15
8905.49 2.3408120000000003e-15
8907.01 2.351764e-15
8908.53 2.36328e-15
8910.05 2.368032e-15
8911.57 2.374096e-15
8913.09 2.3818819999999996e-15
8914.61 2.3835480000000002e-15
8916.13 2.388258e-15
8917.65 2.399222e-15
8919.17 2.406498e-15
8920.69 2.413742e-15
8922.21 2.422768e-15
8923.73 2.430848e-15
8925.25 2.4391080000000003e-15
8926.77 2.448018e-15
8928.29 2.453664e-15
8929.81 2.4579459999999996e-15
8931.33 2.460412e-15
8932.85 2.4622039999999997e-15
8934.37 2.463762e-15
8935.89 2.467464e-15
8937.41 2.476998e-15
8938.93 2.489276e-15
8940.45 2.498412e-15
8941.97 2.5044120000000004e-15
8943.49 2.50841e-15
8945.01 2.511112e-15
8946.53 2.512396e-15
8948.05 2.5141339999999998e-15
8949.57 2.5185760000000003e-15
8951.09 2.521652e-15
8952.61 2.518506e-15
8954.13 2.51338e-15
8955.65 2.5103980000000003e-15
8957.17 2.512372e-15
8958.69 2.5216919999999998e-15
8960.21 2.532128e-15
8961.73 2.533632e-15
8963.25 2.525382e-15
8964.77 2.5137280000000003e-15
8966.29 2.504592e-15
8967.81 2.502288e-15
8969.33 2.505992e-15
8970.85 2.510448e-15
8972.37 2.51002e-15
8973.89 2.50317e-15
8975.41 2.497014e-15
8976.93 2.496558e-15
8978.45 2.4978760000000002e-15
8979.97 2.496774e-15
8981.49 2.493844e-15
8983.01 2.491232e-15
8984.53 2.4864220000000003e-15
8986.05 2.473506e-15
8987.57 2.448536e-15
8989.09 2.417086e-15
8990.61 2.383494e-15
8992.13 2.362378e-15
8993.65 2.375158e-15
8995.17 2.4252719999999997e-15
8996.69 2.484862e-15
8998.21 2.526164e-15
8999.73 2.53924e-15
9001.25 2.525128e-15
9002.77 2.4896560000000002e-15
9004.29 2.4550680000000002e-15
9005.81 2.438366e-15
9007.33 2.437826e-15
9008.85 2.440764e-15
9010.37 2.445062e-15
9011.89 2.4455299999999997e-15
9013.41 2.4385259999999997e-15
9014.93 2.419216e-15
9016.45 2.387912e-15
9017.97 2.355738e-15
9019.49 2.333858e-15
9021.01 2.31383e-15
9022.53 2.29064e-15
9024.05 2.27456e-15
9025.57 2.259118e-15
9027.09 2.23834e-15
9028.61 2.2199100000000002e-15
9030.13 2.215278e-15
9031.65 2.21928e-15
9033.17 2.226516e-15
9034.69 2.2301100000000003e-15
9036.21 2.2289880000000003e-15
9037.73 2.2240199999999998e-15
9039.25 2.2152280000000003e-15
9040.77 2.196218e-15
9042.29 2.168888e-15
9043.81 2.145114e-15
9045.33 2.12605e-15
9046.85 2.1068859999999997e-15
9048.37 2.0927660000000002e-15
9049.89 2.0824160000000003e-15
9051.41 2.0680739999999998e-15
9052.93 2.0514480000000002e-15
9054.45 2.0396000000000002e-15
9055.97 2.031934e-15
9057.49 2.025396e-15
9059.01 2.0190399999999998e-15
9060.53 2.012402e-15
9062.05 2.004416e-15
9063.57 1.99796e-15
9065.09 1.999072e-15
9066.61 2.006098e-15
9068.13 2.0108000000000003e-15
9069.65 2.008274e-15
9071.17 2.000056e-15
9072.69 1.991176e-15
9074.21 1.99213e-15
9075.73 2.012438e-15
9077.25 2.043214e-15
9078.77 2.0690960000000004e-15
9080.29 2.085664e-15
9081.81 2.096478e-15
9083.33 2.107718e-15
9084.85 2.1209740000000003e-15
9086.37 2.1377800000000002e-15
9087.89 2.164922e-15
9089.41 2.195348e-15
9090.93 2.21853e-15
9092.45 2.241082e-15
9093.97 2.2698160000000002e-15
9095.49 2.3015360000000002e-15
9097.01 2.32874e-15
9098.53 2.343586e-15
9100.05 2.347932e-15
9101.57 2.357866e-15
9103.09 2.3719619999999996e-15
9104.61 2.3805319999999997e-15
9106.13 2.3904599999999998e-15
9107.65 2.413638e-15
9109.17 2.4401559999999997e-15
9110.69 2.465068e-15
9112.21 2.497068e-15
9113.73 2.532268e-15
9115.25 2.554248e-15
9116.77 2.5531700000000004e-15
9118.29 2.535142e-15
9119.81 2.52103e-15
9121.33 2.524376e-15
9122.85 2.5409420000000003e-15
9124.37 2.569524e-15
9125.89 2.60347e-15
9127.41 2.6204e-15
9128.93 2.6100500000000003e-15
9130.45 2.590376e-15
9131.97 2.573558e-15
9133.49 2.55617e-15
9135.01 2.5395559999999997e-15
9136.53 2.533658e-15
9138.05 2.544604e-15
9139.57 2.5686519999999997e-15
9141.09 2.6004439999999998e-15
9142.61 2.639814e-15
9144.13 2.6799299999999997e-15
9145.65 2.707334e-15
9147.17 2.7161560000000003e-15
9148.69 2.7106579999999997e-15
9150.21 2.693172e-15
9151.73 2.659456e-15
9153.25 2.608216e-15
9154.77 2.5530480000000003e-15
9156.29 2.511994e-15
9157.81 2.4942080000000003e-15
9159.33 2.503866e-15
9160.85 2.5334239999999997e-15
9162.37 2.564598e-15
9163.89 2.587428e-15
9165.41 2.596164e-15
9166.93 2.585166e-15
9168.45 2.559528e-15
9169.97 2.5282900000000003e-15
9171.49 2.488348e-15
9173.01 2.4339640000000003e-15
9174.53 2.372174e-15
9176.05 2.3172900000000002e-15
9177.57 2.278914e-15
9179.09 2.258538e-15
9180.61 2.254552e-15
9182.13 2.255946e-15
9183.65 2.25294e-15
9185.17 2.2429240000000002e-15
9186.69 2.2267039999999997e-15
9188.21 2.213582e-15
9189.73 2.210164e-15
9191.25 2.2076099999999996e-15
9192.77 2.1961400000000002e-15
9194.29 2.17614e-15
9195.81 2.1525740000000003e-15
9197.33 2.1385999999999997e-15
9198.85 2.1392180000000004e-15
9200.37 2.14883e-15
9201.89 2.1635280000000002e-15
9203.41 2.177488e-15
9204.93 2.1791e-15
9206.45 2.17111e-15
9207.97 2.164576e-15
9209.49 2.1629259999999998e-15
9211.01 2.164546e-15
9212.53 2.167654e-15
9214.05 2.17218e-15
9215.57 2.17618e-15
9217.09 2.1800000000000003e-15
9218.61 2.1892740000000002e-15
9220.13 2.2075320000000002e-15
9221.65 2.228084e-15
9223.17 2.245548e-15
9224.69 2.259022e-15
9226.21 2.265958e-15
9227.73 2.265898e-15
9229.25 2.2664300000000004e-15
9230.77 2.270742e-15
9232.29 2.27714e-15
9233.81 2.286824e-15
9235.33 2.3009820000000002e-15
9236.85 2.316494e-15
9238.37 2.333592e-15
9239.89 2.3544359999999996e-15
9241.41 2.376304e-15
9242.93 2.392714e-15
9244.45 2.4047679999999998e-15
9245.97 2.417808e-15
9247.49 2.434596e-15
9249.01 2.4542039999999996e-15
9250.53 2.478864e-15
9252.05 2.506498e-15
9253.57 2.5355480000000003e-15
9255.09 2.5635880000000003e-15
9256.61 2.589014e-15
9258.13 2.6097439999999998e-15
9259.65 2.62416e-15
9261.17 2.6311e-15
9262.69 2.6422859999999997e-15
9264.21 2.6589660000000002e-15
9265.73 2.680124e-15
9267.25 2.708312e-15
9268.77 2.73885e-15
9270.29 2.756872e-15
9271.81 2.762736e-15
9273.33 2.7664540000000003e-15
9274.85 2.767104e-15
9276.38 2.763126e-15
9277.89 2.7484879999999998e-15
9279.41 2.7299560000000002e-15
9280.93 2.7197439999999996e-15
9282.46 2.718442e-15
9283.97 2.71773e-15
9285.49 2.7238580000000004e-15
9287.01 2.737192e-15
9288.54 2.747548e-15
9290.05 2.757474e-15
9291.57 2.769298e-15
9293.09 2.7773199999999995e-15
9294.62 2.775832e-15
9296.13 2.762084e-15
9297.65 2.737748e-15
9299.17 2.7094080000000003e-15
9300.7 2.68431e-15
9302.21 2.6699879999999998e-15
9303.73 2.667354e-15
9305.25 2.667926e-15
9306.78 2.6559340000000002e-15
9308.29 2.621594e-15
9309.81 2.5852379999999997e-15
9311.33 2.56949e-15
9312.86 2.5601359999999998e-15
9314.38 2.533146e-15
9315.89 2.486194e-15
9317.42 2.4303159999999996e-15
9318.94 2.381376e-15
9320.46 2.35341e-15
9321.97 2.346436e-15
9323.5 2.348104e-15
9325.02 2.33823e-15
9326.54 2.3156319999999998e-15
9328.05 2.30314e-15
9329.58 2.324286e-15
9331.1 2.3707959999999997e-15
9332.62 2.39762e-15
9334.13 2.3723759999999996e-15
9335.66 2.310546e-15
9337.18 2.2439440000000004e-15
9338.7 2.195068e-15
9340.21 2.167104e-15
9341.74 2.11953e-15
9343.26 2.0179640000000002e-15
9344.78 1.9037e-15
9346.29 1.857266e-15
9347.82 1.90691e-15
9349.34 2.03914e-15
9350.86 2.197166e-15
9352.38 2.290916e-15
9353.9 2.266792e-15
9355.42 2.147456e-15
9356.94 1.990292e-15
9358.46 1.8705979999999996e-15
9359.98 1.859834e-15
9361.5 1.938666e-15
9363.02 2.036978e-15
9364.54 2.1115859999999996e-15
9366.06 2.1493079999999998e-15
9367.58 2.1287e-15
9369.1 2.048966e-15
9370.62 1.957324e-15
9372.14 1.917944e-15
9373.66 1.944298e-15
9375.18 1.998634e-15
9376.7 2.049862e-15
9378.22 2.08041e-15
9379.74 2.072016e-15
9381.26 2.035524e-15
9382.78 2.015174e-15
9384.3 2.0342000000000002e-15
9385.82 2.0783139999999997e-15
9387.34 2.137586e-15
9388.86 2.212696e-15
9390.38 2.290406e-15
9391.9 2.362388e-15
9393.42 2.4422780000000003e-15
9394.94 2.520904e-15
9396.46 2.564904e-15
9397.98 2.5600919999999998e-15
9399.5 2.5237440000000003e-15
9401.02 2.4875759999999996e-15
9402.54 2.467206e-15
9404.06 2.4687939999999997e-15
9405.58 2.4905699999999998e-15
9407.1 2.516332e-15
9408.62 2.51916e-15
9410.14 2.4901e-15
9411.66 2.454784e-15
9413.18 2.446936e-15
9414.7 2.46455e-15
9416.22 2.4856479999999996e-15
9417.74 2.5149980000000004e-15
9419.26 2.5392620000000002e-15
9420.78 2.5397620000000005e-15
9422.3 2.538394e-15
9423.82 2.541826e-15
9425.34 2.5098319999999996e-15
9426.86 2.41551e-15
9428.38 2.2902319999999998e-15
9429.9 2.195286e-15
9431.42 2.17911e-15
9432.94 2.255406e-15
9434.46 2.3994099999999997e-15
9435.98 2.535918e-15
9437.5 2.5763320000000002e-15
9439.02 2.5006100000000002e-15
9440.54 2.353438e-15
9442.06 2.209362e-15
9443.58 2.1382319999999997e-15
9445.1 2.175778e-15
9446.62 2.30036e-15
9448.14 2.459718e-15
9449.66 2.607144e-15
9451.18 2.704984e-15
9452.7 2.723792e-15
9454.22 2.671554e-15
9455.74 2.595528e-15
9457.26 2.523136e-15
9458.78 2.447302e-15
9460.3 2.3797539999999997e-15
9461.82 2.35907e-15
9463.34 2.398326e-15
9464.86 2.466538e-15
9466.38 2.5316900000000003e-15
9467.9 2.5924820000000003e-15
9469.42 2.641404e-15
9470.94 2.66128e-15
9472.46 2.658962e-15
9473.98 2.6610360000000003e-15
9475.5 2.677818e-15
9477.02 2.696334e-15
9478.54 2.673708e-15
9480.06 2.585438e-15
9481.58 2.480686e-15
9483.1 2.424964e-15
9484.62 2.4277840000000002e-15
9486.14 2.481376e-15
9487.66 2.597408e-15
9489.18 2.744766e-15
9490.7 2.834032e-15
9492.22 2.80558e-15
9493.74 2.701596e-15
9495.26 2.579958e-15
9496.78 2.462336e-15
9498.3 2.347292e-15
9499.82 2.25832e-15
9501.34 2.216862e-15
9502.86 2.23282e-15
9504.38 2.292812e-15
9505.9 2.394106e-15
9507.42 2.53021e-15
9508.94 2.66773e-15
9510.46 2.754164e-15
9511.98 2.780492e-15
9513.5 2.76118e-15
9515.02 2.709334e-15
9516.54 2.628476e-15
9518.06 2.53829e-15
9519.58 2.4482480000000003e-15
9521.1 2.372036e-15
9522.62 2.331046e-15
9524.14 2.34012e-15
9525.66 2.3832679999999997e-15
9527.18 2.438078e-15
9528.7 2.500286e-15
9530.22 2.569042e-15
9531.74 2.633972e-15
9533.26 2.6805600000000003e-15
9534.78 2.7041940000000003e-15
9536.3 2.7149120000000002e-15
9537.82 2.720436e-15
9539.34 2.714742e-15
9540.86 2.6939680000000002e-15
9542.38 2.657636e-15
9543.9 2.608996e-15
9545.42 2.5625300000000002e-15
9546.94 2.540644e-15
9548.46 2.560876e-15
9549.98 2.618758e-15
9551.5 2.674612e-15
9553.02 2.690854e-15
9554.54 2.653126e-15
9556.06 2.584952e-15
9557.58 2.5274160000000003e-15
9559.1 2.520264e-15
9560.62 2.5516880000000002e-15
9562.14 2.5864759999999997e-15
9563.66 2.587612e-15
9565.18 2.5518480000000002e-15
9566.7 2.496958e-15
9568.22 2.451924e-15
9569.74 2.441366e-15
9571.26 2.4758679999999997e-15
9572.78 2.549036e-15
9574.3 2.6219600000000005e-15
9575.82 2.674258e-15
9577.34 2.6935120000000003e-15
9578.86 2.66636e-15
9580.38 2.59824e-15
9581.9 2.537536e-15
9583.42 2.50579e-15
9584.94 2.503134e-15
9586.46 2.521368e-15
9587.98 2.535466e-15
9589.5 2.51212e-15
9591.02 2.458748e-15
9592.54 2.41017e-15
9594.06 2.3973360000000003e-15
9595.58 2.42509e-15
9597.1 2.47651e-15
9598.62 2.530158e-15
9600.14 2.5742200000000002e-15
9601.66 2.600312e-15
9603.18 2.599958e-15
9604.7 2.57948e-15
9606.22 2.555486e-15
9607.74 2.5359400000000003e-15
9609.26 2.526318e-15
9610.78 2.5308580000000002e-15
9612.3 2.5519860000000002e-15
9613.82 2.574288e-15
9615.34 2.579254e-15
9616.86 2.56525e-15
9618.38 2.548726e-15
9619.9 2.523982e-15
9621.42 2.4913959999999997e-15
9622.94 2.4670599999999995e-15
9624.46 2.4546059999999998e-15
9625.98 2.456726e-15
9627.5 2.4817340000000003e-15
9629.02 2.5259759999999996e-15
9630.54 2.5871419999999997e-15
9632.06 2.6460739999999997e-15
9633.58 2.6794719999999998e-15
9635.1 2.6780319999999995e-15
9636.62 2.649672e-15
9638.14 2.60527e-15
9639.66 2.573244e-15
9641.18 2.5664079999999998e-15
9642.7 2.57564e-15
9644.22 2.585794e-15
9645.74 2.582958e-15
9647.26 2.5792500000000002e-15
9648.78 2.5865280000000002e-15
9650.3 2.6160720000000004e-15
9651.82 2.664772e-15
9653.34 2.72056e-15
9654.86 2.766324e-15
9656.38 2.79012e-15
9657.9 2.793642e-15
9659.42 2.783228e-15
9660.94 2.76071e-15
9662.46 2.725214e-15
9663.98 2.69516e-15
9665.5 2.686404e-15
9667.02 2.699056e-15
9668.54 2.723856e-15
9670.06 2.753584e-15
9671.58 2.7895059999999998e-15
9673.1 2.826458e-15
9674.62 2.86e-15
9676.14 2.8932980000000003e-15
9677.66 2.9186579999999996e-15
9679.18 2.9138239999999998e-15
9680.7 2.8837459999999995e-15
9682.22 2.854338e-15
9683.74 2.842656e-15
9685.26 2.8486700000000002e-15
9686.78 2.8738540000000004e-15
9688.3 2.9065459999999998e-15
9689.82 2.933908e-15
9691.34 2.939382e-15
9692.86 2.9376500000000003e-15
9694.38 2.936558e-15
9695.9 2.9399279999999996e-15
9697.42 2.93534e-15
9698.94 2.9257560000000004e-15
9700.46 2.9006160000000005e-15
9701.98 2.8738080000000004e-15
9703.5 2.854988e-15
9705.02 2.85851e-15
9706.54 2.8695540000000003e-15
9708.06 2.896552e-15
9709.58 2.925326e-15
9711.1 2.94558e-15
9712.62 2.940122e-15
9714.14 2.9346559999999998e-15
9715.66 2.925716e-15
9717.18 2.9094040000000004e-15
9718.7 2.8949380000000004e-15
9720.22 2.892638e-15
9721.74 2.890912e-15
9723.26 2.884182e-15
9724.78 2.8786379999999997e-15
9726.3 2.8734859999999996e-15
9727.82 2.8719160000000003e-15
9729.34 2.872022e-15
9730.86 2.87761e-15
9732.38 2.882924e-15
9733.9 2.8712720000000002e-15
9735.42 2.84318e-15
9736.94 2.816398e-15
9738.46 2.802084e-15
9739.98 2.79677e-15
9741.5 2.7960959999999998e-15
9743.02 2.7982820000000002e-15
9744.54 2.802308e-15
9746.06 2.8057619999999997e-15
9747.58 2.800376e-15
9749.1 2.795972e-15
9750.62 2.79438e-15
9752.14 2.794408e-15
9753.66 2.7762180000000003e-15
9755.18 2.7589020000000004e-15
9756.7 2.745374e-15
9758.22 2.734166e-15
9759.74 2.7257540000000002e-15
9761.26 2.733292e-15
9762.78 2.732284e-15
9764.3 2.733386e-15
9765.82 2.745798e-15
9767.34 2.758276e-15
9768.86 2.769562e-15
9770.38 2.7867279999999998e-15
9771.9 2.803482e-15
9773.42 2.809996e-15
9774.94 2.8093899999999997e-15
9776.46 2.7991899999999996e-15
9777.98 2.791762e-15
9779.5 2.7804799999999998e-15
9781.02 2.7631440000000002e-15
9782.54 2.749172e-15
9784.06 2.7397180000000002e-15
9785.58 2.7348480000000002e-15
9787.1 2.734998e-15
9788.62 2.743394e-15
9790.14 2.743908e-15
9791.66 2.7340240000000003e-15
9793.18 2.719576e-15
9794.7 2.711524e-15
9796.22 2.70644e-15
9797.74 2.70355e-15
9799.26 2.707e-15
9800.78 2.7067160000000003e-15
9802.3 2.695034e-15
9803.82 2.683868e-15
9805.34 2.68846e-15
9806.86 2.703144e-15
9808.38 2.7189739999999998e-15
9809.9 2.734718e-15
9811.42 2.7439819999999997e-15
9812.94 2.7373600000000004e-15
9814.46 2.72223e-15
9815.98 2.713688e-15
9817.5 2.708672e-15
9819.02 2.705188e-15
9820.54 2.699866e-15
9822.06 2.69216e-15
9823.58 2.6759359999999998e-15
9825.1 2.6610399999999996e-15
9826.62 2.638312e-15
9828.14 2.636352e-15
9829.66 2.640724e-15
9831.18 2.64355e-15
9832.7 2.64142e-15
9834.22 2.6522499999999997e-15
9835.74 2.642112e-15
9837.26 2.6309579999999996e-15
9838.78 2.6274279999999997e-15
9840.3 2.625404e-15
9841.82 2.61414e-15
9843.34 2.6048959999999997e-15
9844.86 2.5942860000000005e-15
9846.38 2.582174e-15
9847.9 2.567568e-15
9849.42 2.55436e-15
9850.94 2.543428e-15
9852.46 2.5369500000000003e-15
9853.98 2.534902e-15
9855.5 2.536952e-15
9857.02 2.5399239999999997e-15
9858.54 2.54441e-15
9860.06 2.545766e-15
9861.58 2.5390739999999997e-15
9863.1 2.5282799999999997e-15
9864.62 2.51895e-15
9866.14 2.5054239999999997e-15
9867.66 2.490924e-15
9869.18 2.4846379999999997e-15
9870.7 2.481344e-15
9872.22 2.477372e-15
9873.74 2.472944e-15
9875.26 2.476024e-15
9876.78 2.4788979999999997e-15
9878.3 2.481084e-15
9879.82 2.47521e-15
9881.34 2.476048e-15
9882.86 2.47534e-15
9884.38 2.4657000000000002e-15
9885.9 2.4573440000000003e-15
9887.42 2.455454e-15
9888.94 2.453386e-15
9890.46 2.441686e-15
9891.98 2.43781e-15
9893.5 2.433908e-15
9895.02 2.4284780000000003e-15
9896.54 2.419156e-15
9898.06 2.414056e-15
9899.58 2.4077539999999998e-15
9901.1 2.4015580000000003e-15
9902.62 2.3987419999999996e-15
9904.14 2.39948e-15
9905.66 2.405464e-15
9907.18 2.404982e-15
9908.7 2.4020999999999997e-15
9910.22 2.4032719999999997e-15
9911.74 2.4039240000000003e-15
9913.26 2.401954e-15
9914.78 2.402698e-15
9916.3 2.4037059999999997e-15
9917.82 2.4006279999999997e-15
