#wls	flux	flux_err
3644.0479	4.6010e-16	6.9727e-17
3649.5658	4.6399e-16	6.9727e-17
3655.0837	4.6954e-16	6.9727e-17
3660.6016	4.7406e-16	6.9727e-17
3666.1196	4.7879e-16	6.9727e-17
3671.6375	4.7847e-16	7.3369e-17
3677.1554	4.8174e-16	7.9982e-17
3682.6734	4.8462e-16	7.3317e-17
3688.1913	4.8542e-16	7.5164e-17
3693.7092	4.8143e-16	7.3011e-17
3699.2271	4.7801e-16	7.1809e-17
3704.7451	4.7048e-16	6.2529e-17
3710.2630	4.5828e-16	6.4420e-17
3715.7809	4.4688e-16	6.4199e-17
3721.2989	4.2995e-16	6.0147e-17
3726.8168	4.1011e-16	4.6817e-17
3732.3347	3.9007e-16	4.7538e-17
3737.8526	3.7027e-16	3.8437e-17
3743.3706	3.4826e-16	3.6964e-17
3748.8885	3.2399e-16	4.3092e-17
3754.4064	3.0542e-16	4.3016e-17
3759.9244	2.9194e-16	3.4858e-17
3765.4423	2.8209e-16	3.4799e-17
3770.9602	2.7535e-16	3.4832e-17
3776.4781	2.7393e-16	3.7830e-17
3781.9961	2.6721e-16	3.7652e-17
3787.5140	2.6205e-16	3.7835e-17
3793.0319	2.5916e-16	4.0892e-17
3798.5499	2.5449e-16	2.9103e-17
3804.0678	2.6318e-16	2.9714e-17
3809.5857	2.7017e-16	3.0724e-17
3815.1036	2.7496e-16	3.0533e-17
3820.6216	2.8369e-16	2.7789e-17
3826.1395	2.9579e-16	2.6997e-17
3831.6574	3.0867e-16	2.6335e-17
3837.1754	3.3010e-16	2.7103e-17
3842.6933	3.4997e-16	1.7683e-17
3848.2112	3.6958e-16	1.8322e-17
3853.7291	3.9378e-16	1.6686e-17
3859.2471	4.2104e-16	1.7817e-17
3864.7650	4.5073e-16	2.0559e-17
3870.2829	4.8266e-16	2.0503e-17
3875.8009	5.2392e-16	1.9357e-17
3881.3188	5.5857e-16	1.7959e-17
3886.8367	5.9283e-16	1.9061e-17
3892.3546	6.2994e-16	2.1908e-17
3897.8726	6.7282e-16	2.3522e-17
3903.3905	7.1735e-16	2.3448e-17
3908.9084	7.5589e-16	2.3425e-17
3914.4264	7.9301e-16	2.8461e-17
3919.9443	8.2483e-16	2.8782e-17
3925.4622	8.5431e-16	2.8492e-17
3930.9801	8.7867e-16	3.0519e-17
3936.4981	9.0387e-16	2.8183e-17
3942.0160	9.2479e-16	2.6214e-17
3947.5339	9.4295e-16	2.7272e-17
3953.0519	9.5709e-16	4.1743e-17
3958.5698	9.7315e-16	4.3927e-17
3964.0877	9.8437e-16	5.1618e-17
3969.6056	9.9010e-16	5.7497e-17
3975.1236	9.9959e-16	5.9524e-17
3980.6415	1.0096e-15	6.5479e-17
3986.1594	1.0121e-15	6.6419e-17
3991.6774	1.0142e-15	6.6294e-17
3997.1953	1.0099e-15	6.6765e-17
4002.7132	1.0079e-15	5.8296e-17
4008.2311	1.0049e-15	5.9388e-17
4013.7491	9.9722e-16	5.1956e-17
4019.2670	9.9052e-16	4.1557e-17
4024.7849	9.7584e-16	3.2287e-17
4030.3029	9.6445e-16	3.1107e-17
4035.8208	9.4806e-16	3.4131e-17
4041.3387	9.3122e-16	3.5618e-17
4046.8566	9.0964e-16	5.0545e-17
4052.3746	8.8792e-16	4.6386e-17
4057.8925	8.6951e-16	4.7649e-17
4063.4104	8.5007e-16	4.8133e-17
4068.9284	8.3042e-16	5.1212e-17
4074.4463	8.1098e-16	5.1915e-17
4079.9642	7.8447e-16	5.1658e-17
4085.4821	7.6428e-16	5.2516e-17
4091.0001	7.4691e-16	5.2416e-17
4096.5180	7.3710e-16	3.9080e-17
4102.0359	7.3062e-16	4.1779e-17
4107.5539	7.2307e-16	3.9884e-17
4113.0718	7.1571e-16	4.1759e-17
4118.5897	7.1352e-16	4.1870e-17
4124.1076	7.1123e-16	3.7389e-17
4129.6256	7.0798e-16	3.9285e-17
4135.1435	7.1442e-16	3.2900e-17
4140.6614	7.1743e-16	3.3209e-17
4146.1794	7.2221e-16	3.0977e-17
4151.6973	7.2478e-16	2.9048e-17
4157.2152	7.3105e-16	2.8285e-17
4162.7331	7.3326e-16	2.6309e-17
4168.2511	7.3446e-16	2.3569e-17
4173.7690	7.4552e-16	2.3845e-17
4179.2869	7.5092e-16	2.1161e-17
4184.8049	7.5314e-16	2.3926e-17
4190.3228	7.5924e-16	2.5772e-17
4195.8407	7.5849e-16	2.4964e-17
4201.3586	7.6663e-16	2.4033e-17
4206.8766	7.7214e-16	2.6488e-17
4212.3945	7.7171e-16	2.7996e-17
4217.9124	7.7411e-16	2.5860e-17
4223.4304	7.7114e-16	2.5626e-17
4228.9483	7.7049e-16	2.5371e-17
4234.4662	7.6788e-16	2.1734e-17
4239.9841	7.6999e-16	2.1971e-17
4245.5021	7.6728e-16	2.5894e-17
4251.0200	7.6755e-16	2.9412e-17
4256.5379	7.6972e-16	2.6960e-17
4262.0559	7.7223e-16	2.4144e-17
4267.5738	7.7161e-16	2.3484e-17
4273.0917	7.7672e-16	3.1849e-17
4278.6096	7.7905e-16	3.2090e-17
4284.1276	7.8661e-16	3.2607e-17
4289.6455	7.9223e-16	3.0781e-17
4295.1634	7.9968e-16	3.2184e-17
4300.6814	8.0445e-16	2.9057e-17
4306.1993	8.0732e-16	2.9187e-17
4311.7172	8.0928e-16	2.9033e-17
4317.2351	8.1066e-16	2.9387e-17
4322.7531	8.0997e-16	1.6221e-17
4328.2710	8.0631e-16	1.6519e-17
4333.7889	8.0052e-16	1.6639e-17
4339.3069	7.8797e-16	2.0757e-17
4344.8248	7.7441e-16	2.3444e-17
4350.3427	7.5741e-16	2.3288e-17
4355.8606	7.3776e-16	2.9138e-17
4361.3786	7.1409e-16	2.8531e-17
4366.8965	6.8998e-16	2.9294e-17
4372.4144	6.6539e-16	2.9176e-17
4377.9324	6.4053e-16	2.8747e-17
4383.4503	6.1689e-16	3.4758e-17
4388.9682	5.9460e-16	2.8658e-17
4394.4861	5.7396e-16	2.7990e-17
4400.0041	5.6186e-16	2.8144e-17
4405.5220	5.4956e-16	2.5017e-17
4411.0399	5.4168e-16	2.4773e-17
4416.5579	5.3727e-16	2.2862e-17
4422.0758	5.3505e-16	2.2457e-17
4427.5937	5.3772e-16	2.4469e-17
4433.1116	5.4486e-16	1.3500e-17
4438.6296	5.5754e-16	1.7007e-17
4444.1475	5.7226e-16	1.7116e-17
4449.6654	5.8795e-16	2.4028e-17
4455.1834	6.0755e-16	2.5101e-17
4460.7013	6.2513e-16	2.5079e-17
4466.2192	6.3925e-16	2.5407e-17
4471.7371	6.6292e-16	2.5685e-17
4477.2551	6.8472e-16	2.5347e-17
4482.7730	7.1404e-16	2.4863e-17
4488.2909	7.3572e-16	2.3018e-17
4493.8089	7.5722e-16	2.0737e-17
4499.3268	7.8045e-16	1.5304e-17
4504.8447	8.0484e-16	1.1771e-17
4510.3626	8.3299e-16	1.3590e-17
4515.8806	8.6211e-16	1.3730e-17
4521.3985	8.9280e-16	1.4731e-17
4526.9164	9.2021e-16	1.2395e-17
4532.4344	9.4821e-16	2.3066e-17
4537.9523	9.7799e-16	2.2768e-17
4543.4702	1.0040e-15	3.1417e-17
4548.9881	1.0297e-15	3.1867e-17
4554.5061	1.0552e-15	3.1916e-17
4560.0240	1.0763e-15	4.3277e-17
4565.5419	1.0989e-15	4.3566e-17
4571.0599	1.1168e-15	4.4229e-17
4576.5778	1.1393e-15	4.4679e-17
4582.0957	1.1507e-15	4.1088e-17
4587.6136	1.1618e-15	4.2105e-17
4593.1316	1.1698e-15	3.5817e-17
4598.6495	1.1808e-15	3.6494e-17
4604.1674	1.1845e-15	3.7823e-17
4609.6854	1.1882e-15	1.8816e-17
4615.2033	1.1930e-15	2.2521e-17
4620.7212	1.1982e-15	2.3361e-17
4626.2391	1.2037e-15	2.5450e-17
4631.7571	1.2075e-15	2.6321e-17
4637.2750	1.2098e-15	2.5520e-17
4642.7929	1.2115e-15	2.4300e-17
4648.3109	1.2150e-15	2.1068e-17
4653.8288	1.2169e-15	3.6219e-17
4659.3467	1.2119e-15	3.6282e-17
4664.8646	1.2096e-15	3.5227e-17
4670.3826	1.2092e-15	3.6422e-17
4675.9005	1.2049e-15	3.6467e-17
4681.4184	1.2031e-15	3.9136e-17
4686.9364	1.1916e-15	4.4470e-17
4692.4543	1.1828e-15	4.4757e-17
4697.9722	1.1718e-15	4.4756e-17
4703.4901	1.1564e-15	3.4720e-17
4709.0081	1.1356e-15	3.7723e-17
4714.5260	1.1119e-15	3.7170e-17
4720.0439	1.0805e-15	3.5293e-17
4725.5619	1.0461e-15	3.8943e-17
4731.0798	1.0122e-15	3.8642e-17
4736.5977	9.7341e-16	2.8935e-17
4742.1156	9.3097e-16	2.6209e-17
4747.6336	8.9216e-16	3.1493e-17
4753.1515	8.5333e-16	4.1382e-17
4758.6694	8.1379e-16	4.0979e-17
4764.1874	7.7843e-16	4.5419e-17
4769.7053	7.4570e-16	4.5501e-17
4775.2232	7.1379e-16	3.6639e-17
4780.7411	6.8483e-16	3.3303e-17
4786.2591	6.6069e-16	3.6394e-17
4791.7770	6.4136e-16	3.7382e-17
4797.2949	6.2817e-16	3.6614e-17
4802.8129	6.1323e-16	3.0381e-17
4808.3308	6.0390e-16	3.1043e-17
4813.8487	5.9947e-16	2.0422e-17
4819.3666	5.9669e-16	1.8224e-17
4824.8846	5.9665e-16	1.9194e-17
4830.4025	5.9875e-16	1.8685e-17
4835.9204	5.9740e-16	1.7927e-17
4841.4384	5.9756e-16	1.7158e-17
4846.9563	5.9939e-16	1.4495e-17
4852.4742	5.9926e-16	2.8072e-17
4857.9921	5.9542e-16	2.6127e-17
4863.5101	5.9420e-16	2.8304e-17
4869.0280	5.9202e-16	2.8205e-17
4874.5459	5.9091e-16	2.6381e-17
4880.0639	5.9299e-16	2.6500e-17
4885.5818	5.9685e-16	2.5961e-17
4891.0997	6.1072e-16	2.5901e-17
4896.6176	6.2654e-16	2.5630e-17
4902.1356	6.4822e-16	2.0532e-17
4907.6535	6.7266e-16	2.3882e-17
4913.1714	6.9522e-16	2.2406e-17
4918.6894	7.2119e-16	2.2786e-17
4924.2073	7.5011e-16	2.1789e-17
4929.7252	7.7772e-16	2.9382e-17
4935.2431	8.0329e-16	3.0486e-17
4940.7611	8.2757e-16	3.2273e-17
4946.2790	8.4810e-16	3.6350e-17
4951.7969	8.6153e-16	3.3174e-17
4957.3149	8.7011e-16	3.3785e-17
4962.8328	8.7348e-16	3.9874e-17
4968.3507	8.6962e-16	3.8020e-17
4973.8686	8.5950e-16	4.5263e-17
4979.3866	8.5222e-16	4.3417e-17
4984.9045	8.3734e-16	4.3956e-17
4990.4224	8.2184e-16	4.5437e-17
4995.9404	8.0428e-16	3.5827e-17
5001.4583	7.8229e-16	2.7991e-17
5006.9762	7.6009e-16	2.7182e-17
5012.4941	7.3667e-16	2.7216e-17
5018.0121	7.1774e-16	2.9929e-17
5023.5300	7.0286e-16	2.3913e-17
5029.0479	6.9404e-16	2.4117e-17
5034.5659	6.8928e-16	2.2005e-17
5040.0838	6.8770e-16	1.5130e-17
5045.6017	6.9166e-16	1.7666e-17
5051.1196	7.0281e-16	2.6157e-17
5056.6376	7.1514e-16	2.5622e-17
5062.1555	7.3036e-16	2.4811e-17
5067.6734	7.4826e-16	2.2404e-17
5073.1914	7.6730e-16	2.8445e-17
5078.7093	7.8211e-16	2.8736e-17
5084.2272	7.9909e-16	3.1830e-17
5089.7451	8.1998e-16	3.1865e-17
5095.2631	8.3790e-16	3.0218e-17
5100.7810	8.5796e-16	2.2673e-17
5106.2989	8.7158e-16	2.4106e-17
5111.8169	8.8062e-16	2.7284e-17
5117.3348	8.9238e-16	2.6916e-17
5122.8527	9.0280e-16	2.6237e-17
5128.3706	9.1280e-16	2.5888e-17
5133.8886	9.2107e-16	2.2270e-17
5139.4065	9.2784e-16	2.4658e-17
5144.9244	9.3284e-16	2.4827e-17
5150.4424	9.3682e-16	3.0506e-17
5155.9603	9.3994e-16	3.1244e-17
5161.4782	9.4456e-16	2.6314e-17
5166.9961	9.4852e-16	2.6709e-17
5172.5141	9.5416e-16	2.6005e-17
5178.0320	9.6448e-16	2.9704e-17
5183.5499	9.7679e-16	2.9687e-17
5189.0679	9.9175e-16	2.8156e-17
5194.5858	1.0104e-15	2.8292e-17
5200.1037	1.0275e-15	2.1833e-17
5205.6216	1.0464e-15	2.0628e-17
5211.1396	1.0642e-15	1.9752e-17
5216.6575	1.0836e-15	1.9555e-17
5222.1754	1.1060e-15	1.8999e-17
5227.6934	1.1357e-15	1.1353e-17
5233.2113	1.1639e-15	1.1428e-17
5238.7292	1.1889e-15	1.1923e-17
5244.2471	1.2148e-15	1.0251e-17
5249.7651	1.2415e-15	1.1363e-17
5255.2830	1.2648e-15	1.2545e-17
5260.8009	1.2854e-15	1.1156e-17
5266.3189	1.3091e-15	1.1239e-17
5271.8368	1.3323e-15	1.3396e-17
5277.3547	1.3511e-15	1.6122e-17
5282.8726	1.3707e-15	1.7070e-17
5288.3906	1.3889e-15	1.6724e-17
5293.9085	1.4025e-15	2.7042e-17
5299.4264	1.4126e-15	3.3272e-17
5304.9444	1.4201e-15	3.5337e-17
5310.4623	1.4276e-15	3.5337e-17
5315.9802	1.4333e-15	3.5705e-17
5321.4981	1.4365e-15	3.6187e-17
5327.0161	1.4373e-15	3.6799e-17
5332.5340	1.4337e-15	3.6026e-17
5338.0519	1.4282e-15	3.7056e-17
5343.5699	1.4222e-15	3.0885e-17
5349.0878	1.4135e-15	2.1087e-17
5354.6057	1.4049e-15	1.9367e-17
5360.1236	1.3966e-15	1.9117e-17
5365.6416	1.3870e-15	1.8967e-17
5371.1595	1.3787e-15	1.9552e-17
5376.6774	1.3711e-15	2.2745e-17
5382.1954	1.3692e-15	2.2127e-17
5387.7133	1.3617e-15	2.1879e-17
5393.2312	1.3579e-15	2.3569e-17
5398.7491	1.3518e-15	2.4541e-17
5404.2671	1.3461e-15	2.6974e-17
5409.7850	1.3438e-15	2.8285e-17
5415.3029	1.3397e-15	2.8095e-17
5420.8209	1.3397e-15	2.7656e-17
5426.3388	1.3440e-15	1.9333e-17
5431.8567	1.3437e-15	1.6953e-17
5437.3746	1.3447e-15	1.7738e-17
5442.8926	1.3451e-15	1.9946e-17
5448.4105	1.3463e-15	1.9605e-17
5453.9284	1.3445e-15	1.7099e-17
5459.4464	1.3408e-15	3.1083e-17
5464.9643	1.3379e-15	3.1775e-17
5470.4822	1.3365e-15	3.1931e-17
5476.0001	1.3319e-15	3.2050e-17
5481.5181	1.3295e-15	3.3408e-17
5487.0360	1.3216e-15	3.5871e-17
5492.5539	1.3131e-15	3.4891e-17
5498.0719	1.3062e-15	3.6073e-17
5503.5898	1.3014e-15	3.4704e-17
5509.1077	1.2992e-15	2.2171e-17
5514.6256	1.2985e-15	2.1843e-17
5520.1436	1.2950e-15	2.0235e-17
5525.6615	1.2885e-15	2.3761e-17
5531.1794	1.2777e-15	2.3820e-17
5536.6974	1.2666e-15	2.0433e-17
5542.2153	1.2574e-15	2.0923e-17
5547.7332	1.2438e-15	2.1315e-17
5553.2511	1.2329e-15	2.3702e-17
5558.7691	1.2232e-15	3.0191e-17
5564.2870	1.2108e-15	3.0047e-17
5569.8049	1.2003e-15	3.0048e-17
5575.3229	1.1874e-15	3.1100e-17
5580.8408	1.1783e-15	3.5705e-17
5586.3587	1.1618e-15	3.5995e-17
5591.8766	1.1497e-15	3.9972e-17
5597.3946	1.1393e-15	4.2565e-17
5602.9125	1.1309e-15	4.2348e-17
5608.4304	1.1261e-15	3.6699e-17
5613.9484	1.1178e-15	3.6762e-17
5619.4663	1.1109e-15	3.6871e-17
5624.9842	1.1097e-15	3.7798e-17
5630.5021	1.1069e-15	3.1165e-17
5636.0201	1.1027e-15	3.0701e-17
5641.5380	1.0971e-15	2.8248e-17
5647.0559	1.0964e-15	2.4380e-17
5652.5739	1.0930e-15	2.3532e-17
5658.0918	1.0898e-15	2.3585e-17
5663.6097	1.0875e-15	2.3605e-17
5669.1276	1.0874e-15	2.7335e-17
5674.6456	1.0823e-15	2.3952e-17
5680.1635	1.0790e-15	2.3842e-17
5685.6814	1.0705e-15	2.0552e-17
5691.1994	1.0627e-15	2.0506e-17
5696.7173	1.0551e-15	1.9959e-17
5702.2352	1.0470e-15	2.6604e-17
5707.7531	1.0422e-15	3.3670e-17
5713.2711	1.0366e-15	3.4520e-17
5718.7890	1.0308e-15	3.5221e-17
5724.3069	1.0252e-15	3.5418e-17
5729.8249	1.0210e-15	3.7700e-17
5735.3428	1.0225e-15	3.8950e-17
5740.8607	1.0279e-15	3.9856e-17
5746.3786	1.0329e-15	3.8239e-17
5751.8966	1.0420e-15	3.4796e-17
5757.4145	1.0558e-15	2.4335e-17
5762.9324	1.0681e-15	2.0623e-17
5768.4504	1.0856e-15	1.9274e-17
5773.9683	1.1068e-15	2.3013e-17
5779.4862	1.1321e-15	2.1189e-17
5785.0041	1.1546e-15	1.8213e-17
5790.5221	1.1826e-15	1.9847e-17
5796.0400	1.2155e-15	2.0868e-17
5801.5579	1.2487e-15	2.1314e-17
5807.0759	1.2848e-15	2.4736e-17
5812.5938	1.3176e-15	2.3578e-17
5818.1117	1.3475e-15	2.6160e-17
5823.6296	1.3792e-15	2.5107e-17
5829.1476	1.4087e-15	2.3962e-17
5834.6655	1.4375e-15	2.5960e-17
5840.1834	1.4609e-15	2.4015e-17
5845.7014	1.4825e-15	2.3734e-17
5851.2193	1.4971e-15	2.6529e-17
5856.7372	1.5039e-15	2.5652e-17
5862.2551	1.5039e-15	2.7144e-17
5867.7731	1.5003e-15	2.6813e-17
5873.2910	1.4934e-15	2.6550e-17
5878.8089	1.4888e-15	2.5703e-17
5884.3269	1.4838e-15	2.8419e-17
5889.8448	1.4729e-15	2.6898e-17
5895.3627	1.4615e-15	3.7868e-17
5900.8806	1.4495e-15	5.4889e-17
5906.3986	1.4386e-15	5.6793e-17
5911.9165	1.4276e-15	5.7045e-17
5917.4344	1.4209e-15	5.8633e-17
5922.9524	1.4177e-15	6.3339e-17
5928.4703	1.4152e-15	7.5130e-17
5933.9882	1.4157e-15	7.6362e-17
5939.5061	1.4177e-15	7.5887e-17
5945.0241	1.4187e-15	7.3482e-17
5950.5420	1.4203e-15	6.2645e-17
5956.0599	1.4243e-15	4.8996e-17
5961.5779	1.4264e-15	4.9181e-17
5967.0958	1.4286e-15	4.9980e-17
5972.6137	1.4299e-15	4.9770e-17
5978.1316	1.4265e-15	3.6636e-17
5983.6496	1.4184e-15	2.8933e-17
5989.1675	1.4111e-15	2.8647e-17
5994.6854	1.3986e-15	2.6640e-17
6000.2034	1.3872e-15	2.3469e-17
6005.7213	1.3729e-15	2.3876e-17
6011.2392	1.3558e-15	1.7198e-17
6016.7571	1.3359e-15	1.7722e-17
6022.2751	1.3210e-15	1.8906e-17
6027.7930	1.3104e-15	2.0820e-17
6033.3109	1.3035e-15	2.0854e-17
6038.8289	1.2979e-15	2.2274e-17
6044.3468	1.2916e-15	2.2900e-17
6049.8647	1.2868e-15	2.0129e-17
6055.3826	1.2768e-15	1.9889e-17
6060.9006	1.2696e-15	1.9941e-17
6066.4185	1.2654e-15	2.0783e-17
6071.9364	1.2655e-15	2.5332e-17
6077.4544	1.2696e-15	2.2791e-17
6082.9723	1.2724e-15	2.5122e-17
6088.4902	1.2707e-15	2.4374e-17
6094.0082	1.2698e-15	2.4136e-17
6099.5261	1.2725e-15	2.3658e-17
6105.0440	1.2722e-15	2.2637e-17
6110.5619	1.2721e-15	2.1932e-17
6116.0799	1.2700e-15	2.4162e-17
6121.5978	1.2675e-15	1.8883e-17
6127.1157	1.2612e-15	2.1307e-17
6132.6337	1.2504e-15	1.9362e-17
6138.1516	1.2379e-15	1.9640e-17
6143.6695	1.2236e-15	1.9304e-17
6149.1874	1.2056e-15	1.8992e-17
6154.7054	1.1871e-15	1.9426e-17
6160.2233	1.1663e-15	2.0540e-17
6165.7412	1.1413e-15	1.7816e-17
6171.2592	1.1136e-15	2.2013e-17
6176.7771	1.0833e-15	2.0651e-17
6182.2950	1.0510e-15	2.0941e-17
6187.8129	1.0170e-15	2.0983e-17
6193.3309	9.8575e-16	2.1814e-17
6198.8488	9.5873e-16	2.2092e-17
6204.3667	9.3076e-16	2.2052e-17
6209.8847	9.0549e-16	1.8883e-17
6215.4026	8.8197e-16	1.9014e-17
6220.9205	8.6675e-16	1.6879e-17
6226.4384	8.5186e-16	1.4791e-17
6231.9564	8.4209e-16	1.4416e-17
6237.4743	8.3746e-16	1.7278e-17
6242.9922	8.3403e-16	1.8563e-17
6248.5102	8.3571e-16	1.8725e-17
6254.0281	8.3712e-16	1.8327e-17
6259.5460	8.4232e-16	1.7864e-17
6265.0639	8.5359e-16	2.4328e-17
6270.5819	8.6935e-16	2.5221e-17
6276.0998	8.8715e-16	2.4105e-17
6281.6177	9.0549e-16	2.4107e-17
6287.1357	9.2310e-16	2.5499e-17
6292.6536	9.4418e-16	2.9221e-17
6298.1715	9.7090e-16	2.9246e-17
6303.6894	9.9062e-16	2.8781e-17
6309.2074	1.0150e-15	2.8895e-17
6314.7253	1.0378e-15	2.4795e-17
6320.2432	1.0613e-15	2.5223e-17
6325.7612	1.0847e-15	2.8479e-17
6331.2791	1.1062e-15	2.8525e-17
6336.7970	1.1261e-15	3.2507e-17
6342.3149	1.1454e-15	2.6957e-17
6347.8329	1.1627e-15	2.6849e-17
6353.3508	1.1844e-15	2.6057e-17
6358.8687	1.2002e-15	2.6059e-17
6364.3867	1.2098e-15	2.8544e-17
6369.9046	1.2212e-15	2.8039e-17
6375.4225	1.2331e-15	2.7475e-17
6380.9404	1.2440e-15	2.9298e-17
6386.4584	1.2539e-15	2.4885e-17
6391.9763	1.2657e-15	2.4894e-17
6397.4942	1.2751e-15	2.4107e-17
6403.0122	1.2817e-15	2.3899e-17
6408.5301	1.2846e-15	2.5946e-17
6414.0480	1.2865e-15	2.3875e-17
6419.5659	1.2910e-15	2.3447e-17
6425.0839	1.2955e-15	1.7880e-17
6430.6018	1.3018e-15	2.9133e-17
6436.1197	1.3044e-15	2.9973e-17
6441.6377	1.3070e-15	4.0200e-17
6447.1556	1.3081e-15	4.2863e-17
6452.6735	1.3040e-15	4.2960e-17
6458.1914	1.3012e-15	4.1796e-17
6463.7094	1.2978e-15	4.1789e-17
6469.2273	1.2900e-15	4.1668e-17
6474.7452	1.2805e-15	4.3562e-17
6480.2632	1.2715e-15	4.1068e-17
6485.7811	1.2618e-15	4.0945e-17
6491.2990	1.2501e-15	3.3335e-17
6496.8169	1.2368e-15	3.3940e-17
6502.3349	1.2184e-15	3.3592e-17
6507.8528	1.2062e-15	3.3893e-17
6513.3707	1.1941e-15	3.6429e-17
6518.8887	1.1835e-15	3.6711e-17
6524.4066	1.1773e-15	3.4448e-17
6529.9245	1.1711e-15	2.5939e-17
6535.4424	1.1629e-15	2.6117e-17
6540.9604	1.1621e-15	2.6698e-17
6546.4783	1.1651e-15	2.4639e-17
6551.9962	1.1699e-15	2.6065e-17
6557.5142	1.1698e-15	2.5749e-17
6563.0321	1.1742e-15	3.2650e-17
6568.5500	1.1850e-15	3.3260e-17
6574.0679	1.1985e-15	3.3142e-17
6579.5859	1.2119e-15	3.2668e-17
6585.1038	1.2269e-15	3.1400e-17
6590.6217	1.2465e-15	3.1389e-17
6596.1397	1.2655e-15	2.9779e-17
6601.6576	1.2814e-15	2.8354e-17
6607.1755	1.2932e-15	2.8234e-17
6612.6934	1.3028e-15	2.7550e-17
6618.2114	1.3140e-15	2.5599e-17
6623.7293	1.3281e-15	2.8546e-17
6629.2472	1.3388e-15	2.6317e-17
6634.7652	1.3441e-15	2.7852e-17
6640.2831	1.3512e-15	2.7985e-17
6645.8010	1.3583e-15	2.7426e-17
6651.3189	1.3616e-15	2.5642e-17
6656.8369	1.3655e-15	2.6739e-17
6662.3548	1.3657e-15	2.4073e-17
6667.8727	1.3637e-15	2.6110e-17
6673.3907	1.3646e-15	2.4514e-17
6678.9086	1.3657e-15	2.5179e-17
6684.4265	1.3644e-15	2.3095e-17
6689.9444	1.3589e-15	2.4207e-17
6695.4624	1.3529e-15	2.5809e-17
6700.9803	1.3459e-15	2.5967e-17
6706.4982	1.3412e-15	2.4655e-17
6712.0162	1.3378e-15	2.1206e-17
6717.5341	1.3343e-15	2.0561e-17
6723.0520	1.3296e-15	2.0825e-17
6728.5699	1.3231e-15	1.9327e-17
6734.0879	1.3160e-15	1.8677e-17
6739.6058	1.3125e-15	1.8904e-17
6745.1237	1.3068e-15	1.6703e-17
6750.6417	1.2994e-15	1.7209e-17
6756.1596	1.2941e-15	1.7422e-17
6761.6775	1.2889e-15	1.5513e-17
6767.1954	1.2809e-15	1.3158e-17
6772.7134	1.2725e-15	1.4699e-17
6778.2313	1.2643e-15	2.0951e-17
6783.7492	1.2667e-15	2.5749e-17
6789.2672	1.2742e-15	2.4092e-17
6794.7851	1.2753e-15	2.5249e-17
6800.3030	1.2716e-15	2.3555e-17
6805.8209	1.2668e-15	2.3492e-17
6811.3389	1.2576e-15	2.7106e-17
6816.8568	1.2471e-15	3.0329e-17
6822.3747	1.2340e-15	3.1710e-17
6827.8927	1.2177e-15	2.8597e-17
6833.4106	1.1951e-15	2.7419e-17
6838.9285	1.1756e-15	2.5280e-17
6844.4464	1.1576e-15	2.7750e-17
6849.9644	1.1330e-15	4.8655e-17
6855.4823	1.1124e-15	8.3422e-17
6861.0002	1.0941e-15	8.5704e-17
6866.5182	1.0785e-15	8.4653e-17
6872.0361	1.0647e-15	8.3688e-17
6877.5540	1.0536e-15	8.1003e-17
6883.0719	1.0430e-15	7.5026e-17
6888.5899	1.0353e-15	7.3171e-17
6894.1078	1.0304e-15	7.6807e-17
6899.6257	1.0280e-15	7.4167e-17
6905.1437	1.0309e-15	4.1154e-17
6910.6616	1.0366e-15	2.5934e-17
6916.1795	1.0445e-15	2.6213e-17
6921.6974	1.0539e-15	2.6763e-17
6927.2154	1.0641e-15	3.7762e-17
6932.7333	1.0750e-15	4.1996e-17
6938.2512	1.0878e-15	4.4704e-17
6943.7692	1.1011e-15	4.2269e-17
6949.2871	1.1119e-15	4.0504e-17
6954.8050	1.1189e-15	3.4101e-17
6960.3229	1.1215e-15	3.4025e-17
6965.8409	1.1262e-15	3.3958e-17
6971.3588	1.1270e-15	2.9522e-17
6976.8767	1.1307e-15	2.3445e-17
6982.3947	1.1447e-15	2.0410e-17
6987.9126	1.1576e-15	1.3869e-17
6993.4305	1.1677e-15	1.3866e-17
6998.9484	1.1767e-15	1.3137e-17
7004.4664	1.1899e-15	1.4991e-17
7009.9843	1.2040e-15	1.8916e-17
7015.5022	1.2169e-15	1.8757e-17
7021.0202	1.2284e-15	2.2275e-17
7026.5381	1.2371e-15	2.3664e-17
7032.0560	1.2413e-15	2.5171e-17
7037.5739	1.2458e-15	2.7789e-17
7043.0919	1.2522e-15	3.3987e-17
7048.6098	1.2543e-15	3.3306e-17
7054.1277	1.2578e-15	3.2838e-17
7059.6457	1.2578e-15	3.0423e-17
7065.1636	1.2571e-15	3.0426e-17
7070.6815	1.2572e-15	2.8532e-17
7076.1994	1.2583e-15	3.1310e-17
7081.7174	1.2567e-15	3.4028e-17
7087.2353	1.2580e-15	3.2554e-17
7092.7532	1.2588e-15	2.4599e-17
7098.2712	1.2611e-15	2.5845e-17
7103.7891	1.2623e-15	2.5485e-17
7109.3070	1.2619e-15	2.4274e-17
7114.8249	1.2612e-15	2.8118e-17
7120.3429	1.2581e-15	3.2771e-17
7125.8608	1.2485e-15	4.0210e-17
7131.3787	1.2353e-15	4.1077e-17
7136.8967	1.2185e-15	4.1234e-17
7142.4146	1.1970e-15	4.3031e-17
7147.9325	1.1780e-15	4.3126e-17
7153.4504	1.1599e-15	4.4145e-17
7158.9684	1.1417e-15	5.0577e-17
7164.4863	1.1278e-15	5.2066e-17
7170.0042	1.1101e-15	5.7368e-17
7175.5222	1.0987e-15	4.9545e-17
7181.0401	1.0890e-15	3.6190e-17
7186.5580	1.0781e-15	2.7468e-17
7192.0759	1.0681e-15	3.2074e-17
7197.5939	1.0623e-15	4.9696e-17
7203.1118	1.0636e-15	6.6477e-17
7208.6297	1.0674e-15	7.0285e-17
7214.1477	1.0716e-15	6.5590e-17
7219.6656	1.0759e-15	6.5878e-17
7225.1835	1.0773e-15	6.4068e-17
7230.7014	1.0830e-15	5.8802e-17
7236.2194	1.0914e-15	6.0398e-17
7241.7373	1.0996e-15	6.2153e-17
7247.2552	1.1032e-15	5.9823e-17
7252.7732	1.1034e-15	4.7766e-17
7258.2911	1.0988e-15	3.7596e-17
7263.8090	1.0981e-15	3.6408e-17
7269.3269	1.0969e-15	3.0015e-17
7274.8449	1.0909e-15	3.0741e-17
7280.3628	1.0852e-15	2.9502e-17
7285.8807	1.0831e-15	2.8018e-17
7291.3987	1.0831e-15	2.8717e-17
7296.9166	1.0918e-15	2.4125e-17
7302.4345	1.1000e-15	2.9320e-17
7307.9524	1.1085e-15	2.6430e-17
7313.4704	1.1182e-15	3.8645e-17
7318.9883	1.1293e-15	3.7782e-17
7324.5062	1.1377e-15	3.5880e-17
7330.0242	1.1437e-15	3.5876e-17
7335.5421	1.1443e-15	3.9758e-17
7341.0600	1.1438e-15	4.1275e-17
7346.5779	1.1496e-15	4.2066e-17
7352.0959	1.1528e-15	3.4540e-17
7357.6138	1.1540e-15	3.7706e-17
7363.1317	1.1570e-15	3.2898e-17
7368.6497	1.1533e-15	3.6729e-17
7374.1676	1.1510e-15	4.0498e-17
7379.6855	1.1485e-15	4.4304e-17
7385.2034	1.1464e-15	4.1766e-17
7390.7214	1.1451e-15	3.9351e-17
7396.2393	1.1478e-15	3.6722e-17
7401.7572	1.1506e-15	3.6939e-17
7407.2752	1.1507e-15	3.9157e-17
7412.7931	1.1542e-15	3.6703e-17
7418.3110	1.1570e-15	3.1785e-17
7423.8289	1.1616e-15	2.8977e-17
7429.3469	1.1690e-15	2.2865e-17
7434.8648	1.1771e-15	2.8591e-17
7440.3827	1.1772e-15	3.9452e-17
7445.9007	1.1740e-15	3.9470e-17
7451.4186	1.1750e-15	4.4852e-17
7456.9365	1.1763e-15	4.2733e-17
7462.4544	1.1792e-15	4.2664e-17
7467.9724	1.1749e-15	3.9445e-17
7473.4903	1.1671e-15	3.9218e-17
7479.0082	1.1605e-15	3.9127e-17
7484.5262	1.1587e-15	3.7466e-17
7490.0441	1.1551e-15	2.1186e-17
7495.5620	1.1535e-15	2.1231e-17
7501.0799	1.1419e-15	1.2488e-17
7506.5979	1.1270e-15	1.8402e-17
7512.1158	1.1254e-15	1.9425e-17
7517.6337	1.1411e-15	2.0651e-17
7523.1517	1.1629e-15	3.9433e-17
7528.6696	1.1788e-15	3.7719e-17
7534.1875	1.1829e-15	3.9504e-17
7539.7054	1.1789e-15	4.4397e-17
7545.2234	1.1711e-15	5.1307e-17
7550.7413	1.1585e-15	5.6665e-17
7556.2592	1.1415e-15	6.0817e-17
7561.7772	1.1126e-15	8.6723e-17
7567.2951	1.0659e-15	9.8285e-17
7572.8130	1.0137e-15	8.1413e-17
7578.3309	9.5783e-16	7.9000e-17
7583.8489	8.9955e-16	1.4601e-16
7589.3668	8.4083e-16	1.9107e-16
7594.8847	7.8434e-16	1.9542e-16
7600.4027	7.2599e-16	1.9420e-16
7605.9206	6.7136e-16	1.9293e-16
7611.4385	6.2813e-16	1.7744e-16
7616.9564	5.9722e-16	1.5702e-16
7622.4744	5.7997e-16	1.3505e-16
7627.9923	5.7541e-16	1.3580e-16
7633.5102	5.8233e-16	1.2058e-16
7639.0282	5.9465e-16	7.4940e-17
7644.5461	6.1940e-16	5.6329e-17
7650.0640	6.6159e-16	5.6334e-17
7655.5819	7.1310e-16	5.7426e-17
7661.0999	7.6962e-16	5.8087e-17
7666.6178	8.2646e-16	5.4697e-17
7672.1357	8.8196e-16	4.8446e-17
7677.6537	9.3476e-16	4.4152e-17
7683.1716	9.8137e-16	4.6225e-17
7688.6895	1.0149e-15	3.8514e-17
7694.2074	1.0363e-15	3.7116e-17
7699.7254	1.0444e-15	3.5968e-17
7705.2433	1.0446e-15	3.7826e-17
7710.7612	1.0527e-15	3.8350e-17
7716.2792	1.0626e-15	4.0072e-17
7721.7971	1.0675e-15	3.3195e-17
7727.3150	1.0678e-15	3.0462e-17
7732.8329	1.0668e-15	3.0909e-17
7738.3509	1.0652e-15	3.3153e-17
7743.8688	1.0643e-15	3.3819e-17
7749.3867	1.0606e-15	3.4054e-17
7754.9047	1.0620e-15	3.1917e-17
7760.4226	1.0681e-15	3.2028e-17
7765.9405	1.0715e-15	3.0910e-17
7771.4584	1.0748e-15	2.6159e-17
7776.9764	1.0787e-15	2.8657e-17
7782.4943	1.0859e-15	2.7916e-17
7788.0122	1.0924e-15	2.7272e-17
7793.5302	1.1023e-15	3.5667e-17
7799.0481	1.1109e-15	4.6491e-17
7804.5660	1.1198e-15	4.7810e-17
7810.0839	1.1297e-15	4.9441e-17
7815.6019	1.1369e-15	5.8610e-17
7821.1198	1.1451e-15	6.4717e-17
7826.6377	1.1548e-15	6.5826e-17
7832.1557	1.1646e-15	6.9862e-17
7837.6736	1.1741e-15	7.0991e-17
7843.1915	1.1849e-15	7.2561e-17
7848.7094	1.1878e-15	6.4525e-17
7854.2274	1.1888e-15	5.9400e-17
7859.7453	1.1884e-15	5.9808e-17
7865.2632	1.1906e-15	6.1421e-17
7870.7812	1.1904e-15	5.4657e-17
7876.2991	1.1895e-15	5.0856e-17
7881.8170	1.1881e-15	4.2767e-17
7887.3349	1.1890e-15	4.3743e-17
7892.8529	1.1887e-15	4.2760e-17
7898.3708	1.1874e-15	4.6701e-17
7903.8887	1.1811e-15	4.9291e-17
7909.4067	1.1783e-15	4.8674e-17
7914.9246	1.1722e-15	5.3282e-17
7920.4425	1.1670e-15	7.3928e-17
7925.9604	1.1646e-15	7.4722e-17
7931.4784	1.1652e-15	7.5061e-17
7936.9963	1.1671e-15	7.8976e-17
7942.5142	1.1639e-15	7.7706e-17
7948.0322	1.1571e-15	7.2924e-17
7953.5501	1.1596e-15	6.6471e-17
7959.0680	1.1628e-15	6.6348e-17
7964.5859	1.1563e-15	6.3473e-17
7970.1039	1.1487e-15	3.3079e-17
7975.6218	1.1426e-15	2.6291e-17
7981.1397	1.1356e-15	2.6258e-17
7986.6577	1.1238e-15	2.3732e-17
7992.1756	1.1166e-15	3.3788e-17
7997.6935	1.1074e-15	3.2462e-17
8003.2114	1.0940e-15	3.7087e-17
8008.7294	1.0804e-15	4.3948e-17
8014.2473	1.0646e-15	4.3985e-17
8019.7652	1.0546e-15	4.4877e-17
8025.2832	1.0488e-15	4.5695e-17
8030.8011	1.0432e-15	4.8907e-17
8036.3190	1.0338e-15	4.7525e-17
8041.8369	1.0250e-15	4.2278e-17
8047.3549	1.0087e-15	4.1413e-17
8052.8728	9.9238e-16	4.1879e-17
8058.3907	9.7569e-16	4.3916e-17
8063.9087	9.6105e-16	4.3609e-17
8069.4266	9.4128e-16	4.2441e-17
8074.9445	9.2220e-16	4.0082e-17
8080.4624	9.0260e-16	4.1615e-17
8085.9804	8.8237e-16	3.9209e-17
8091.4983	8.6109e-16	3.5996e-17
8097.0162	8.3459e-16	3.3873e-17
8102.5342	8.0047e-16	3.9718e-17
8108.0521	7.6711e-16	3.5099e-17
8113.5700	7.2852e-16	4.1281e-17
8119.0879	6.8764e-16	3.9880e-17
8124.6059	6.4956e-16	4.0851e-17
8130.1238	6.1305e-16	3.7531e-17
8135.6417	5.7953e-16	3.6157e-17
8141.1597	5.4627e-16	3.6140e-17
8146.6776	5.2137e-16	4.2249e-17
8152.1955	5.0006e-16	3.6922e-17
8157.7134	4.7782e-16	3.3342e-17
8163.2314	4.5318e-16	3.2037e-17
8168.7493	4.3736e-16	5.1991e-17
8174.2672	4.2460e-16	6.3048e-17
8179.7852	4.1001e-16	6.3064e-17
8185.3031	3.9755e-16	6.2892e-17
8190.8210	3.8966e-16	6.2467e-17
8196.3389	3.8619e-16	5.7975e-17
8201.8569	3.8357e-16	5.1320e-17
8207.3748	3.8542e-16	4.8343e-17
8212.8927	3.8738e-16	5.3786e-17
8218.4107	3.8952e-16	5.2648e-17
8223.9286	3.9156e-16	3.3961e-17
8229.4465	3.9124e-16	3.4834e-17
8234.9644	3.9317e-16	4.5271e-17
8240.4824	3.9883e-16	4.7029e-17
8246.0003	3.9823e-16	5.1466e-17
8251.5182	3.9658e-16	5.3219e-17
8257.0362	3.9555e-16	5.4736e-17
8262.5541	3.9460e-16	5.2865e-17
8268.0720	3.9696e-16	4.8651e-17
8273.5899	4.0130e-16	4.8471e-17
8279.1079	4.0998e-16	4.8588e-17
8284.6258	4.2078e-16	4.2611e-17
8290.1437	4.3340e-16	4.1334e-17
8295.6617	4.4078e-16	3.4593e-17
8301.1796	4.4643e-16	2.6770e-17
8306.6975	4.5469e-16	2.6543e-17
8312.2154	4.5913e-16	3.6234e-17
8317.7334	4.6322e-16	3.6684e-17
8323.2513	4.6664e-16	3.6710e-17
8328.7692	4.6752e-16	3.7156e-17
8334.2872	4.7072e-16	3.7724e-17
8339.8051	4.8145e-16	4.0150e-17
8345.3230	4.9728e-16	3.7814e-17
8350.8409	5.1336e-16	3.9580e-17
8356.3589	5.2609e-16	4.0378e-17
8361.8768	5.3477e-16	3.5548e-17
8367.3947	5.4289e-16	1.4354e-17
8372.9127	5.4925e-16	1.3023e-17
8378.4306	5.5967e-16	2.1868e-17
8383.9485	5.7475e-16	3.8041e-17
8389.4664	5.8806e-16	3.9665e-17
8394.9844	6.0608e-16	4.0403e-17
8400.5023	6.1801e-16	3.7716e-17
8406.0202	6.2908e-16	4.1999e-17
8411.5382	6.4618e-16	5.1978e-17
8417.0561	6.6459e-16	5.2191e-17
8422.5740	6.8566e-16	5.1992e-17
8428.0919	7.0561e-16	5.5535e-17
8433.6099	7.2751e-16	5.0020e-17
8439.1278	7.4061e-16	4.7500e-17
8444.6457	7.5151e-16	4.7976e-17
8450.1637	7.6970e-16	5.2163e-17
8455.6816	7.8567e-16	5.1307e-17
8461.1995	8.0919e-16	4.5629e-17
8466.7174	8.2881e-16	4.5133e-17
8472.2354	8.3975e-16	4.8025e-17
8477.7533	8.5409e-16	4.5507e-17
8483.2712	8.6540e-16	5.9216e-17
8488.7892	8.8511e-16	5.8441e-17
8494.3071	9.0642e-16	5.8125e-17
8499.8250	9.2966e-16	5.5288e-17
8505.3429	9.4642e-16	5.5965e-17
8510.8609	9.5666e-16	5.8777e-17
8516.3788	9.6153e-16	6.1915e-17
8521.8967	9.6754e-16	6.5654e-17
8527.4147	9.8063e-16	6.5696e-17
8532.9326	9.9790e-16	5.9365e-17
8538.4505	1.0182e-15	7.2376e-17
8543.9684	1.0333e-15	7.8965e-17
8549.4864	1.0441e-15	7.8153e-17
8555.0043	1.0484e-15	7.7909e-17
8560.5222	1.0594e-15	8.2743e-17
8566.0402	1.0763e-15	8.2374e-17
8571.5581	1.0957e-15	7.7894e-17
8577.0760	1.1184e-15	8.5139e-17
8582.5939	1.1365e-15	8.1291e-17
8588.1119	1.1514e-15	7.3387e-17
8593.6298	1.1657e-15	7.3618e-17
8599.1477	1.1747e-15	8.4301e-17
8604.6657	1.1885e-15	8.4287e-17
8610.1836	1.2172e-15	7.8592e-17
8615.7015	1.2413e-15	8.7531e-17
8621.2194	1.2575e-15	9.2278e-17
8626.7374	1.2598e-15	8.8398e-17
8632.2553	1.2591e-15	9.7605e-17
8637.7732	1.2563e-15	1.0013e-16
8643.2912	1.2631e-15	9.6139e-17
8648.8091	1.2800e-15	8.4263e-17
8654.3270	1.2913e-15	8.4052e-17
8659.8449	1.2984e-15	8.2582e-17
8665.3629	1.2952e-15	7.2080e-17
8670.8808	1.2914e-15	6.2538e-17
8676.3987	1.2931e-15	7.2946e-17
8681.9167	1.2991e-15	7.2936e-17
8687.4346	1.3148e-15	7.7535e-17
8692.9525	1.3262e-15	9.9402e-17
8698.4704	1.3315e-15	1.1663e-16
8703.9884	1.3253e-15	1.1609e-16
8709.5063	1.3218e-15	1.2363e-16
8715.0242	1.3188e-15	1.3088e-16
8720.5422	1.3211e-15	1.3093e-16
8726.0601	1.3348e-15	1.3039e-16
8731.5780	1.3417e-15	1.2583e-16
8737.0959	1.3339e-15	1.2640e-16
8742.6139	1.3181e-15	1.2043e-16
8748.1318	1.2991e-15	1.0408e-16
8753.6497	1.2928e-15	1.0713e-16
8759.1677	1.2974e-15	1.0271e-16
8764.6856	1.3027e-15	9.8926e-17
8770.2035	1.2996e-15	1.0069e-16
8775.7214	1.2887e-15	9.2515e-17
8781.2394	1.2756e-15	7.9221e-17
8786.7573	1.2714e-15	8.0650e-17
8792.2752	1.2732e-15	7.8260e-17
8797.7932	1.2738e-15	7.3906e-17
8803.3111	1.2776e-15	8.5355e-17
8808.8290	1.2818e-15	1.0305e-16
8814.3470	1.2747e-15	1.0175e-16
8819.8649	1.2659e-15	1.0475e-16
8825.3828	1.2551e-15	1.2448e-16
8830.9007	1.2476e-15	1.2128e-16
8836.4187	1.2413e-15	1.2083e-16
8841.9366	1.2363e-15	1.2515e-16
8847.4545	1.2295e-15	1.2423e-16
8852.9725	1.2128e-15	1.1917e-16
8858.4904	1.1889e-15	1.1033e-16
8864.0083	1.1716e-15	1.0832e-16
8869.5262	1.1623e-15	1.1428e-16
8875.0442	1.1505e-15	1.0008e-16
8880.5621	1.1391e-15	1.0176e-16
8886.0800	1.1282e-15	1.0124e-16
8891.5980	1.1133e-15	1.0501e-16
8897.1159	1.0999e-15	1.0225e-16
8902.6338	1.0880e-15	1.0139e-16
8908.1517	1.0783e-15	8.5544e-17
8913.6697	1.0672e-15	8.1175e-17
8919.1876	1.0595e-15	7.8256e-17
8924.7055	1.0564e-15	7.0854e-17
8930.2235	1.0437e-15	6.1509e-17
8935.7414	1.0173e-15	6.2815e-17
8941.2593	9.8609e-16	4.7237e-17
8946.7772	9.5836e-16	4.9041e-17
8952.2952	9.4171e-16	5.2002e-17
8957.8131	9.1601e-16	5.1822e-17
8963.3310	8.9001e-16	5.3516e-17
8968.8490	8.5700e-16	6.0807e-17
8974.3669	8.2086e-16	6.0929e-17
8979.8848	7.9000e-16	6.3521e-17
8985.4027	7.7420e-16	6.0681e-17
8990.9207	7.6196e-16	6.7092e-17
8996.4386	7.4965e-16	5.3971e-17
9001.9565	7.3120e-16	4.1624e-17
9007.4745	7.0945e-16	5.5830e-17
9012.9924	6.9266e-16	6.4384e-17
9018.5103	6.9008e-16	5.7695e-17
9024.0282	6.9125e-16	5.7104e-17
9029.5462	6.9471e-16	5.9756e-17
9035.0641	6.9138e-16	6.0396e-17
9040.5820	6.8494e-16	5.0816e-17
9046.1000	6.8238e-16	4.2768e-17
9051.6179	6.8325e-16	4.2376e-17
9057.1358	6.8977e-16	5.2970e-17
9062.6537	7.0305e-16	4.8437e-17
9068.1717	7.1416e-16	4.9179e-17
9073.6896	7.1341e-16	5.7238e-17
9079.2075	7.1221e-16	5.1097e-17
9084.7255	7.1653e-16	5.0766e-17
9090.2434	7.2279e-16	4.8537e-17
9095.7613	7.2831e-16	5.0277e-17
9101.2792	7.2720e-16	5.1623e-17
9106.7972	7.2420e-16	5.7592e-17
9112.3151	7.2464e-16	5.2479e-17
9117.8330	7.2767e-16	5.5962e-17
9123.3510	7.3268e-16	5.9054e-17
9128.8689	7.4208e-16	6.6780e-17
9134.3868	7.4884e-16	6.7557e-17
9139.9047	7.5574e-16	6.8783e-17
9145.4227	7.6138e-16	6.9431e-17
9150.9406	7.6472e-16	7.0060e-17
9156.4585	7.6247e-16	5.2135e-17
9161.9765	7.6465e-16	4.7757e-17
9167.4944	7.6397e-16	5.8923e-17
9173.0123	7.6457e-16	5.7907e-17
9178.5302	7.6781e-16	4.8868e-17
9184.0482	7.7937e-16	4.5539e-17
9189.5661	7.9429e-16	4.4317e-17
9195.0840	8.1319e-16	4.9626e-17
9200.6020	8.2866e-16	6.2645e-17
9206.1199	8.4745e-16	6.6941e-17
9211.6378	8.7072e-16	6.5552e-17
9217.1557	8.9753e-16	6.4314e-17
9222.6737	9.2322e-16	6.4314e-17
9228.1916	9.4937e-16	6.4314e-17
9233.7095	9.6713e-16	6.4314e-17
9239.2275	9.8321e-16	6.4314e-17
