#wls	flux	fluxerr
1.592040E+03	1.555219E-17	1.328769E-18
1.631841E+03	1.549464E-17	1.322308E-18
1.671642E+03	1.542931E-17	1.315149E-18
1.711443E+03	1.535307E-17	1.307028E-18
1.751244E+03	1.527120E-17	1.298396E-18
1.791045E+03	1.517765E-17	1.288741E-18
1.830846E+03	1.506820E-17	1.277708E-18
1.870647E+03	1.493782E-17	1.264876E-18
1.910448E+03	1.478683E-17	1.250282E-18
1.950249E+03	1.460576E-17	1.233131E-18
1.990050E+03	1.440150E-17	1.214019E-18
2.029851E+03	1.418100E-17	1.193537E-18
2.069652E+03	1.398103E-17	1.174786E-18
2.109453E+03	1.383925E-17	1.160915E-18
2.149254E+03	1.379978E-17	1.155596E-18
2.189055E+03	1.388308E-17	1.160493E-18
2.228856E+03	1.407230E-17	1.174141E-18
2.268657E+03	1.433815E-17	1.194050E-18
2.308458E+03	1.464021E-17	1.216818E-18
2.348259E+03	1.495856E-17	1.240768E-18
2.388060E+03	1.528243E-17	1.264995E-18
2.427861E+03	1.560156E-17	1.288642E-18
2.467662E+03	1.592368E-17	1.312342E-18
2.507463E+03	1.624813E-17	1.336033E-18
2.547264E+03	1.658032E-17	1.360148E-18
2.587065E+03	1.692572E-17	1.385125E-18
2.626866E+03	1.728682E-17	1.411149E-18
2.666667E+03	1.766848E-17	1.438601E-18
2.706468E+03	1.807797E-17	1.468047E-18
2.746269E+03	1.851679E-17	1.499580E-18
2.786070E+03	1.898887E-17	1.533490E-18
2.825871E+03	1.950073E-17	1.570265E-18
2.865672E+03	2.005870E-17	1.610374E-18
2.905473E+03	2.066345E-17	1.653824E-18
2.945274E+03	2.132655E-17	1.701486E-18
2.985075E+03	2.204843E-17	1.753335E-18
2.995025E+03	2.223873E-17	1.766996E-18
3.004975E+03	2.243462E-17	1.781064E-18
3.014925E+03	2.263611E-17	1.795541E-18
3.024876E+03	2.284051E-17	1.810211E-18
3.034826E+03	2.305082E-17	1.825311E-18
3.044776E+03	2.326711E-17	1.840845E-18
3.054726E+03	2.348709E-17	1.856631E-18
3.064677E+03	2.371617E-17	1.873093E-18
3.074627E+03	2.394874E-17	1.889788E-18
3.084577E+03	2.418746E-17	1.906925E-18
3.094527E+03	2.443224E-17	1.924494E-18
3.104478E+03	2.468302E-17	1.942488E-18
3.114428E+03	2.494249E-17	1.961119E-18
3.124378E+03	2.520505E-17	1.979943E-18
3.134328E+03	2.547618E-17	1.999389E-18
3.144279E+03	2.575304E-17	2.019233E-18
3.154229E+03	2.603559E-17	2.039470E-18
3.164179E+03	2.632657E-17	2.060311E-18
3.174129E+03	2.662591E-17	2.081751E-18
3.184080E+03	2.692803E-17	2.103350E-18
3.194030E+03	2.724123E-17	2.125754E-18
3.203980E+03	2.755990E-17	2.148524E-18
3.213930E+03	2.788680E-17	2.171872E-18
3.223881E+03	2.822191E-17	2.195794E-18
3.233831E+03	2.856239E-17	2.220068E-18
3.243781E+03	2.891380E-17	2.245123E-18
3.253731E+03	2.927332E-17	2.270738E-18
3.263682E+03	2.963814E-17	2.296691E-18
3.273632E+03	3.001659E-17	2.323626E-18
3.283582E+03	3.040030E-17	2.350891E-18
3.293532E+03	3.079480E-17	2.378913E-18
3.303483E+03	3.119729E-17	2.407471E-18
3.313433E+03	3.161054E-17	2.436776E-18
3.323383E+03	3.203451E-17	2.466822E-18
3.333333E+03	3.246640E-17	2.497390E-18
3.343284E+03	3.290896E-17	2.528689E-18
3.353234E+03	3.336497E-17	2.560929E-18
3.363184E+03	3.382882E-17	2.593675E-18
3.373134E+03	3.430327E-17	2.627135E-18
3.383085E+03	3.479108E-17	2.661517E-18
3.393035E+03	3.529223E-17	2.696816E-18
3.402985E+03	3.580109E-17	2.732598E-18
3.412935E+03	3.632602E-17	2.769496E-18
3.422886E+03	3.686138E-17	2.807076E-18
3.432836E+03	3.740995E-17	2.845546E-18
3.442786E+03	3.797169E-17	2.884897E-18
3.452736E+03	3.854653E-17	2.925121E-18
3.462687E+03	3.913725E-17	2.966424E-18
3.472637E+03	3.974100E-17	3.008583E-18
3.482587E+03	4.035774E-17	3.051591E-18
3.492537E+03	4.099020E-17	3.095651E-18
3.502488E+03	4.163556E-17	3.140543E-18
3.512438E+03	4.229932E-17	3.186677E-18
3.522388E+03	4.297864E-17	3.233833E-18
3.532338E+03	4.367347E-17	3.282001E-18
3.542289E+03	4.438372E-17	3.331170E-18
3.552239E+03	4.511213E-17	3.381537E-18
3.562189E+03	4.585584E-17	3.432884E-18
3.572139E+03	4.661756E-17	3.485406E-18
3.582090E+03	4.739721E-17	3.539090E-18
3.592040E+03	4.819472E-17	3.593925E-18
3.601990E+03	4.900998E-17	3.649896E-18
3.611940E+03	4.984570E-17	3.707197E-18
3.621891E+03	5.069901E-17	3.765608E-18
3.631841E+03	5.157259E-17	3.825319E-18
3.641791E+03	5.246356E-17	3.886110E-18
3.651741E+03	5.337738E-17	3.948378E-18
3.661692E+03	5.431114E-17	4.011898E-18
3.671642E+03	5.526475E-17	4.076657E-18
3.681592E+03	5.623809E-17	4.142636E-18
3.691542E+03	5.723381E-17	4.210024E-18
3.701493E+03	5.825180E-17	4.278801E-18
3.711443E+03	5.929191E-17	4.348949E-18
3.721393E+03	6.035401E-17	4.420450E-18
3.731343E+03	6.143799E-17	4.493283E-18
3.741294E+03	6.254370E-17	4.567431E-18
3.751244E+03	6.367375E-17	4.643074E-18
3.761194E+03	6.482525E-17	4.719991E-18
3.771144E+03	6.600080E-17	4.798361E-18
3.781095E+03	6.720026E-17	4.878164E-18
3.791045E+03	6.842347E-17	4.959378E-18
3.800995E+03	6.967027E-17	5.041981E-18
3.810945E+03	7.094052E-17	5.125951E-18
3.820896E+03	7.223681E-17	5.211465E-18
3.830846E+03	7.355620E-17	5.298299E-18
3.840796E+03	7.490130E-17	5.386631E-18
3.850746E+03	7.626921E-17	5.476239E-18
3.860697E+03	7.766249E-17	5.567297E-18
3.870647E+03	7.907827E-17	5.659587E-18
3.880597E+03	8.051911E-17	5.753280E-18
3.890547E+03	8.198757E-17	5.848548E-18
3.900498E+03	8.347805E-17	5.944979E-18
3.910448E+03	8.499313E-17	6.042743E-18
3.920398E+03	8.653263E-17	6.141818E-18
3.930348E+03	8.809372E-17	6.241988E-18
3.940299E+03	8.968168E-17	6.343616E-18
3.950249E+03	9.129095E-17	6.446297E-18
3.960199E+03	9.292411E-17	6.550199E-18
3.970149E+03	9.458103E-17	6.655302E-18
3.980100E+03	9.625890E-17	6.761395E-18
3.990050E+03	9.796033E-17	6.868649E-18
4.000000E+03	9.968251E-17	6.976855E-18
4.009950E+03	1.014280E-16	7.086182E-18
4.019900E+03	1.031915E-16	7.196239E-18
4.029851E+03	1.049755E-16	7.307192E-18
4.039801E+03	1.067800E-16	7.419035E-18
4.049751E+03	1.086023E-16	7.531561E-18
4.059701E+03	1.104423E-16	7.644760E-18
4.069652E+03	1.123002E-16	7.758621E-18
4.079602E+03	1.141731E-16	7.872945E-18
4.089552E+03	1.160613E-16	7.987729E-18
4.099502E+03	1.179646E-16	8.102964E-18
4.109453E+03	1.198806E-16	8.218459E-18
4.119403E+03	1.218093E-16	8.334212E-18
4.129353E+03	1.237482E-16	8.450048E-18
4.139303E+03	1.256975E-16	8.565959E-18
4.149254E+03	1.276572E-16	8.681941E-18
4.159204E+03	1.296224E-16	8.797652E-18
4.169154E+03	1.315932E-16	8.913092E-18
4.179104E+03	1.335699E-16	9.028272E-18
4.189055E+03	1.355500E-16	9.143017E-18
4.199005E+03	1.375339E-16	9.257346E-18
4.208955E+03	1.395141E-16	9.370745E-18
4.218905E+03	1.414960E-16	9.483583E-18
4.228856E+03	1.434748E-16	9.595523E-18
4.238806E+03	1.454482E-16	9.706413E-18
4.248756E+03	1.474142E-16	9.816108E-18
4.258706E+03	1.493730E-16	9.924628E-18
4.268657E+03	1.513251E-16	1.003200E-17
4.278607E+03	1.532634E-16	1.013775E-17
4.288557E+03	1.551880E-16	1.024189E-17
4.298507E+03	1.570997E-16	1.034447E-17
4.308458E+03	1.589962E-16	1.044535E-17
4.318408E+03	1.608757E-16	1.054439E-17
4.328358E+03	1.627361E-16	1.064147E-17
4.338308E+03	1.645752E-16	1.073645E-17
4.348259E+03	1.663936E-16	1.082938E-17
4.358209E+03	1.681946E-16	1.092046E-17
4.368159E+03	1.699736E-16	1.100941E-17
4.378109E+03	1.717336E-16	1.109642E-17
4.388060E+03	1.734752E-16	1.118154E-17
4.398010E+03	1.752015E-16	1.126497E-17
4.407960E+03	1.769181E-16	1.134707E-17
4.417910E+03	1.786258E-16	1.142788E-17
4.427861E+03	1.803350E-16	1.150808E-17
4.437811E+03	1.820387E-16	1.158722E-17
4.447761E+03	1.837322E-16	1.166499E-17
4.457711E+03	1.854136E-16	1.174126E-17
4.467662E+03	1.870757E-16	1.181559E-17
4.477612E+03	1.887165E-16	1.188785E-17
4.487562E+03	1.903313E-16	1.195777E-17
4.497512E+03	1.919206E-16	1.202536E-17
4.507463E+03	1.934796E-16	1.209035E-17
4.517413E+03	1.950115E-16	1.215294E-17
4.527363E+03	1.965140E-16	1.221299E-17
4.537313E+03	1.979874E-16	1.227055E-17
4.547264E+03	1.994297E-16	1.232548E-17
4.557214E+03	2.008460E-16	1.237813E-17
4.567164E+03	2.022343E-16	1.242836E-17
4.577114E+03	2.035921E-16	1.247605E-17
4.587065E+03	2.049246E-16	1.252152E-17
4.597015E+03	2.062323E-16	1.256481E-17
4.606965E+03	2.075149E-16	1.260591E-17
4.616915E+03	2.087729E-16	1.264486E-17
4.626866E+03	2.100061E-16	1.268166E-17
4.636816E+03	2.112198E-16	1.271663E-17
4.646766E+03	2.124114E-16	1.274963E-17
4.656716E+03	2.135860E-16	1.278097E-17
4.666667E+03	2.147409E-16	1.281048E-17
4.676617E+03	2.158788E-16	1.283835E-17
4.686567E+03	2.170045E-16	1.286486E-17
4.696517E+03	2.181156E-16	1.288987E-17
4.706468E+03	2.192167E-16	1.291365E-17
4.716418E+03	2.203106E-16	1.293638E-17
4.726368E+03	2.213971E-16	1.295804E-17
4.736318E+03	2.224811E-16	1.297891E-17
4.746269E+03	2.235624E-16	1.299899E-17
4.756219E+03	2.246461E-16	1.301857E-17
4.766169E+03	2.257293E-16	1.303746E-17
4.776119E+03	2.268172E-16	1.305598E-17
4.786070E+03	2.279045E-16	1.307380E-17
4.796020E+03	2.289933E-16	1.309105E-17
4.805970E+03	2.300812E-16	1.310759E-17
4.815920E+03	2.311679E-16	1.312338E-17
4.825871E+03	2.322532E-16	1.313842E-17
4.835821E+03	2.333371E-16	1.315271E-17
4.845771E+03	2.344168E-16	1.316608E-17
4.855721E+03	2.354949E-16	1.317869E-17
4.865672E+03	2.365686E-16	1.319036E-17
4.875622E+03	2.376405E-16	1.320124E-17
4.885572E+03	2.387080E-16	1.321120E-17
4.895522E+03	2.397737E-16	1.322036E-17
4.905473E+03	2.408377E-16	1.322873E-17
4.915423E+03	2.418999E-16	1.323630E-17
4.925373E+03	2.429629E-16	1.324322E-17
4.935323E+03	2.440215E-16	1.324919E-17
4.945274E+03	2.450810E-16	1.325450E-17
4.955224E+03	2.461413E-16	1.325915E-17
4.965174E+03	2.472024E-16	1.326312E-17
4.975124E+03	2.482617E-16	1.326627E-17
4.985075E+03	2.493246E-16	1.326889E-17
4.995025E+03	2.503883E-16	1.327083E-17
5.004975E+03	2.514528E-16	1.327207E-17
5.014925E+03	2.525207E-16	1.327276E-17
5.024876E+03	2.535895E-16	1.327274E-17
5.034826E+03	2.546616E-16	1.327215E-17
5.044776E+03	2.557373E-16	1.327099E-17
5.054726E+03	2.568163E-16	1.326925E-17
5.064677E+03	2.578987E-16	1.326691E-17
5.074627E+03	2.589845E-16	1.326398E-17
5.084577E+03	2.600737E-16	1.326045E-17
5.094527E+03	2.611662E-16	1.325630E-17
5.104478E+03	2.622647E-16	1.325168E-17
5.114428E+03	2.633666E-16	1.324643E-17
5.124378E+03	2.644745E-16	1.324068E-17
5.134328E+03	2.655886E-16	1.323443E-17
5.144279E+03	2.667059E-16	1.322753E-17
5.154229E+03	2.678294E-16	1.322012E-17
5.164179E+03	2.689590E-16	1.321219E-17
5.174129E+03	2.700919E-16	1.320359E-17
5.184080E+03	2.712340E-16	1.319460E-17
5.194030E+03	2.723822E-16	1.318506E-17
5.203980E+03	2.735369E-16	1.317499E-17
5.213930E+03	2.746980E-16	1.316436E-17
5.223881E+03	2.758655E-16	1.315318E-17
5.233831E+03	2.770397E-16	1.314144E-17
5.243781E+03	2.782235E-16	1.312927E-17
5.253731E+03	2.794170E-16	1.311668E-17
5.263682E+03	2.806147E-16	1.310339E-17
5.273632E+03	2.818253E-16	1.308980E-17
5.283582E+03	2.830432E-16	1.307563E-17
5.293532E+03	2.842688E-16	1.306091E-17
5.303483E+03	2.855050E-16	1.304574E-17
5.313433E+03	2.867521E-16	1.303013E-17
5.323383E+03	2.880104E-16	1.301409E-17
5.333333E+03	2.892773E-16	1.299749E-17
5.343284E+03	2.905559E-16	1.298045E-17
5.353234E+03	2.918466E-16	1.296298E-17
5.363184E+03	2.931497E-16	1.294508E-17
5.373134E+03	2.944628E-16	1.292664E-17
5.383085E+03	2.957920E-16	1.290790E-17
5.393035E+03	2.971319E-16	1.288862E-17
5.402985E+03	2.984858E-16	1.286893E-17
5.412935E+03	2.998542E-16	1.284885E-17
5.422886E+03	3.012347E-16	1.282824E-17
5.432836E+03	3.026337E-16	1.280737E-17
5.442786E+03	3.040458E-16	1.278600E-17
5.452736E+03	3.054716E-16	1.276414E-17
5.462687E+03	3.069146E-16	1.274192E-17
5.472637E+03	3.083755E-16	1.271936E-17
5.482587E+03	3.098519E-16	1.269633E-17
5.492537E+03	3.113443E-16	1.267285E-17
5.502488E+03	3.128537E-16	1.264893E-17
5.512438E+03	3.143839E-16	1.262473E-17
5.522388E+03	3.159324E-16	1.260011E-17
5.532338E+03	3.175032E-16	1.257523E-17
5.542289E+03	3.190972E-16	1.255010E-17
5.552239E+03	3.207122E-16	1.252461E-17
5.562189E+03	3.223522E-16	1.249890E-17
5.572139E+03	3.240149E-16	1.247286E-17
5.582090E+03	3.257080E-16	1.244677E-17
5.592040E+03	3.274227E-16	1.242026E-17
5.601990E+03	3.291666E-16	1.239361E-17
5.611940E+03	3.309408E-16	1.236683E-17
5.621891E+03	3.327431E-16	1.233981E-17
5.631841E+03	3.345782E-16	1.231271E-17
5.641791E+03	3.364406E-16	1.228531E-17
5.651741E+03	3.383382E-16	1.225785E-17
5.661692E+03	3.402691E-16	1.223025E-17
5.671642E+03	3.422345E-16	1.220253E-17
5.681592E+03	3.442359E-16	1.217471E-17
5.691542E+03	3.462713E-16	1.214670E-17
5.701493E+03	3.483490E-16	1.211875E-17
5.711443E+03	3.504635E-16	1.209066E-17
5.721393E+03	3.526167E-16	1.206244E-17
5.731343E+03	3.548132E-16	1.203424E-17
5.741294E+03	3.570515E-16	1.200598E-17
5.751244E+03	3.593366E-16	1.197778E-17
5.761194E+03	3.616630E-16	1.194944E-17
5.771144E+03	3.640361E-16	1.192110E-17
5.781095E+03	3.664576E-16	1.189280E-17
5.791045E+03	3.689292E-16	1.186454E-17
5.800995E+03	3.714491E-16	1.183625E-17
5.810945E+03	3.740228E-16	1.180806E-17
5.820896E+03	3.766483E-16	1.177989E-17
5.830846E+03	3.793276E-16	1.175175E-17
5.840796E+03	3.820660E-16	1.172379E-17
5.850746E+03	3.848582E-16	1.169580E-17
5.860697E+03	3.877094E-16	1.166792E-17
5.870647E+03	3.906218E-16	1.164018E-17
5.880597E+03	3.935931E-16	1.161247E-17
5.890547E+03	3.966330E-16	1.158506E-17
5.900498E+03	3.997316E-16	1.155763E-17
5.910448E+03	4.028984E-16	1.153041E-17
5.920398E+03	4.061312E-16	1.150333E-17
5.930348E+03	4.094315E-16	1.147639E-17
5.940299E+03	4.128052E-16	1.144973E-17
5.950249E+03	4.162454E-16	1.142314E-17
5.960199E+03	4.197620E-16	1.139687E-17
5.970149E+03	4.233479E-16	1.137071E-17
5.980100E+03	4.270086E-16	1.134478E-17
5.990050E+03	4.307493E-16	1.131922E-17
6.000000E+03	4.345628E-16	1.129380E-17
6.009950E+03	4.384540E-16	1.126866E-17
6.019900E+03	4.424236E-16	1.124381E-17
6.029851E+03	4.464721E-16	1.121926E-17
6.039801E+03	4.505998E-16	1.119502E-17
6.049751E+03	4.548024E-16	1.117099E-17
6.059701E+03	4.590885E-16	1.114740E-17
6.069652E+03	4.634489E-16	1.112404E-17
6.079602E+03	4.678871E-16	1.110103E-17
6.089552E+03	4.724023E-16	1.107838E-17
6.099502E+03	4.769882E-16	1.105599E-17
6.109453E+03	4.816527E-16	1.103410E-17
6.119403E+03	4.863791E-16	1.101238E-17
6.129353E+03	4.911794E-16	1.099117E-17
6.139303E+03	4.960456E-16	1.097039E-17
6.149254E+03	5.009744E-16	1.095004E-17
6.159204E+03	5.059618E-16	1.093015E-17
6.169154E+03	5.110034E-16	1.091074E-17
6.179104E+03	5.160942E-16	1.089184E-17
6.189055E+03	5.212288E-16	1.087347E-17
6.199005E+03	5.264012E-16	1.085567E-17
6.208955E+03	5.316101E-16	1.083860E-17
6.218905E+03	5.368378E-16	1.082208E-17
6.228856E+03	5.420872E-16	1.080637E-17
6.238806E+03	5.473500E-16	1.079154E-17
6.248756E+03	5.526116E-16	1.077754E-17
6.258706E+03	5.578620E-16	1.076442E-17
6.268657E+03	5.630960E-16	1.075237E-17
6.278607E+03	5.682966E-16	1.074134E-17
6.288557E+03	5.734626E-16	1.073162E-17
6.298507E+03	5.785693E-16	1.072306E-17
6.308458E+03	5.836083E-16	1.071584E-17
6.318408E+03	5.885647E-16	1.071003E-17
6.328358E+03	5.934223E-16	1.070571E-17
6.338308E+03	5.981645E-16	1.070293E-17
6.348259E+03	6.027736E-16	1.070175E-17
6.358209E+03	6.072378E-16	1.070235E-17
6.368159E+03	6.115321E-16	1.070466E-17
6.378109E+03	6.156442E-16	1.070886E-17
6.388060E+03	6.195499E-16	1.071489E-17
6.398010E+03	6.232459E-16	1.072307E-17
6.407960E+03	6.267061E-16	1.073331E-17
6.417910E+03	6.299279E-16	1.074589E-17
6.427861E+03	6.329135E-16	1.076117E-17
6.437811E+03	6.356624E-16	1.077944E-17
6.447761E+03	6.381697E-16	1.080088E-17
6.457711E+03	6.404599E-16	1.082613E-17
6.467662E+03	6.425243E-16	1.085525E-17
6.477612E+03	6.443817E-16	1.088869E-17
6.487562E+03	6.460311E-16	1.092641E-17
6.497512E+03	6.474712E-16	1.096833E-17
6.507463E+03	6.487072E-16	1.101444E-17
6.517413E+03	6.497587E-16	1.106495E-17
6.527363E+03	6.506099E-16	1.111943E-17
6.537313E+03	6.512869E-16	1.117815E-17
6.547264E+03	6.517806E-16	1.124076E-17
6.557214E+03	6.521031E-16	1.130725E-17
6.567164E+03	6.522660E-16	1.137757E-17
6.577114E+03	6.522598E-16	1.145132E-17
6.587065E+03	6.521033E-16	1.152855E-17
6.597015E+03	6.518006E-16	1.160907E-17
6.606965E+03	6.513490E-16	1.169253E-17
6.616915E+03	6.507526E-16	1.177873E-17
6.626866E+03	6.500298E-16	1.186768E-17
6.636816E+03	6.491774E-16	1.195905E-17
6.646766E+03	6.481993E-16	1.205261E-17
6.656716E+03	6.470992E-16	1.214811E-17
6.666667E+03	6.458809E-16	1.224534E-17
6.676617E+03	6.445553E-16	1.234420E-17
6.686567E+03	6.431187E-16	1.244434E-17
6.696517E+03	6.415818E-16	1.254568E-17
6.706468E+03	6.399410E-16	1.264786E-17
6.716418E+03	6.382068E-16	1.275082E-17
6.726368E+03	6.363826E-16	1.285435E-17
6.736318E+03	6.344717E-16	1.295828E-17
6.746269E+03	6.324774E-16	1.306241E-17
6.756219E+03	6.303957E-16	1.316641E-17
6.766169E+03	6.282443E-16	1.327043E-17
6.776119E+03	6.260190E-16	1.337414E-17
6.786070E+03	6.237231E-16	1.347740E-17
6.796020E+03	6.213595E-16	1.358007E-17
6.805970E+03	6.189316E-16	1.368201E-17
6.815920E+03	6.164492E-16	1.378325E-17
6.825871E+03	6.139086E-16	1.388353E-17
6.835821E+03	6.113125E-16	1.398274E-17
6.845771E+03	6.086712E-16	1.408093E-17
6.855721E+03	6.059804E-16	1.417786E-17
6.865672E+03	6.032503E-16	1.427362E-17
6.875622E+03	6.004839E-16	1.436814E-17
6.885572E+03	5.976768E-16	1.446118E-17
6.895522E+03	5.948321E-16	1.455268E-17
6.905473E+03	5.919667E-16	1.464295E-17
6.915423E+03	5.890694E-16	1.473160E-17
6.925373E+03	5.861501E-16	1.481878E-17
6.935323E+03	5.832047E-16	1.490427E-17
6.945274E+03	5.802430E-16	1.498825E-17
6.955224E+03	5.772747E-16	1.507089E-17
6.965174E+03	5.742888E-16	1.515182E-17
6.975124E+03	5.712949E-16	1.523122E-17
6.985075E+03	5.682889E-16	1.530892E-17
6.995025E+03	5.652874E-16	1.538532E-17
7.004975E+03	5.622861E-16	1.546024E-17
7.014925E+03	5.592880E-16	1.553371E-17
7.024876E+03	5.562953E-16	1.560578E-17
7.034826E+03	5.533110E-16	1.567647E-17
7.044776E+03	5.503376E-16	1.574584E-17
7.054726E+03	5.473778E-16	1.581392E-17
7.064677E+03	5.444341E-16	1.588078E-17
7.074627E+03	5.415160E-16	1.594668E-17
7.084577E+03	5.386190E-16	1.601147E-17
7.094527E+03	5.357458E-16	1.607523E-17
7.104478E+03	5.328987E-16	1.613802E-17
7.114428E+03	5.300870E-16	1.620012E-17
7.124378E+03	5.273064E-16	1.626141E-17
7.134328E+03	5.245660E-16	1.632219E-17
7.144279E+03	5.218612E-16	1.638231E-17
7.154229E+03	5.192011E-16	1.644209E-17
7.164179E+03	5.165882E-16	1.650161E-17
7.174129E+03	5.140177E-16	1.656077E-17
7.184080E+03	5.114920E-16	1.661965E-17
7.194030E+03	5.090265E-16	1.667878E-17
7.203980E+03	5.066101E-16	1.673783E-17
7.213930E+03	5.042514E-16	1.679713E-17
7.223881E+03	5.019525E-16	1.685677E-17
7.233831E+03	4.997154E-16	1.691688E-17
7.243781E+03	4.975420E-16	1.697755E-17
7.253731E+03	4.954276E-16	1.703868E-17
7.263682E+03	4.933874E-16	1.710082E-17
7.273632E+03	4.914165E-16	1.716387E-17
7.283582E+03	4.895167E-16	1.722793E-17
7.293532E+03	4.876834E-16	1.729289E-17
7.303483E+03	4.859311E-16	1.735933E-17
7.313433E+03	4.842551E-16	1.742713E-17
7.323383E+03	4.826570E-16	1.749641E-17
7.333333E+03	4.811450E-16	1.756753E-17
7.343284E+03	4.797074E-16	1.764011E-17
7.353234E+03	4.783587E-16	1.771477E-17
7.363184E+03	4.770941E-16	1.779137E-17
7.373134E+03	4.759275E-16	1.787052E-17
7.383085E+03	4.748477E-16	1.795185E-17
7.393035E+03	4.738623E-16	1.803572E-17
7.402985E+03	4.729789E-16	1.812250E-17
7.412935E+03	4.721860E-16	1.821182E-17
7.422886E+03	4.714847E-16	1.830378E-17
7.432836E+03	4.708763E-16	1.839851E-17
7.442786E+03	4.703681E-16	1.849636E-17
7.452736E+03	4.699485E-16	1.859694E-17
7.462687E+03	4.696248E-16	1.870062E-17
7.472637E+03	4.693915E-16	1.880723E-17
7.482587E+03	4.692495E-16	1.891688E-17
7.492537E+03	4.692059E-16	1.902994E-17
7.502488E+03	4.692489E-16	1.914597E-17
7.512438E+03	4.693919E-16	1.926560E-17
7.522388E+03	4.696291E-16	1.938865E-17
7.532338E+03	4.699547E-16	1.951495E-17
7.542289E+03	4.703759E-16	1.964487E-17
7.552239E+03	4.708929E-16	1.977847E-17
7.562189E+03	4.714998E-16	1.991557E-17
7.572139E+03	4.722037E-16	2.005653E-17
7.582090E+03	4.729982E-16	2.020115E-17
7.592040E+03	4.738837E-16	2.034951E-17
7.601990E+03	4.748670E-16	2.050195E-17
7.611940E+03	4.759482E-16	2.065855E-17
7.621891E+03	4.771147E-16	2.081881E-17
7.631841E+03	4.783793E-16	2.098336E-17
7.641791E+03	4.797357E-16	2.115198E-17
7.651741E+03	4.811841E-16	2.132474E-17
7.661692E+03	4.827243E-16	2.150167E-17
7.671642E+03	4.843562E-16	2.168285E-17
7.681592E+03	4.860799E-16	2.186833E-17
7.691542E+03	4.879022E-16	2.205847E-17
7.701493E+03	4.898159E-16	2.225300E-17
7.711443E+03	4.918212E-16	2.245200E-17
7.721393E+03	4.939177E-16	2.265548E-17
7.731343E+03	4.961055E-16	2.286352E-17
7.741294E+03	4.983911E-16	2.307647E-17
7.751244E+03	5.007746E-16	2.329437E-17
7.761194E+03	5.032488E-16	2.351698E-17
7.771144E+03	5.058135E-16	2.374430E-17
7.781095E+03	5.084825E-16	2.397706E-17
7.791045E+03	5.112419E-16	2.421465E-17
7.800995E+03	5.140983E-16	2.445744E-17
7.810945E+03	5.170590E-16	2.470582E-17
7.820896E+03	5.201096E-16	2.495916E-17
7.830846E+03	5.232715E-16	2.521854E-17
7.840796E+03	5.265305E-16	2.548334E-17
7.850746E+03	5.298937E-16	2.575395E-17
7.860697E+03	5.333614E-16	2.603044E-17
7.870647E+03	5.369336E-16	2.631286E-17
7.880597E+03	5.406180E-16	2.660164E-17
7.890547E+03	5.444074E-16	2.689650E-17
7.900498E+03	5.483170E-16	2.719823E-17
7.910448E+03	5.523399E-16	2.750656E-17
7.920398E+03	5.564763E-16	2.782154E-17
7.930348E+03	5.607269E-16	2.814328E-17
7.940299E+03	5.651077E-16	2.847263E-17
7.950249E+03	5.696116E-16	2.880931E-17
7.960199E+03	5.742315E-16	2.915300E-17
7.970149E+03	5.789838E-16	2.950461E-17
7.980100E+03	5.838696E-16	2.986425E-17
7.990050E+03	5.888736E-16	3.023119E-17
8.000000E+03	5.940046E-16	3.060596E-17
8.009950E+03	5.992636E-16	3.098866E-17
8.019900E+03	6.046429E-16	3.137895E-17
8.029851E+03	6.101521E-16	3.177738E-17
8.039801E+03	6.157834E-16	3.218361E-17
8.049751E+03	6.215463E-16	3.259819E-17
8.059701E+03	6.274420E-16	3.302125E-17
8.069652E+03	6.334716E-16	3.345289E-17
8.079602E+03	6.396274E-16	3.389278E-17
8.089552E+03	6.459194E-16	3.434148E-17
8.099502E+03	6.523398E-16	3.479866E-17
8.109453E+03	6.588896E-16	3.526443E-17
8.119403E+03	6.655701E-16	3.573889E-17
8.129353E+03	6.723732E-16	3.622167E-17
8.139303E+03	6.792996E-16	3.671287E-17
8.149254E+03	6.863412E-16	3.721209E-17
8.159204E+03	6.935081E-16	3.771992E-17
8.169154E+03	7.007919E-16	3.823596E-17
8.179104E+03	7.081837E-16	3.875978E-17
8.189055E+03	7.156938E-16	3.929196E-17
8.199005E+03	7.233036E-16	3.983155E-17
8.208955E+03	7.310234E-16	4.037913E-17
8.218905E+03	7.388537E-16	4.093478E-17
8.228856E+03	7.467753E-16	4.149748E-17
8.238806E+03	7.547985E-16	4.206783E-17
8.248756E+03	7.629237E-16	4.264589E-17
8.258706E+03	7.711307E-16	4.323056E-17
8.268657E+03	7.794301E-16	4.382246E-17
8.278607E+03	7.878116E-16	4.442106E-17
8.288557E+03	7.962857E-16	4.502695E-17
8.298507E+03	8.048206E-16	4.563839E-17
8.308458E+03	8.134374E-16	4.625657E-17
8.318408E+03	8.221251E-16	4.688090E-17
8.328358E+03	8.308837E-16	4.751140E-17
8.338308E+03	8.396903E-16	4.814678E-17
8.348259E+03	8.485668E-16	4.878831E-17
8.358209E+03	8.574902E-16	4.943467E-17
8.368159E+03	8.664593E-16	5.008583E-17
8.378109E+03	8.754619E-16	5.074106E-17
8.388060E+03	8.845084E-16	5.140099E-17
8.398010E+03	8.935859E-16	5.206487E-17
8.407960E+03	9.026932E-16	5.273264E-17
8.417910E+03	9.118047E-16	5.340280E-17
8.427861E+03	9.209429E-16	5.407665E-17
8.437811E+03	9.300815E-16	5.475266E-17
8.447761E+03	9.392060E-16	5.542997E-17
8.457711E+03	9.483263E-16	5.610914E-17
8.467662E+03	9.574399E-16	5.679001E-17
8.477612E+03	9.665191E-16	5.747091E-17
8.487562E+03	9.755604E-16	5.815164E-17
8.497512E+03	9.845605E-16	5.883196E-17
8.507463E+03	9.935159E-16	5.951164E-17
8.517413E+03	1.002410E-15	6.018963E-17
8.527363E+03	1.011224E-15	6.086484E-17
8.537313E+03	1.019955E-15	6.153696E-17
8.547264E+03	1.028611E-15	6.220648E-17
8.557214E+03	1.037146E-15	6.287057E-17
8.567164E+03	1.045581E-15	6.353052E-17
8.577114E+03	1.053884E-15	6.418421E-17
8.587065E+03	1.062062E-15	6.483208E-17
8.597015E+03	1.070080E-15	6.547193E-17
8.606965E+03	1.077946E-15	6.610414E-17
8.616915E+03	1.085637E-15	6.672730E-17
8.626866E+03	1.093147E-15	6.734088E-17
8.636816E+03	1.100451E-15	6.794339E-17
8.646766E+03	1.107558E-15	6.853518E-17
8.656716E+03	1.114429E-15	6.911378E-17
8.666667E+03	1.121086E-15	6.968049E-17
8.676617E+03	1.127491E-15	7.023280E-17
8.686567E+03	1.133633E-15	7.077004E-17
8.696517E+03	1.139520E-15	7.129248E-17
8.706468E+03	1.145128E-15	7.179851E-17
8.716418E+03	1.150462E-15	7.228841E-17
8.726368E+03	1.155497E-15	7.276040E-17
8.736318E+03	1.160222E-15	7.321370E-17
8.746269E+03	1.164644E-15	7.364865E-17
8.756219E+03	1.168754E-15	7.406446E-17
8.766169E+03	1.172540E-15	7.446033E-17
8.776119E+03	1.175993E-15	7.483545E-17
8.786070E+03	1.179119E-15	7.519017E-17
8.796020E+03	1.181924E-15	7.552468E-17
8.805970E+03	1.184382E-15	7.583718E-17
8.815920E+03	1.186482E-15	7.612691E-17
8.825871E+03	1.188266E-15	7.639632E-17
8.835821E+03	1.189692E-15	7.664257E-17
8.845771E+03	1.190764E-15	7.686585E-17
8.855721E+03	1.191492E-15	7.706666E-17
8.865672E+03	1.191884E-15	7.724536E-17
8.875622E+03	1.191914E-15	7.740009E-17
8.885572E+03	1.191609E-15	7.753254E-17
8.895522E+03	1.190980E-15	7.764329E-17
8.905473E+03	1.189999E-15	7.773034E-17
8.915423E+03	1.188696E-15	7.779555E-17
8.925373E+03	1.187066E-15	7.783839E-17
8.935323E+03	1.185118E-15	7.785948E-17
8.945274E+03	1.182865E-15	7.785948E-17
8.955224E+03	1.180303E-15	7.783798E-17
8.995025E+03	1.167198E-15	7.755069E-17
9.034826E+03	1.149885E-15	7.696053E-17
9.074627E+03	1.128971E-15	7.610255E-17
9.114428E+03	1.105033E-15	7.501135E-17
9.154229E+03	1.078578E-15	7.371759E-17
9.194030E+03	1.050147E-15	7.225556E-17
9.233831E+03	1.020269E-15	7.065990E-17
9.273632E+03	9.893179E-16	6.895524E-17
9.313433E+03	9.577031E-16	6.716960E-17
9.353234E+03	9.257892E-16	6.532851E-17
9.393035E+03	8.938276E-16	6.345013E-17
9.432836E+03	8.621018E-16	6.155537E-17
9.472637E+03	8.307879E-16	5.965785E-17
9.512438E+03	8.000257E-16	5.776890E-17
9.552239E+03	7.700018E-16	5.590340E-17
9.592040E+03	7.407758E-16	5.406724E-17
9.631841E+03	7.124495E-16	5.226947E-17
9.671642E+03	6.850499E-16	5.051373E-17
9.711443E+03	6.586467E-16	4.880685E-17
9.751244E+03	6.332025E-16	4.714770E-17
9.791045E+03	6.087858E-16	4.554302E-17
9.830846E+03	5.853579E-16	4.399152E-17
9.870647E+03	5.629272E-16	4.249536E-17
9.910448E+03	5.414576E-16	4.105330E-17
9.950249E+03	5.209314E-16	3.966543E-17
9.990050E+03	5.013194E-16	3.833087E-17
1.002985E+04	4.826143E-16	3.705036E-17
1.006965E+04	4.647342E-16	3.581882E-17
1.010945E+04	4.476853E-16	3.463787E-17
1.014925E+04	4.314014E-16	3.350348E-17
1.018905E+04	4.159060E-16	3.241848E-17
1.022886E+04	4.010872E-16	3.137511E-17
1.026866E+04	3.869886E-16	3.037768E-17
