#wls	flux	fluxerr
1.544402E+03	3.839709E-02	9.695986E-04
1.583012E+03	4.057015E-02	1.023449E-03
1.621622E+03	4.289461E-02	1.080979E-03
1.660232E+03	4.537713E-02	1.142341E-03
1.698842E+03	4.802690E-02	1.207748E-03
1.737452E+03	5.085277E-02	1.277404E-03
1.776062E+03	5.384257E-02	1.350983E-03
1.814672E+03	5.700080E-02	1.428577E-03
1.853282E+03	6.031464E-02	1.509844E-03
1.891892E+03	6.376980E-02	1.594407E-03
1.930502E+03	6.735551E-02	1.681976E-03
1.969112E+03	7.109250E-02	1.773047E-03
2.007722E+03	7.504274E-02	1.869143E-03
2.046332E+03	7.931520E-02	1.972944E-03
2.084942E+03	8.405004E-02	2.087891E-03
2.123552E+03	8.931104E-02	2.215508E-03
2.162162E+03	9.506463E-02	2.354898E-03
2.200772E+03	1.012086E-01	2.503466E-03
2.239382E+03	1.076287E-01	2.658337E-03
2.277992E+03	1.142439E-01	2.817468E-03
2.316602E+03	1.210066E-01	2.979646E-03
2.355212E+03	1.278907E-01	3.144200E-03
2.393822E+03	1.348991E-01	3.311171E-03
2.432432E+03	1.420227E-01	3.480303E-03
2.471042E+03	1.492628E-01	3.651601E-03
2.509653E+03	1.566003E-01	3.824565E-03
2.548263E+03	1.640163E-01	3.998705E-03
2.586873E+03	1.714744E-01	4.173109E-03
2.625483E+03	1.789321E-01	4.346724E-03
2.664093E+03	1.863411E-01	4.518362E-03
2.702703E+03	1.936426E-01	4.686587E-03
2.741313E+03	2.007734E-01	4.849875E-03
2.779923E+03	2.076791E-01	5.006920E-03
2.818533E+03	2.142919E-01	5.156112E-03
2.857143E+03	2.205719E-01	5.296520E-03
2.895753E+03	2.264625E-01	5.426825E-03
2.905405E+03	2.278757E-01	5.457860E-03
2.915058E+03	2.292579E-01	5.488111E-03
2.924710E+03	2.306082E-01	5.517551E-03
2.934363E+03	2.319364E-01	5.546421E-03
2.944015E+03	2.332380E-01	5.574609E-03
2.953668E+03	2.345134E-01	5.602131E-03
2.963320E+03	2.357666E-01	5.629080E-03
2.972973E+03	2.369906E-01	5.655289E-03
2.982625E+03	2.381839E-01	5.680727E-03
2.992278E+03	2.393552E-01	5.705599E-03
3.001931E+03	2.404930E-01	5.729632E-03
3.011583E+03	2.416009E-01	5.752913E-03
3.021236E+03	2.426729E-01	5.775303E-03
3.030888E+03	2.437223E-01	5.797115E-03
3.040541E+03	2.447335E-01	5.817984E-03
3.050193E+03	2.457102E-01	5.837996E-03
3.059846E+03	2.466560E-01	5.857240E-03
3.069498E+03	2.475703E-01	5.875701E-03
3.079151E+03	2.484427E-01	5.893134E-03
3.088803E+03	2.492863E-01	5.909851E-03
3.098456E+03	2.500911E-01	5.925617E-03
3.108108E+03	2.508611E-01	5.940528E-03
3.117761E+03	2.515913E-01	5.954466E-03
3.127413E+03	2.522854E-01	5.967521E-03
3.137066E+03	2.529429E-01	5.979684E-03
3.146718E+03	2.535637E-01	5.990953E-03
3.156371E+03	2.541431E-01	6.001217E-03
3.166023E+03	2.546851E-01	6.010573E-03
3.175676E+03	2.551894E-01	6.019016E-03
3.185328E+03	2.556519E-01	6.026452E-03
3.194981E+03	2.560767E-01	6.032979E-03
3.204633E+03	2.564598E-01	6.038500E-03
3.214286E+03	2.568053E-01	6.043120E-03
3.223938E+03	2.571097E-01	6.046754E-03
3.233591E+03	2.573728E-01	6.049398E-03
3.243243E+03	2.575953E-01	6.051077E-03
3.252896E+03	2.577779E-01	6.051801E-03
3.262548E+03	2.579207E-01	6.051579E-03
3.272201E+03	2.580210E-01	6.050348E-03
3.281853E+03	2.580828E-01	6.048205E-03
3.291506E+03	2.580999E-01	6.045003E-03
3.301158E+03	2.580801E-01	6.040930E-03
3.310811E+03	2.580175E-01	6.035849E-03
3.320463E+03	2.579129E-01	6.029782E-03
3.330116E+03	2.577676E-01	6.022757E-03
3.339768E+03	2.575796E-01	6.014732E-03
3.349421E+03	2.573533E-01	6.005811E-03
3.359073E+03	2.570868E-01	5.995952E-03
3.368726E+03	2.567781E-01	5.985111E-03
3.378378E+03	2.564289E-01	5.973328E-03
3.388031E+03	2.560378E-01	5.960574E-03
3.397683E+03	2.556093E-01	5.946954E-03
3.407336E+03	2.551360E-01	5.932298E-03
3.416988E+03	2.546230E-01	5.916726E-03
3.426641E+03	2.540689E-01	5.900210E-03
3.436293E+03	2.534760E-01	5.882804E-03
3.445946E+03	2.528405E-01	5.864419E-03
3.455598E+03	2.521614E-01	5.845038E-03
3.465251E+03	2.514442E-01	5.824790E-03
3.474903E+03	2.506827E-01	5.803530E-03
3.484556E+03	2.498820E-01	5.781384E-03
3.494208E+03	2.490421E-01	5.758347E-03
3.503861E+03	2.481599E-01	5.734353E-03
3.513514E+03	2.472353E-01	5.709403E-03
3.523166E+03	2.462711E-01	5.683560E-03
3.532819E+03	2.452648E-01	5.656771E-03
3.542471E+03	2.442220E-01	5.629165E-03
3.552124E+03	2.431377E-01	5.600633E-03
3.561776E+03	2.420147E-01	5.571237E-03
3.571429E+03	2.408536E-01	5.540995E-03
3.581081E+03	2.396572E-01	5.509973E-03
3.590734E+03	2.384234E-01	5.478124E-03
3.600386E+03	2.371557E-01	5.445530E-03
3.610039E+03	2.358543E-01	5.412197E-03
3.619691E+03	2.345219E-01	5.378193E-03
3.629344E+03	2.331594E-01	5.343533E-03
3.638996E+03	2.317693E-01	5.308280E-03
3.648649E+03	2.303524E-01	5.272455E-03
3.658301E+03	2.289090E-01	5.236064E-03
3.667954E+03	2.274463E-01	5.199273E-03
3.677606E+03	2.259602E-01	5.161989E-03
3.687259E+03	2.244553E-01	5.124322E-03
3.696911E+03	2.229362E-01	5.086374E-03
3.706564E+03	2.214013E-01	5.048110E-03
3.716216E+03	2.198525E-01	5.009575E-03
3.725869E+03	2.182943E-01	4.970871E-03
3.735521E+03	2.167285E-01	4.932042E-03
3.745174E+03	2.151571E-01	4.893134E-03
3.754826E+03	2.135800E-01	4.854144E-03
3.764479E+03	2.120010E-01	4.815157E-03
3.774131E+03	2.104217E-01	4.776212E-03
3.783784E+03	2.088437E-01	4.737345E-03
3.793436E+03	2.072685E-01	4.698588E-03
3.803089E+03	2.056974E-01	4.659975E-03
3.812741E+03	2.041336E-01	4.621576E-03
3.822394E+03	2.025783E-01	4.583417E-03
3.832046E+03	2.010308E-01	4.545482E-03
3.841699E+03	1.994957E-01	4.507877E-03
3.851351E+03	1.979721E-01	4.470580E-03
3.861004E+03	1.964627E-01	4.433651E-03
3.870656E+03	1.949682E-01	4.397107E-03
3.880309E+03	1.934876E-01	4.360924E-03
3.889961E+03	1.920250E-01	4.325194E-03
3.899614E+03	1.905792E-01	4.289889E-03
3.909266E+03	1.891525E-01	4.255058E-03
3.918919E+03	1.877452E-01	4.220711E-03
3.928571E+03	1.863576E-01	4.186855E-03
3.938224E+03	1.849902E-01	4.153495E-03
3.947876E+03	1.836448E-01	4.120674E-03
3.957529E+03	1.823199E-01	4.088360E-03
3.967181E+03	1.810159E-01	4.056554E-03
3.976834E+03	1.797358E-01	4.025331E-03
3.986486E+03	1.784768E-01	3.994621E-03
3.996139E+03	1.772403E-01	3.964457E-03
4.005792E+03	1.760263E-01	3.934840E-03
4.015444E+03	1.748349E-01	3.905768E-03
4.025097E+03	1.736660E-01	3.877239E-03
4.034749E+03	1.725194E-01	3.849248E-03
4.044402E+03	1.713950E-01	3.821793E-03
4.054054E+03	1.702926E-01	3.794869E-03
4.063707E+03	1.692121E-01	3.768471E-03
4.073359E+03	1.681533E-01	3.742593E-03
4.083012E+03	1.671144E-01	3.717197E-03
4.092664E+03	1.660952E-01	3.692277E-03
4.102317E+03	1.650968E-01	3.667857E-03
4.111969E+03	1.641190E-01	3.643929E-03
4.121622E+03	1.631586E-01	3.620424E-03
4.131274E+03	1.622165E-01	3.597364E-03
4.140927E+03	1.612926E-01	3.574739E-03
4.150579E+03	1.603863E-01	3.552541E-03
4.160232E+03	1.594973E-01	3.530761E-03
4.169884E+03	1.586237E-01	3.509355E-03
4.179537E+03	1.577678E-01	3.488378E-03
4.189189E+03	1.569265E-01	3.467754E-03
4.198842E+03	1.561018E-01	3.447533E-03
4.208494E+03	1.552935E-01	3.427704E-03
4.218147E+03	1.545021E-01	3.408284E-03
4.227799E+03	1.537272E-01	3.389259E-03
4.237452E+03	1.529694E-01	3.370645E-03
4.247104E+03	1.522282E-01	3.352428E-03
4.256757E+03	1.515057E-01	3.334652E-03
4.266409E+03	1.508010E-01	3.317302E-03
4.276062E+03	1.501136E-01	3.300363E-03
4.285714E+03	1.494455E-01	3.283876E-03
4.295367E+03	1.487957E-01	3.267826E-03
4.305019E+03	1.481651E-01	3.252225E-03
4.314672E+03	1.475555E-01	3.237115E-03
4.324324E+03	1.469648E-01	3.222448E-03
4.333977E+03	1.463948E-01	3.208265E-03
4.343629E+03	1.458461E-01	3.194578E-03
4.353282E+03	1.453179E-01	3.181367E-03
4.362934E+03	1.448107E-01	3.168644E-03
4.372587E+03	1.443250E-01	3.156419E-03
4.382239E+03	1.438612E-01	3.144702E-03
4.391892E+03	1.434200E-01	3.133504E-03
4.401544E+03	1.430003E-01	3.122804E-03
4.411197E+03	1.426014E-01	3.112583E-03
4.420849E+03	1.422264E-01	3.102909E-03
4.430502E+03	1.418730E-01	3.093733E-03
4.440154E+03	1.415403E-01	3.085036E-03
4.449807E+03	1.412302E-01	3.076854E-03
4.459459E+03	1.409430E-01	3.069197E-03
4.469112E+03	1.406751E-01	3.061986E-03
4.478764E+03	1.404310E-01	3.055318E-03
4.488417E+03	1.402057E-01	3.049083E-03
4.498069E+03	1.400023E-01	3.043348E-03
4.507722E+03	1.398198E-01	3.038092E-03
4.517375E+03	1.396573E-01	3.033292E-03
4.527027E+03	1.395136E-01	3.028928E-03
4.536680E+03	1.393879E-01	3.024977E-03
4.546332E+03	1.392818E-01	3.021475E-03
4.555985E+03	1.391929E-01	3.018370E-03
4.565637E+03	1.391201E-01	3.015640E-03
4.575290E+03	1.390639E-01	3.013290E-03
4.584942E+03	1.390202E-01	3.011239E-03
4.594595E+03	1.389923E-01	3.009551E-03
4.604247E+03	1.389748E-01	3.008113E-03
4.613900E+03	1.389694E-01	3.006962E-03
4.623552E+03	1.389750E-01	3.006073E-03
4.633205E+03	1.389877E-01	3.005363E-03
4.642857E+03	1.390078E-01	3.004838E-03
4.652510E+03	1.390356E-01	3.004505E-03
4.662162E+03	1.390673E-01	3.004281E-03
4.671815E+03	1.391032E-01	3.004174E-03
4.681467E+03	1.391425E-01	3.004165E-03
4.691120E+03	1.391827E-01	3.004203E-03
4.700772E+03	1.392232E-01	3.004273E-03
4.710425E+03	1.392648E-01	3.004391E-03
4.720077E+03	1.393058E-01	3.004522E-03
4.729730E+03	1.393475E-01	3.004691E-03
4.739382E+03	1.393868E-01	3.004835E-03
4.749035E+03	1.394253E-01	3.004985E-03
4.758687E+03	1.394629E-01	3.005141E-03
4.768340E+03	1.394984E-01	3.005273E-03
4.777992E+03	1.395331E-01	3.005415E-03
4.787645E+03	1.395659E-01	3.005537E-03
4.797297E+03	1.395983E-01	3.005674E-03
4.806950E+03	1.396289E-01	3.005796E-03
4.816602E+03	1.396579E-01	3.005908E-03
4.826255E+03	1.396841E-01	3.005980E-03
4.835907E+03	1.397104E-01	3.006078E-03
4.845560E+03	1.397340E-01	3.006141E-03
4.855212E+03	1.397552E-01	3.006173E-03
4.864865E+03	1.397754E-01	3.006206E-03
4.874517E+03	1.397934E-01	3.006212E-03
4.884170E+03	1.398092E-01	3.006194E-03
4.893822E+03	1.398229E-01	3.006152E-03
4.903475E+03	1.398346E-01	3.006088E-03
4.913127E+03	1.398430E-01	3.005973E-03
4.922780E+03	1.398482E-01	3.005809E-03
4.932432E+03	1.398515E-01	3.005627E-03
4.942085E+03	1.398502E-01	3.005366E-03
4.951737E+03	1.398473E-01	3.005089E-03
4.961390E+03	1.398384E-01	3.004703E-03
4.971042E+03	1.398265E-01	3.004273E-03
4.980695E+03	1.398101E-01	3.003766E-03
4.990347E+03	1.397893E-01	3.003184E-03
5.000000E+03	1.397641E-01	3.002527E-03
5.009653E+03	1.397332E-01	3.001765E-03
5.019305E+03	1.396965E-01	3.000897E-03
5.028958E+03	1.396527E-01	2.999895E-03
5.038610E+03	1.396046E-01	2.998821E-03
5.048263E+03	1.395481E-01	2.997581E-03
5.057915E+03	1.394845E-01	2.996209E-03
5.067568E+03	1.394140E-01	2.994705E-03
5.077220E+03	1.393366E-01	2.993071E-03
5.086873E+03	1.392495E-01	2.991245E-03
5.096525E+03	1.391542E-01	2.989262E-03
5.106178E+03	1.390494E-01	2.987090E-03
5.115830E+03	1.389353E-01	2.984734E-03
5.125483E+03	1.388104E-01	2.982164E-03
5.135135E+03	1.386763E-01	2.979412E-03
5.144788E+03	1.385304E-01	2.976422E-03
5.154440E+03	1.383728E-01	2.973196E-03
5.164093E+03	1.382022E-01	2.969707E-03
5.173745E+03	1.380202E-01	2.965989E-03
5.183398E+03	1.378229E-01	2.961956E-03
5.193050E+03	1.376119E-01	2.957643E-03
5.202703E+03	1.373860E-01	2.953024E-03
5.212355E+03	1.371440E-01	2.948073E-03
5.222008E+03	1.368821E-01	2.942710E-03
5.231660E+03	1.365992E-01	2.936908E-03
5.241313E+03	1.362943E-01	2.930647E-03
5.250965E+03	1.359610E-01	2.923786E-03
5.260618E+03	1.355982E-01	2.916306E-03
5.270270E+03	1.352010E-01	2.908097E-03
5.279923E+03	1.347672E-01	2.899112E-03
5.289575E+03	1.343013E-01	2.889450E-03
5.299228E+03	1.338026E-01	2.879092E-03
5.308880E+03	1.332756E-01	2.868135E-03
5.318533E+03	1.327221E-01	2.856619E-03
5.328185E+03	1.321480E-01	2.844670E-03
5.337838E+03	1.315525E-01	2.832268E-03
5.347490E+03	1.309386E-01	2.819480E-03
5.357143E+03	1.303070E-01	2.806318E-03
5.366795E+03	1.296619E-01	2.792874E-03
5.376448E+03	1.290025E-01	2.779131E-03
5.386100E+03	1.283306E-01	2.765125E-03
5.395753E+03	1.276466E-01	2.750866E-03
5.405405E+03	1.269535E-01	2.736418E-03
5.415058E+03	1.262505E-01	2.721763E-03
5.424710E+03	1.255392E-01	2.706936E-03
5.434363E+03	1.248215E-01	2.691975E-03
5.444015E+03	1.240976E-01	2.676887E-03
5.453668E+03	1.233692E-01	2.661707E-03
5.463320E+03	1.226355E-01	2.646417E-03
5.472973E+03	1.218980E-01	2.631051E-03
5.482625E+03	1.211584E-01	2.615643E-03
5.492278E+03	1.204170E-01	2.600201E-03
5.501931E+03	1.196742E-01	2.584732E-03
5.511583E+03	1.189303E-01	2.569243E-03
5.521236E+03	1.181880E-01	2.553793E-03
5.530888E+03	1.174452E-01	2.538335E-03
5.540541E+03	1.167047E-01	2.522928E-03
5.550193E+03	1.159667E-01	2.507579E-03
5.559846E+03	1.152302E-01	2.492265E-03
5.569498E+03	1.144967E-01	2.477018E-03
5.579151E+03	1.137676E-01	2.461869E-03
5.588803E+03	1.130419E-01	2.446797E-03
5.598456E+03	1.123199E-01	2.431805E-03
5.608108E+03	1.116041E-01	2.416950E-03
5.617761E+03	1.108924E-01	2.402183E-03
5.627413E+03	1.101859E-01	2.387533E-03
5.637066E+03	1.094849E-01	2.373003E-03
5.646718E+03	1.087896E-01	2.358596E-03
5.656371E+03	1.081011E-01	2.344340E-03
5.666023E+03	1.074172E-01	2.330185E-03
5.675676E+03	1.067405E-01	2.316185E-03
5.685328E+03	1.060697E-01	2.302315E-03
5.694981E+03	1.054049E-01	2.288576E-03
5.704633E+03	1.047461E-01	2.274969E-03
5.714286E+03	1.040935E-01	2.261495E-03
5.723938E+03	1.034480E-01	2.248178E-03
5.733591E+03	1.028075E-01	2.234968E-03
5.743243E+03	1.021718E-01	2.221865E-03
5.752896E+03	1.015422E-01	2.208893E-03
5.762548E+03	1.009185E-01	2.196051E-03
5.772201E+03	1.002983E-01	2.183287E-03
5.781853E+03	9.968401E-02	2.170649E-03
5.791506E+03	9.907193E-02	2.158061E-03
5.801158E+03	9.846548E-02	2.145594E-03
5.810811E+03	9.786106E-02	2.133173E-03
5.820463E+03	9.725857E-02	2.120792E-03
5.830116E+03	9.665896E-02	2.108475E-03
5.839768E+03	9.606098E-02	2.096193E-03
5.849421E+03	9.546445E-02	2.083942E-03
5.859073E+03	9.486694E-02	2.071669E-03
5.868726E+03	9.427050E-02	2.059418E-03
5.878378E+03	9.367152E-02	2.047112E-03
5.888031E+03	9.307211E-02	2.034795E-03
5.897683E+03	9.247090E-02	2.022438E-03
5.907336E+03	9.186654E-02	2.010010E-03
5.916988E+03	9.125879E-02	1.997507E-03
5.926641E+03	9.064859E-02	1.984948E-03
5.936293E+03	9.003450E-02	1.972303E-03
5.945946E+03	8.941635E-02	1.959566E-03
5.955598E+03	8.879609E-02	1.946781E-03
5.965251E+03	8.817127E-02	1.933894E-03
5.974903E+03	8.754273E-02	1.920922E-03
5.984556E+03	8.691136E-02	1.907886E-03
5.994208E+03	8.627804E-02	1.894804E-03
6.003861E+03	8.564144E-02	1.881646E-03
6.013514E+03	8.500130E-02	1.868408E-03
6.023166E+03	8.435860E-02	1.855109E-03
6.032819E+03	8.371203E-02	1.841722E-03
6.042471E+03	8.306254E-02	1.828266E-03
6.052124E+03	8.241002E-02	1.814740E-03
6.061776E+03	8.175546E-02	1.801164E-03
6.071429E+03	8.109881E-02	1.787538E-03
6.081081E+03	8.044003E-02	1.773859E-03
6.090734E+03	7.978026E-02	1.760154E-03
6.100386E+03	7.912063E-02	1.746446E-03
6.110039E+03	7.846016E-02	1.732714E-03
6.119691E+03	7.780015E-02	1.718985E-03
6.129344E+03	7.714187E-02	1.705289E-03
6.138996E+03	7.648457E-02	1.691606E-03
6.148649E+03	7.583078E-02	1.677995E-03
6.158301E+03	7.518095E-02	1.664463E-03
6.167954E+03	7.453558E-02	1.651023E-03
6.177606E+03	7.389534E-02	1.637688E-03
6.187259E+03	7.326311E-02	1.624523E-03
6.196911E+03	7.263866E-02	1.611522E-03
6.206564E+03	7.202513E-02	1.598755E-03
6.216216E+03	7.142366E-02	1.586248E-03
6.225869E+03	7.083434E-02	1.574002E-03
6.235521E+03	7.025661E-02	1.562005E-03
6.245174E+03	6.968886E-02	1.550223E-03
6.254826E+03	6.913080E-02	1.538647E-03
6.264479E+03	6.857912E-02	1.527205E-03
6.274131E+03	6.803499E-02	1.515923E-03
6.283784E+03	6.749750E-02	1.504780E-03
6.293436E+03	6.696492E-02	1.493739E-03
6.303089E+03	6.643764E-02	1.482807E-03
6.312741E+03	6.591521E-02	1.471974E-03
6.322394E+03	6.539713E-02	1.461230E-03
6.332046E+03	6.488312E-02	1.450568E-03
6.341699E+03	6.437392E-02	1.440004E-03
6.351351E+03	6.386828E-02	1.429511E-03
6.361004E+03	6.336605E-02	1.419085E-03
6.370656E+03	6.286815E-02	1.408747E-03
6.380309E+03	6.237452E-02	1.398495E-03
6.389961E+03	6.188409E-02	1.388305E-03
6.399614E+03	6.139790E-02	1.378202E-03
6.409266E+03	6.091493E-02	1.368160E-03
6.418919E+03	6.043731E-02	1.358229E-03
6.428571E+03	5.996303E-02	1.348364E-03
6.438224E+03	5.949222E-02	1.338567E-03
6.447876E+03	5.902594E-02	1.328862E-03
6.457529E+03	5.856434E-02	1.319252E-03
6.467181E+03	5.810650E-02	1.309718E-03
6.476834E+03	5.765254E-02	1.300261E-03
6.486486E+03	5.720361E-02	1.290907E-03
6.496139E+03	5.675883E-02	1.281637E-03
6.505792E+03	5.631933E-02	1.272477E-03
6.515444E+03	5.588324E-02	1.263383E-03
6.525097E+03	5.545269E-02	1.254405E-03
6.534749E+03	5.502581E-02	1.245500E-03
6.544402E+03	5.460471E-02	1.236716E-03
6.554054E+03	5.418755E-02	1.228012E-03
6.563707E+03	5.377544E-02	1.219412E-03
6.573359E+03	5.336848E-02	1.210918E-03
6.583012E+03	5.296581E-02	1.202513E-03
6.592664E+03	5.256853E-02	1.194220E-03
6.602317E+03	5.217577E-02	1.186020E-03
6.611969E+03	5.178860E-02	1.177937E-03
6.621622E+03	5.140516E-02	1.169930E-03
6.631274E+03	5.102753E-02	1.162045E-03
6.640927E+03	5.065478E-02	1.154262E-03
6.650579E+03	5.028703E-02	1.146583E-03
6.660232E+03	4.992343E-02	1.138990E-03
6.669884E+03	4.956590E-02	1.131525E-03
6.679537E+03	4.921171E-02	1.124128E-03
6.689189E+03	4.886378E-02	1.116864E-03
6.698842E+03	4.852026E-02	1.109693E-03
6.708494E+03	4.818124E-02	1.102614E-03
6.718147E+03	4.784772E-02	1.095653E-03
6.727799E+03	4.751880E-02	1.088788E-03
6.737452E+03	4.719456E-02	1.082022E-03
6.747104E+03	4.687505E-02	1.075355E-03
6.756757E+03	4.656031E-02	1.068789E-03
6.766409E+03	4.625039E-02	1.062325E-03
6.776062E+03	4.594446E-02	1.055945E-03
6.785714E+03	4.564433E-02	1.049689E-03
6.795367E+03	4.534736E-02	1.043497E-03
6.805019E+03	4.505631E-02	1.037433E-03
6.814672E+03	4.476850E-02	1.031436E-03
6.824324E+03	4.448576E-02	1.025547E-03
6.833977E+03	4.420727E-02	1.019749E-03
6.843629E+03	4.393305E-02	1.014041E-03
6.853282E+03	4.366403E-02	1.008445E-03
6.862934E+03	4.339847E-02	1.002921E-03
6.872587E+03	4.313730E-02	9.974912E-04
6.882239E+03	4.287971E-02	9.921363E-04
6.891892E+03	4.262658E-02	9.868773E-04
6.901544E+03	4.237796E-02	9.817153E-04
6.911197E+03	4.213304E-02	9.766314E-04
6.920849E+03	4.189271E-02	9.716469E-04
6.930502E+03	4.165531E-02	9.667233E-04
6.940154E+03	4.142259E-02	9.619009E-04
6.949807E+03	4.119373E-02	9.571613E-04
6.959459E+03	4.096798E-02	9.524871E-04
6.969112E+03	4.074618E-02	9.478980E-04
6.978764E+03	4.052841E-02	9.433957E-04
6.988417E+03	4.031390E-02	9.389628E-04
6.998069E+03	4.010268E-02	9.345999E-04
7.007722E+03	3.989481E-02	9.303086E-04
7.017375E+03	3.969039E-02	9.260912E-04
7.027027E+03	3.948944E-02	9.219484E-04
7.036680E+03	3.929039E-02	9.178438E-04
7.046332E+03	3.909497E-02	9.138176E-04
7.055985E+03	3.890241E-02	9.098522E-04
7.065637E+03	3.871198E-02	9.059307E-04
7.075290E+03	3.852456E-02	9.020732E-04
7.084942E+03	3.833860E-02	8.982441E-04
7.094595E+03	3.815419E-02	8.944454E-04
7.104247E+03	3.797143E-02	8.906794E-04
7.113900E+03	3.778958E-02	8.869288E-04
7.123552E+03	3.760953E-02	8.832146E-04
7.133205E+03	3.742894E-02	8.794820E-04
7.142857E+03	3.724953E-02	8.757711E-04
7.152510E+03	3.706979E-02	8.720465E-04
7.162162E+03	3.689055E-02	8.683281E-04
7.171815E+03	3.671111E-02	8.645990E-04
7.181467E+03	3.653156E-02	8.608614E-04
7.191120E+03	3.635271E-02	8.571345E-04
7.200772E+03	3.617387E-02	8.534017E-04
7.210425E+03	3.599739E-02	8.497191E-04
7.220077E+03	3.582175E-02	8.460505E-04
7.229730E+03	3.564854E-02	8.424333E-04
7.239382E+03	3.547698E-02	8.388496E-04
7.249035E+03	3.530941E-02	8.353548E-04
7.258687E+03	3.514505E-02	8.319300E-04
7.268340E+03	3.498389E-02	8.285760E-04
7.277992E+03	3.482667E-02	8.253096E-04
7.287645E+03	3.467338E-02	8.221312E-04
7.297297E+03	3.452550E-02	8.190761E-04
7.306950E+03	3.438149E-02	8.161076E-04
7.316602E+03	3.424205E-02	8.132429E-04
7.326255E+03	3.410787E-02	8.104984E-04
7.335907E+03	3.397819E-02	8.078560E-04
7.345560E+03	3.385367E-02	8.053321E-04
7.355212E+03	3.373352E-02	8.029074E-04
7.364865E+03	3.361914E-02	8.006160E-04
7.374517E+03	3.350900E-02	7.984216E-04
7.384170E+03	3.340453E-02	7.963582E-04
7.393822E+03	3.330411E-02	7.943875E-04
7.403475E+03	3.320925E-02	7.925456E-04
7.413127E+03	3.311827E-02	7.907929E-04
7.422780E+03	3.303268E-02	7.891652E-04
7.432432E+03	3.295162E-02	7.876426E-04
7.442085E+03	3.287502E-02	7.862230E-04
7.451737E+03	3.280281E-02	7.849056E-04
7.461390E+03	3.273488E-02	7.836874E-04
7.471042E+03	3.267120E-02	7.825680E-04
7.480695E+03	3.261093E-02	7.815273E-04
7.490347E+03	3.255548E-02	7.805997E-04
7.500000E+03	3.250330E-02	7.797478E-04
7.509653E+03	3.245431E-02	7.789698E-04
7.519305E+03	3.240922E-02	7.782828E-04
7.528958E+03	3.236715E-02	7.776662E-04
7.538610E+03	3.232810E-02	7.771195E-04
7.548263E+03	3.229122E-02	7.766230E-04
7.557915E+03	3.225720E-02	7.761929E-04
7.567568E+03	3.222523E-02	7.758101E-04
7.577220E+03	3.219450E-02	7.754551E-04
7.586873E+03	3.216569E-02	7.751443E-04
7.596525E+03	3.213725E-02	7.748401E-04
7.606178E+03	3.210985E-02	7.745591E-04
7.615830E+03	3.208269E-02	7.742821E-04
7.625483E+03	3.205494E-02	7.739886E-04
7.635135E+03	3.202654E-02	7.736774E-04
7.644788E+03	3.199592E-02	7.733104E-04
7.654440E+03	3.196298E-02	7.728853E-04
7.664093E+03	3.192846E-02	7.724197E-04
7.673745E+03	3.188996E-02	7.718559E-04
7.683398E+03	3.184898E-02	7.712294E-04
7.693050E+03	3.180386E-02	7.705006E-04
7.702703E+03	3.175616E-02	7.697067E-04
7.712355E+03	3.170581E-02	7.688458E-04
7.722008E+03	3.165273E-02	7.679164E-04
7.731660E+03	3.159764E-02	7.669355E-04
7.741313E+03	3.154210E-02	7.659411E-04
7.750965E+03	3.148528E-02	7.649130E-04
7.760618E+03	3.142790E-02	7.638686E-04
7.770270E+03	3.137074E-02	7.628268E-04
7.779923E+03	3.131455E-02	7.618060E-04
7.789575E+03	3.125932E-02	7.608058E-04
7.799228E+03	3.120502E-02	7.598256E-04
7.808880E+03	3.115242E-02	7.588846E-04
7.818533E+03	3.110072E-02	7.579626E-04
7.828185E+03	3.105151E-02	7.570989E-04
7.837838E+03	3.100479E-02	7.562935E-04
7.847490E+03	3.095972E-02	7.555258E-04
7.857143E+03	3.091711E-02	7.548162E-04
7.866795E+03	3.087696E-02	7.541640E-04
7.876448E+03	3.083928E-02	7.535700E-04
7.886100E+03	3.080407E-02	7.530343E-04
7.895753E+03	3.077134E-02	7.525568E-04
7.905405E+03	3.074106E-02	7.521373E-04
7.915058E+03	3.071407E-02	7.517965E-04
7.924710E+03	3.068876E-02	7.514947E-04
7.934363E+03	3.066674E-02	7.512717E-04
7.944015E+03	3.064723E-02	7.511082E-04
7.953668E+03	3.063105E-02	7.510248E-04
7.963320E+03	3.061656E-02	7.509808E-04
7.972973E+03	3.060458E-02	7.509969E-04
7.982625E+03	3.059599E-02	7.510946E-04
7.992278E+03	3.058908E-02	7.512319E-04
8.001931E+03	3.058560E-02	7.514521E-04
8.011583E+03	3.058382E-02	7.517125E-04
8.021236E+03	3.058463E-02	7.520351E-04
8.030888E+03	3.058805E-02	7.524207E-04
8.040541E+03	3.059321E-02	7.528477E-04
8.050193E+03	3.060099E-02	7.533378E-04
8.059846E+03	3.061053E-02	7.538701E-04
8.069498E+03	3.062272E-02	7.544667E-04
8.079151E+03	3.063760E-02	7.551282E-04
8.088803E+03	3.065340E-02	7.558112E-04
8.098456E+03	3.067187E-02	7.565593E-04
8.108108E+03	3.069218E-02	7.573515E-04
8.117761E+03	3.071432E-02	7.581880E-04
8.127413E+03	3.073830E-02	7.590688E-04
8.137066E+03	3.076415E-02	7.599950E-04
8.146718E+03	3.079186E-02	7.609662E-04
8.156371E+03	3.082053E-02	7.619603E-04
8.166023E+03	3.085108E-02	7.630000E-04
8.175676E+03	3.088261E-02	7.640632E-04
8.185328E+03	3.091604E-02	7.651727E-04
8.194981E+03	3.095138E-02	7.663285E-04
8.204633E+03	3.098676E-02	7.674847E-04
8.214286E+03	3.102406E-02	7.686877E-04
8.223938E+03	3.106144E-02	7.698918E-04
8.233591E+03	3.110069E-02	7.711417E-04
8.243243E+03	3.114001E-02	7.723926E-04
8.252896E+03	3.118031E-02	7.736673E-04
8.262548E+03	3.122155E-02	7.749646E-04
8.272201E+03	3.126282E-02	7.762619E-04
8.281853E+03	3.130502E-02	7.775818E-04
8.291506E+03	3.134627E-02	7.788771E-04
8.301158E+03	3.138843E-02	7.801946E-04
8.310811E+03	3.143054E-02	7.815103E-04
8.320463E+03	3.147257E-02	7.828231E-04
8.330116E+03	3.151351E-02	7.841085E-04
8.339768E+03	3.155529E-02	7.854137E-04
8.349421E+03	3.159498E-02	7.866665E-04
8.359073E+03	3.163445E-02	7.879129E-04
8.368726E+03	3.167270E-02	7.891284E-04
8.378378E+03	3.170870E-02	7.902867E-04
8.388031E+03	3.174437E-02	7.914364E-04
8.397683E+03	3.177769E-02	7.925265E-04
8.407336E+03	3.180959E-02	7.935806E-04
8.416988E+03	3.183901E-02	7.945717E-04
8.426641E+03	3.186586E-02	7.954980E-04
8.436293E+03	3.189012E-02	7.963583E-04
8.445946E+03	3.191168E-02	7.971504E-04
8.455598E+03	3.192944E-02	7.978467E-04
8.465251E+03	3.194433E-02	7.984701E-04
8.474903E+03	3.195527E-02	7.989936E-04
8.484556E+03	3.196320E-02	7.994406E-04
8.494208E+03	3.196590E-02	7.997556E-04
8.503861E+03	3.196435E-02	7.999629E-04
8.513514E+03	3.195842E-02	8.000593E-04
8.523166E+03	3.194802E-02	8.000423E-04
8.532819E+03	3.193198E-02	7.998825E-04
8.542471E+03	3.191235E-02	7.996311E-04
8.552124E+03	3.188790E-02	7.992574E-04
8.561776E+03	3.185857E-02	7.987597E-04
8.571429E+03	3.182425E-02	7.981351E-04
8.581081E+03	3.178591E-02	7.974077E-04
8.590734E+03	3.174234E-02	7.965474E-04
8.600386E+03	3.169569E-02	7.956077E-04
8.610039E+03	3.164359E-02	7.945293E-04
8.619691E+03	3.158937E-02	7.933956E-04
8.629344E+03	3.153064E-02	7.921466E-04
8.638996E+03	3.146849E-02	7.908094E-04
8.648649E+03	3.140279E-02	7.893811E-04
8.658301E+03	3.133466E-02	7.878892E-04
8.667954E+03	3.126399E-02	7.863315E-04
8.677606E+03	3.119077E-02	7.847072E-04
8.687259E+03	3.111371E-02	7.829842E-04
8.725869E+03	3.078845E-02	7.756405E-04
8.764479E+03	3.043317E-02	7.675029E-04
8.803089E+03	3.005952E-02	7.588645E-04
8.841699E+03	2.967082E-02	7.498082E-04
8.880309E+03	2.927125E-02	7.404399E-04
8.918919E+03	2.886381E-02	7.308357E-04
8.957529E+03	2.845464E-02	7.211515E-04
8.996139E+03	2.804358E-02	7.113841E-04
9.034749E+03	2.763199E-02	7.015691E-04
9.073359E+03	2.722146E-02	6.917474E-04
9.111969E+03	2.681374E-02	6.819647E-04
9.150579E+03	2.640782E-02	6.721964E-04
9.189189E+03	2.600415E-02	6.624549E-04
9.227799E+03	2.560493E-02	6.527976E-04
9.266409E+03	2.520615E-02	6.431228E-04
9.305019E+03	2.480848E-02	6.334487E-04
9.343629E+03	2.441280E-02	6.237986E-04
9.382239E+03	2.401672E-02	6.141125E-04
9.420849E+03	2.362128E-02	6.044176E-04
9.459459E+03	2.322421E-02	5.946564E-04
9.498069E+03	2.282677E-02	5.848621E-04
9.536680E+03	2.242861E-02	5.750265E-04
9.575290E+03	2.202950E-02	5.651442E-04
9.613900E+03	2.162745E-02	5.551647E-04
9.652510E+03	2.122234E-02	5.450856E-04
9.691120E+03	2.081788E-02	5.350029E-04
9.729730E+03	2.041232E-02	5.248719E-04
9.768340E+03	2.000578E-02	5.146966E-04
9.806950E+03	1.959841E-02	5.044814E-04
9.845560E+03	1.919230E-02	4.942806E-04
9.884170E+03	1.878761E-02	4.840994E-04
9.922780E+03	1.838451E-02	4.739421E-04
9.961390E+03	1.798502E-02	4.638616E-04
