#wls	flux	fluxerr
1.544402E+03	5.554732E-03	1.206769E-03
1.583012E+03	5.576735E-03	1.208610E-03
1.621622E+03	5.598095E-03	1.210201E-03
1.660232E+03	5.617818E-03	1.211324E-03
1.698842E+03	5.635757E-03	1.211947E-03
1.737452E+03	5.653243E-03	1.212356E-03
1.776062E+03	5.667545E-03	1.211965E-03
1.814672E+03	5.677684E-03	1.210568E-03
1.853282E+03	5.684521E-03	1.208352E-03
1.891892E+03	5.686343E-03	1.204959E-03
1.930502E+03	5.683482E-03	1.200467E-03
1.969112E+03	5.678620E-03	1.195446E-03
2.007722E+03	5.678891E-03	1.191396E-03
2.046332E+03	5.692595E-03	1.190039E-03
2.084942E+03	5.728464E-03	1.193160E-03
2.123552E+03	5.791831E-03	1.201811E-03
2.162162E+03	5.877602E-03	1.214866E-03
2.200772E+03	5.980607E-03	1.231200E-03
2.239382E+03	6.092215E-03	1.248990E-03
2.277992E+03	6.209877E-03	1.267685E-03
2.316602E+03	6.331588E-03	1.286850E-03
2.355212E+03	6.456022E-03	1.306194E-03
2.393822E+03	6.584697E-03	1.326004E-03
2.432432E+03	6.718609E-03	1.346456E-03
2.471042E+03	6.859923E-03	1.367953E-03
2.509653E+03	7.007880E-03	1.390309E-03
2.548263E+03	7.166735E-03	1.414330E-03
2.586873E+03	7.336772E-03	1.440021E-03
2.625483E+03	7.519303E-03	1.467586E-03
2.664093E+03	7.715673E-03	1.497228E-03
2.702703E+03	7.928358E-03	1.529358E-03
2.741313E+03	8.157835E-03	1.563992E-03
2.779923E+03	8.407908E-03	1.601772E-03
2.818533E+03	8.679315E-03	1.642740E-03
2.857143E+03	8.975139E-03	1.687369E-03
2.895753E+03	9.297578E-03	1.735949E-03
2.905405E+03	9.382520E-03	1.748729E-03
2.915058E+03	9.469956E-03	1.761899E-03
2.924710E+03	9.558790E-03	1.775253E-03
2.934363E+03	9.650237E-03	1.789015E-03
2.944015E+03	9.743257E-03	1.802990E-03
2.953668E+03	9.837956E-03	1.817193E-03
2.963320E+03	9.935542E-03	1.831847E-03
2.972973E+03	1.003486E-02	1.846734E-03
2.982625E+03	1.013712E-02	1.862075E-03
2.992278E+03	1.024237E-02	1.877875E-03
3.001931E+03	1.034944E-02	1.893916E-03
3.011583E+03	1.045836E-02	1.910201E-03
3.021236E+03	1.057038E-02	1.926956E-03
3.030888E+03	1.068432E-02	1.943962E-03
3.040541E+03	1.080146E-02	1.961448E-03
3.050193E+03	1.092185E-02	1.979418E-03
3.059846E+03	1.104430E-02	1.997656E-03
3.069498E+03	1.116884E-02	2.016162E-03
3.079151E+03	1.129680E-02	2.035172E-03
3.088803E+03	1.142822E-02	2.054691E-03
3.098456E+03	1.156190E-02	2.074499E-03
3.108108E+03	1.169789E-02	2.094600E-03
3.117761E+03	1.183883E-02	2.115463E-03
3.127413E+03	1.198090E-02	2.136400E-03
3.137066E+03	1.212808E-02	2.158116E-03
3.146718E+03	1.227648E-02	2.179918E-03
3.156371E+03	1.243015E-02	2.202519E-03
3.166023E+03	1.258650E-02	2.225454E-03
3.175676E+03	1.274560E-02	2.248730E-03
3.185328E+03	1.291023E-02	2.272834E-03
3.194981E+03	1.307637E-02	2.297054E-03
3.204633E+03	1.324821E-02	2.322120E-03
3.214286E+03	1.342169E-02	2.347314E-03
3.223938E+03	1.360107E-02	2.373375E-03
3.233591E+03	1.378361E-02	2.399822E-03
3.243243E+03	1.397082E-02	2.426910E-03
3.252896E+03	1.416135E-02	2.454399E-03
3.262548E+03	1.435671E-02	2.482544E-03
3.272201E+03	1.455553E-02	2.511104E-03
3.281853E+03	1.475935E-02	2.540337E-03
3.291506E+03	1.496825E-02	2.570252E-03
3.301158E+03	1.518085E-02	2.600601E-03
3.310811E+03	1.539869E-02	2.631645E-03
3.320463E+03	1.562187E-02	2.663394E-03
3.330116E+03	1.584895E-02	2.695591E-03
3.339768E+03	1.608152E-02	2.728504E-03
3.349421E+03	1.631810E-02	2.761873E-03
3.359073E+03	1.656030E-02	2.795964E-03
3.368726E+03	1.680822E-02	2.830784E-03
3.378378E+03	1.706031E-02	2.866066E-03
3.388031E+03	1.731821E-02	2.902077E-03
3.397683E+03	1.758035E-02	2.938546E-03
3.407336E+03	1.785005E-02	2.976020E-03
3.416988E+03	1.812239E-02	3.013670E-03
3.426641E+03	1.840236E-02	3.052319E-03
3.436293E+03	1.868666E-02	3.091408E-03
3.445946E+03	1.897694E-02	3.131206E-03
3.455598E+03	1.927152E-02	3.171422E-03
3.465251E+03	1.957206E-02	3.212326E-03
3.474903E+03	1.987679E-02	3.253618E-03
3.484556E+03	2.018919E-02	3.295857E-03
3.494208E+03	2.050567E-02	3.338449E-03
3.503861E+03	2.082613E-02	3.381368E-03
3.513514E+03	2.115224E-02	3.424882E-03
3.523166E+03	2.148393E-02	3.468968E-03
3.532819E+03	2.181922E-02	3.513298E-03
3.542471E+03	2.215980E-02	3.558137E-03
3.552124E+03	2.250552E-02	3.603452E-03
3.561776E+03	2.285431E-02	3.648905E-03
3.571429E+03	2.320785E-02	3.694757E-03
3.581081E+03	2.356593E-02	3.740967E-03
3.590734E+03	2.392636E-02	3.787181E-03
3.600386E+03	2.428886E-02	3.833349E-03
3.610039E+03	2.465708E-02	3.880043E-03
3.619691E+03	2.502478E-02	3.926271E-03
3.629344E+03	2.539764E-02	3.972922E-03
3.638996E+03	2.577130E-02	4.019310E-03
3.648649E+03	2.614744E-02	4.065691E-03
3.658301E+03	2.652364E-02	4.111687E-03
3.667954E+03	2.690160E-02	4.157555E-03
3.677606E+03	2.727882E-02	4.202911E-03
3.687259E+03	2.765700E-02	4.248015E-03
3.696911E+03	2.803576E-02	4.292802E-03
3.706564E+03	2.841252E-02	4.336881E-03
3.716216E+03	2.878684E-02	4.380185E-03
3.725869E+03	2.916042E-02	4.422974E-03
3.735521E+03	2.953284E-02	4.465183E-03
3.745174E+03	2.990143E-02	4.506413E-03
3.754826E+03	3.026792E-02	4.546928E-03
3.764479E+03	3.062961E-02	4.586325E-03
3.774131E+03	3.098599E-02	4.624533E-03
3.783784E+03	3.133880E-02	4.661819E-03
3.793436E+03	3.168752E-02	4.698112E-03
3.803089E+03	3.202937E-02	4.733005E-03
3.812741E+03	3.236608E-02	4.766762E-03
3.822394E+03	3.269251E-02	4.798637E-03
3.832046E+03	3.301499E-02	4.829570E-03
3.841699E+03	3.332604E-02	4.858477E-03
3.851351E+03	3.363201E-02	4.886296E-03
3.861004E+03	3.392538E-02	4.911945E-03
3.870656E+03	3.421019E-02	4.936029E-03
3.880309E+03	3.448356E-02	4.958144E-03
3.889961E+03	3.474724E-02	4.978560E-03
3.899614E+03	3.499835E-02	4.996880E-03
3.909266E+03	3.523636E-02	5.013047E-03
3.918919E+03	3.546076E-02	5.027011E-03
3.928571E+03	3.567343E-02	5.039056E-03
3.938224E+03	3.587161E-02	5.048814E-03
3.947876E+03	3.605725E-02	5.056581E-03
3.957529E+03	3.622537E-02	5.061682E-03
3.967181E+03	3.638038E-02	5.064757E-03
3.976834E+03	3.651976E-02	5.065477E-03
3.986486E+03	3.664340E-02	5.063854E-03
3.996139E+03	3.675357E-02	5.060227E-03
4.005792E+03	3.684572E-02	5.053988E-03
4.015444E+03	3.692455E-02	5.045816E-03
4.025097E+03	3.698800E-02	5.035446E-03
4.034749E+03	3.703635E-02	5.022944E-03
4.044402E+03	3.706997E-02	5.008386E-03
4.054054E+03	3.708932E-02	4.991857E-03
4.063707E+03	3.709493E-02	4.973451E-03
4.073359E+03	3.708739E-02	4.953271E-03
4.083012E+03	3.706958E-02	4.931721E-03
4.092664E+03	3.703777E-02	4.908327E-03
4.102317E+03	3.699496E-02	4.883507E-03
4.111969E+03	3.694198E-02	4.857387E-03
4.121622E+03	3.687966E-02	4.830097E-03
4.131274E+03	3.680890E-02	4.801769E-03
4.140927E+03	3.673062E-02	4.772538E-03
4.150579E+03	3.664574E-02	4.742537E-03
4.160232E+03	3.655522E-02	4.711902E-03
4.169884E+03	3.645797E-02	4.680503E-03
4.179537E+03	3.635911E-02	4.649007E-03
4.189189E+03	3.625550E-02	4.617021E-03
4.198842E+03	3.615019E-02	4.584939E-03
4.208494E+03	3.604216E-02	4.552637E-03
4.218147E+03	3.593641E-02	4.520751E-03
4.227799E+03	3.582993E-02	4.488902E-03
4.237452E+03	3.572568E-02	4.457463E-03
4.247104E+03	3.562462E-02	4.426552E-03
4.256757E+03	3.552578E-02	4.396046E-03
4.266409E+03	3.543205E-02	4.366300E-03
4.276062E+03	3.534244E-02	4.337187E-03
4.285714E+03	3.526166E-02	4.309278E-03
4.295367E+03	3.518494E-02	4.281982E-03
4.305019E+03	3.511878E-02	4.256081E-03
4.314672E+03	3.506026E-02	4.231212E-03
4.324324E+03	3.501021E-02	4.207462E-03
4.333977E+03	3.497120E-02	4.185131E-03
4.343629E+03	3.494393E-02	4.164287E-03
4.353282E+03	3.492723E-02	4.144776E-03
4.362934E+03	3.492348E-02	4.126866E-03
4.372587E+03	3.493140E-02	4.110389E-03
4.382239E+03	3.495143E-02	4.095384E-03
4.391892E+03	3.498568E-02	4.082081E-03
4.401544E+03	3.503265E-02	4.070286E-03
4.411197E+03	3.509424E-02	4.060206E-03
4.420849E+03	3.516875E-02	4.051626E-03
4.430502E+03	3.525789E-02	4.044725E-03
4.440154E+03	3.535972E-02	4.039266E-03
4.449807E+03	3.547398E-02	4.035203E-03
4.459459E+03	3.560203E-02	4.032678E-03
4.469112E+03	3.573989E-02	4.031225E-03
4.478764E+03	3.589221E-02	4.031355E-03
4.488417E+03	3.605307E-02	4.032391E-03
4.498069E+03	3.622517E-02	4.034628E-03
4.507722E+03	3.640595E-02	4.037769E-03
4.517375E+03	3.659448E-02	4.041703E-03
4.527027E+03	3.679157E-02	4.046515E-03
4.536680E+03	3.699446E-02	4.051896E-03
4.546332E+03	3.720212E-02	4.057732E-03
4.555985E+03	3.741353E-02	4.063908E-03
4.565637E+03	3.762939E-02	4.070504E-03
4.575290E+03	3.784689E-02	4.077214E-03
4.584942E+03	3.806320E-02	4.083741E-03
4.594595E+03	3.828259E-02	4.090546E-03
4.604247E+03	3.849865E-02	4.096950E-03
4.613900E+03	3.871206E-02	4.103036E-03
4.623552E+03	3.892346E-02	4.108880E-03
4.633205E+03	3.912988E-02	4.114178E-03
4.642857E+03	3.933005E-02	4.118812E-03
4.652510E+03	3.952327E-02	4.122721E-03
4.662162E+03	3.970930E-02	4.125893E-03
4.671815E+03	3.988964E-02	4.128496E-03
4.681467E+03	4.006023E-02	4.130117E-03
4.691120E+03	4.022413E-02	4.131082E-03
4.700772E+03	4.037878E-02	4.131142E-03
4.710425E+03	4.052375E-02	4.130261E-03
4.720077E+03	4.065906E-02	4.128455E-03
4.729730E+03	4.078470E-02	4.125728E-03
4.739382E+03	4.090229E-02	4.122254E-03
4.749035E+03	4.100793E-02	4.117646E-03
4.758687E+03	4.110484E-02	4.112234E-03
4.768340E+03	4.119074E-02	4.105798E-03
4.777992E+03	4.126331E-02	4.098114E-03
4.787645E+03	4.132552E-02	4.089486E-03
4.797297E+03	4.137495E-02	4.079682E-03
4.806950E+03	4.141097E-02	4.068648E-03
4.816602E+03	4.143467E-02	4.056501E-03
4.826255E+03	4.144187E-02	4.042842E-03
4.835907E+03	4.143553E-02	4.027968E-03
4.845560E+03	4.141153E-02	4.011490E-03
4.855212E+03	4.137303E-02	3.993727E-03
4.864865E+03	4.131786E-02	3.974477E-03
4.874517E+03	4.124576E-02	3.953727E-03
4.884170E+03	4.115674E-02	3.931491E-03
4.893822E+03	4.105077E-02	3.907775E-03
4.903475E+03	4.092821E-02	3.882626E-03
4.913127E+03	4.079117E-02	3.856255E-03
4.922780E+03	4.063685E-02	3.828404E-03
4.932432E+03	4.046963E-02	3.799498E-03
4.942085E+03	4.028883E-02	3.769480E-03
4.951737E+03	4.009575E-02	3.738479E-03
4.961390E+03	3.989194E-02	3.706646E-03
4.971042E+03	3.967909E-02	3.674141E-03
4.980695E+03	3.945908E-02	3.641143E-03
4.990347E+03	3.923565E-02	3.607997E-03
5.000000E+03	3.900928E-02	3.574747E-03
5.009653E+03	3.878071E-02	3.541456E-03
5.019305E+03	3.855551E-02	3.508632E-03
5.028958E+03	3.833449E-02	3.476339E-03
5.038610E+03	3.812170E-02	3.444935E-03
5.048263E+03	3.791638E-02	3.414341E-03
5.057915E+03	3.772406E-02	3.385042E-03
5.067568E+03	3.754547E-02	3.357086E-03
5.077220E+03	3.738284E-02	3.330658E-03
5.086873E+03	3.723819E-02	3.305917E-03
5.096525E+03	3.711346E-02	3.283015E-03
5.106178E+03	3.701194E-02	3.262219E-03
5.115830E+03	3.693215E-02	3.243375E-03
5.125483E+03	3.687847E-02	3.226844E-03
5.135135E+03	3.685208E-02	3.212699E-03
5.144788E+03	3.685087E-02	3.200728E-03
5.154440E+03	3.687854E-02	3.191225E-03
5.164093E+03	3.693406E-02	3.184071E-03
5.173745E+03	3.701764E-02	3.179255E-03
5.183398E+03	3.712922E-02	3.176740E-03
5.193050E+03	3.726854E-02	3.176477E-03
5.202703E+03	3.743657E-02	3.178516E-03
5.212355E+03	3.763098E-02	3.182631E-03
5.222008E+03	3.785229E-02	3.188836E-03
5.231660E+03	3.809605E-02	3.196731E-03
5.241313E+03	3.836380E-02	3.206417E-03
5.250965E+03	3.865216E-02	3.217589E-03
5.260618E+03	3.896069E-02	3.230185E-03
5.270270E+03	3.928543E-02	3.243858E-03
5.279923E+03	3.962387E-02	3.258380E-03
5.289575E+03	3.997325E-02	3.273512E-03
5.299228E+03	4.033225E-02	3.289132E-03
5.308880E+03	4.069604E-02	3.304835E-03
5.318533E+03	4.106136E-02	3.320353E-03
5.328185E+03	4.142645E-02	3.335539E-03
5.337838E+03	4.178609E-02	3.349975E-03
5.347490E+03	4.213667E-02	3.363375E-03
5.357143E+03	4.247631E-02	3.375602E-03
5.366795E+03	4.279964E-02	3.386238E-03
5.376448E+03	4.310315E-02	3.395027E-03
5.386100E+03	4.338517E-02	3.401856E-03
5.395753E+03	4.364063E-02	3.406355E-03
5.405405E+03	4.386643E-02	3.408313E-03
5.415058E+03	4.406161E-02	3.407685E-03
5.424710E+03	4.422363E-02	3.404314E-03
5.434363E+03	4.434671E-02	3.397793E-03
5.444015E+03	4.443450E-02	3.388445E-03
5.453668E+03	4.448016E-02	3.375792E-03
5.463320E+03	4.448643E-02	3.360091E-03
5.472973E+03	4.445279E-02	3.341349E-03
5.482625E+03	4.437739E-02	3.319475E-03
5.492278E+03	4.426074E-02	3.294558E-03
5.501931E+03	4.410552E-02	3.266846E-03
5.511583E+03	4.391128E-02	3.236354E-03
5.521236E+03	4.368154E-02	3.203387E-03
5.530888E+03	4.341667E-02	3.168018E-03
5.540541E+03	4.312083E-02	3.130592E-03
5.550193E+03	4.279502E-02	3.091224E-03
5.559846E+03	4.244392E-02	3.050287E-03
5.569498E+03	4.206892E-02	3.007915E-03
5.579151E+03	4.167490E-02	2.964489E-03
5.588803E+03	4.126346E-02	2.920148E-03
5.598456E+03	4.083952E-02	2.875264E-03
5.608108E+03	4.040461E-02	2.829965E-03
5.617761E+03	3.996342E-02	2.784595E-03
5.627413E+03	3.951726E-02	2.739259E-03
5.637066E+03	3.907044E-02	2.694265E-03
5.646718E+03	3.862545E-02	2.649792E-03
5.656371E+03	3.818290E-02	2.605884E-03
5.666023E+03	3.774639E-02	2.562790E-03
5.675676E+03	3.731598E-02	2.520514E-03
5.685328E+03	3.689467E-02	2.479257E-03
5.694981E+03	3.648351E-02	2.439084E-03
5.704633E+03	3.608185E-02	2.399950E-03
5.714286E+03	3.569174E-02	2.361984E-03
5.723938E+03	3.531208E-02	2.325111E-03
5.733591E+03	3.494436E-02	2.289421E-03
5.743243E+03	3.458849E-02	2.254904E-03
5.752896E+03	3.424278E-02	2.221444E-03
5.762548E+03	3.390815E-02	2.189098E-03
5.772201E+03	3.358271E-02	2.157738E-03
5.781853E+03	3.326853E-02	2.127495E-03
5.791506E+03	3.296218E-02	2.098146E-03
5.801158E+03	3.266291E-02	2.069643E-03
5.810811E+03	3.237266E-02	2.042106E-03
5.820463E+03	3.208802E-02	2.015322E-03
5.830116E+03	3.180830E-02	1.989247E-03
5.839768E+03	3.153548E-02	1.964006E-03
5.849421E+03	3.126641E-02	1.939403E-03
5.859073E+03	3.100056E-02	1.915409E-03
5.868726E+03	3.074015E-02	1.892164E-03
5.878378E+03	3.048228E-02	1.869489E-03
5.888031E+03	3.022801E-02	1.847453E-03
5.897683E+03	2.997718E-02	1.826048E-03
5.907336E+03	2.972854E-02	1.805200E-03
5.916988E+03	2.948453E-02	1.785057E-03
5.926641E+03	2.924285E-02	1.765479E-03
5.936293E+03	2.900361E-02	1.746472E-03
5.945946E+03	2.876941E-02	1.728189E-03
5.955598E+03	2.853801E-02	1.710497E-03
5.965251E+03	2.831072E-02	1.693473E-03
5.974903E+03	2.808766E-02	1.677120E-03
5.984556E+03	2.786878E-02	1.661434E-03
5.994208E+03	2.765287E-02	1.646342E-03
6.003861E+03	2.744095E-02	1.631901E-03
6.013514E+03	2.723362E-02	1.618145E-03
6.023166E+03	2.703221E-02	1.605150E-03
6.032819E+03	2.683780E-02	1.592978E-03
6.042471E+03	2.665135E-02	1.581682E-03
6.052124E+03	2.647255E-02	1.571241E-03
6.061776E+03	2.630309E-02	1.561754E-03
6.071429E+03	2.614346E-02	1.553246E-03
6.081081E+03	2.599396E-02	1.545725E-03
6.090734E+03	2.585465E-02	1.539183E-03
6.100386E+03	2.572444E-02	1.533539E-03
6.110039E+03	2.560528E-02	1.528897E-03
6.119691E+03	2.549482E-02	1.525105E-03
6.129344E+03	2.539389E-02	1.522201E-03
6.138996E+03	2.530323E-02	1.520217E-03
6.148649E+03	2.522038E-02	1.518996E-03
6.158301E+03	2.514508E-02	1.518512E-03
6.167954E+03	2.507918E-02	1.518867E-03
6.177606E+03	2.502142E-02	1.519976E-03
6.187259E+03	2.497162E-02	1.521818E-03
6.196911E+03	2.492870E-02	1.524321E-03
6.206564E+03	2.489474E-02	1.527604E-03
6.216216E+03	2.486776E-02	1.531538E-03
6.225869E+03	2.484847E-02	1.536161E-03
6.235521E+03	2.483682E-02	1.541462E-03
6.245174E+03	2.482952E-02	1.547232E-03
6.254826E+03	2.482663E-02	1.553466E-03
6.264479E+03	2.482712E-02	1.560092E-03
6.274131E+03	2.483000E-02	1.567040E-03
6.283784E+03	2.483431E-02	1.574241E-03
6.293436E+03	2.483909E-02	1.581625E-03
6.303089E+03	2.484334E-02	1.589117E-03
6.312741E+03	2.484600E-02	1.596639E-03
6.322394E+03	2.484598E-02	1.604110E-03
6.332046E+03	2.484208E-02	1.611441E-03
6.341699E+03	2.483205E-02	1.618470E-03
6.351351E+03	2.481671E-02	1.625238E-03
6.361004E+03	2.479364E-02	1.631569E-03
6.370656E+03	2.476140E-02	1.637355E-03
6.380309E+03	2.471857E-02	1.642481E-03
6.389961E+03	2.466371E-02	1.646834E-03
6.399614E+03	2.459535E-02	1.650294E-03
6.409266E+03	2.451105E-02	1.652675E-03
6.418919E+03	2.441163E-02	1.654010E-03
6.428571E+03	2.429480E-02	1.654121E-03
6.438224E+03	2.415948E-02	1.652907E-03
6.447876E+03	2.400482E-02	1.650286E-03
6.457529E+03	2.383013E-02	1.646183E-03
6.467181E+03	2.363491E-02	1.640539E-03
6.476834E+03	2.341899E-02	1.633314E-03
6.486486E+03	2.318243E-02	1.624487E-03
6.496139E+03	2.292560E-02	1.614058E-03
6.505792E+03	2.265008E-02	1.602114E-03
6.515444E+03	2.235479E-02	1.588556E-03
6.525097E+03	2.204189E-02	1.573515E-03
6.534749E+03	2.171278E-02	1.557072E-03
6.544402E+03	2.137002E-02	1.539391E-03
6.554054E+03	2.101352E-02	1.520451E-03
6.563707E+03	2.064709E-02	1.500515E-03
6.573359E+03	2.027097E-02	1.479588E-03
6.583012E+03	1.988909E-02	1.457951E-03
6.592664E+03	1.950188E-02	1.435627E-03
6.602317E+03	1.911324E-02	1.412902E-03
6.611969E+03	1.872444E-02	1.389868E-03
6.621622E+03	1.833676E-02	1.366622E-03
6.631274E+03	1.795382E-02	1.343437E-03
6.640927E+03	1.757668E-02	1.320397E-03
6.650579E+03	1.720706E-02	1.297641E-03
6.660232E+03	1.684657E-02	1.275298E-03
6.669884E+03	1.649666E-02	1.253487E-03
6.679537E+03	1.615861E-02	1.232319E-03
6.689189E+03	1.583354E-02	1.211892E-03
6.698842E+03	1.552311E-02	1.192346E-03
6.708494E+03	1.522676E-02	1.173651E-03
6.718147E+03	1.494587E-02	1.155929E-03
6.727799E+03	1.468097E-02	1.139236E-03
6.737452E+03	1.443315E-02	1.123670E-03
6.747104E+03	1.420141E-02	1.109170E-03
6.756757E+03	1.398662E-02	1.095817E-03
6.766409E+03	1.378955E-02	1.083686E-03
6.776062E+03	1.360898E-02	1.072697E-03
6.785714E+03	1.344616E-02	1.062961E-03
6.795367E+03	1.329981E-02	1.054391E-03
6.805019E+03	1.317102E-02	1.047085E-03
6.814672E+03	1.305906E-02	1.040999E-03
6.824324E+03	1.296318E-02	1.036085E-03
6.833977E+03	1.288436E-02	1.032433E-03
6.843629E+03	1.282125E-02	1.029945E-03
6.853282E+03	1.277479E-02	1.028706E-03
6.862934E+03	1.274419E-02	1.028664E-03
6.872587E+03	1.272866E-02	1.029763E-03
6.882239E+03	1.272914E-02	1.032088E-03
6.891892E+03	1.274425E-02	1.035535E-03
6.901544E+03	1.277493E-02	1.040188E-03
6.911197E+03	1.281982E-02	1.045943E-03
6.920849E+03	1.287986E-02	1.052883E-03
6.930502E+03	1.295369E-02	1.060903E-03
6.940154E+03	1.304227E-02	1.070086E-03
6.949807E+03	1.314420E-02	1.080323E-03
6.959459E+03	1.325987E-02	1.091649E-03
6.969112E+03	1.338966E-02	1.104101E-03
6.978764E+03	1.353213E-02	1.117563E-03
6.988417E+03	1.368766E-02	1.132068E-03
6.998069E+03	1.385600E-02	1.147598E-03
7.007722E+03	1.403688E-02	1.164133E-03
7.017375E+03	1.423002E-02	1.181651E-03
7.027027E+03	1.443511E-02	1.200128E-03
7.036680E+03	1.465118E-02	1.219482E-03
7.046332E+03	1.487919E-02	1.239795E-03
7.055985E+03	1.511812E-02	1.260979E-03
7.065637E+03	1.536684E-02	1.282943E-03
7.075290E+03	1.562562E-02	1.305706E-03
7.084942E+03	1.589399E-02	1.329227E-03
7.094595E+03	1.617221E-02	1.353527E-03
7.104247E+03	1.645750E-02	1.378371E-03
7.113900E+03	1.675158E-02	1.403900E-03
7.123552E+03	1.705310E-02	1.430000E-03
7.133205E+03	1.736068E-02	1.456551E-03
7.142857E+03	1.767528E-02	1.483630E-03
7.152510E+03	1.799462E-02	1.511043E-03
7.162162E+03	1.831885E-02	1.538799E-03
7.171815E+03	1.864641E-02	1.566764E-03
7.181467E+03	1.897832E-02	1.595019E-03
7.191120E+03	1.931211E-02	1.623354E-03
7.200772E+03	1.964881E-02	1.651851E-03
7.210425E+03	1.998585E-02	1.680290E-03
7.220077E+03	2.032334E-02	1.708676E-03
7.229730E+03	2.065948E-02	1.736856E-03
7.239382E+03	2.099533E-02	1.764914E-03
7.249035E+03	2.132803E-02	1.792607E-03
7.258687E+03	2.165758E-02	1.819931E-03
7.268340E+03	2.198192E-02	1.846711E-03
7.277992E+03	2.230200E-02	1.873024E-03
7.287645E+03	2.261458E-02	1.898595E-03
7.297297E+03	2.292004E-02	1.923455E-03
7.306950E+03	2.321814E-02	1.947580E-03
7.316602E+03	2.350753E-02	1.970858E-03
7.326255E+03	2.379016E-02	1.993450E-03
7.335907E+03	2.406350E-02	2.015144E-03
7.345560E+03	2.432721E-02	2.035911E-03
7.355212E+03	2.458330E-02	2.055919E-03
7.364865E+03	2.482912E-02	2.074948E-03
7.374517E+03	2.506556E-02	2.093071E-03
7.384170E+03	2.529116E-02	2.110166E-03
7.393822E+03	2.550809E-02	2.126412E-03
7.403475E+03	2.571372E-02	2.141589E-03
7.413127E+03	2.590784E-02	2.155679E-03
7.422780E+03	2.609279E-02	2.168877E-03
7.432432E+03	2.626597E-02	2.180967E-03
7.442085E+03	2.642855E-02	2.192046E-03
7.451737E+03	2.657921E-02	2.202006E-03
7.461390E+03	2.671921E-02	2.210952E-03
7.471042E+03	2.684858E-02	2.218886E-03
7.480695E+03	2.696734E-02	2.225814E-03
7.490347E+03	2.707422E-02	2.231632E-03
7.500000E+03	2.717060E-02	2.236454E-03
7.509653E+03	2.725517E-02	2.240178E-03
7.519305E+03	2.732930E-02	2.242917E-03
7.528958E+03	2.739300E-02	2.244676E-03
7.538610E+03	2.744628E-02	2.245459E-03
7.548263E+03	2.748774E-02	2.245155E-03
7.557915E+03	2.751866E-02	2.243874E-03
7.567568E+03	2.753759E-02	2.241499E-03
7.577220E+03	2.754574E-02	2.238137E-03
7.586873E+03	2.754294E-02	2.233777E-03
7.596525E+03	2.752763E-02	2.228299E-03
7.606178E+03	2.750096E-02	2.221803E-03
7.615830E+03	2.746269E-02	2.214275E-03
7.625483E+03	2.741122E-02	2.205593E-03
7.635135E+03	2.734768E-02	2.195857E-03
7.644788E+03	2.727187E-02	2.185058E-03
7.654440E+03	2.718223E-02	2.173079E-03
7.664093E+03	2.708001E-02	2.160030E-03
7.673745E+03	2.696511E-02	2.145911E-03
7.683398E+03	2.683618E-02	2.130626E-03
7.693050E+03	2.669464E-02	2.114296E-03
7.702703E+03	2.653931E-02	2.096840E-03
7.712355E+03	2.637311E-02	2.078499E-03
7.722008E+03	2.619239E-02	2.058995E-03
7.731660E+03	2.600162E-02	2.038691E-03
7.741313E+03	2.579868E-02	2.017432E-03
7.750965E+03	2.558427E-02	1.995284E-03
7.760618E+03	2.536174E-02	1.972518E-03
7.770270E+03	2.512933E-02	1.949008E-03
7.779923E+03	2.488798E-02	1.924837E-03
7.789575E+03	2.463995E-02	1.900190E-03
7.799228E+03	2.438630E-02	1.875157E-03
7.808880E+03	2.412808E-02	1.849828E-03
7.818533E+03	2.386516E-02	1.824199E-03
7.828185E+03	2.359991E-02	1.798461E-03
7.837838E+03	2.333222E-02	1.772611E-03
7.847490E+03	2.306443E-02	1.746833E-03
7.857143E+03	2.279761E-02	1.721211E-03
7.866795E+03	2.253161E-02	1.695741E-03
7.876448E+03	2.226861E-02	1.670588E-03
7.886100E+03	2.200955E-02	1.645828E-03
7.895753E+03	2.175416E-02	1.621439E-03
7.905405E+03	2.150440E-02	1.597572E-03
7.915058E+03	2.126104E-02	1.574282E-03
7.924710E+03	2.102361E-02	1.551536E-03
7.934363E+03	2.079387E-02	1.529464E-03
7.944015E+03	2.057235E-02	1.508103E-03
7.953668E+03	2.035845E-02	1.487407E-03
7.963320E+03	2.015370E-02	1.467487E-03
7.972973E+03	1.995846E-02	1.448368E-03
7.982625E+03	1.977200E-02	1.429994E-03
7.992278E+03	1.959566E-02	1.412459E-03
8.001931E+03	1.942972E-02	1.395780E-03
8.011583E+03	1.927331E-02	1.379894E-03
8.021236E+03	1.912771E-02	1.364888E-03
8.030888E+03	1.899311E-02	1.350772E-03
8.040541E+03	1.886862E-02	1.337483E-03
8.050193E+03	1.875548E-02	1.325103E-03
8.059846E+03	1.865385E-02	1.313642E-03
8.069498E+03	1.856290E-02	1.303038E-03
8.079151E+03	1.848487E-02	1.293448E-03
8.088803E+03	1.841794E-02	1.284738E-03
8.098456E+03	1.836233E-02	1.276926E-03
8.108108E+03	1.831934E-02	1.270098E-03
8.117761E+03	1.828927E-02	1.264274E-03
8.127413E+03	1.827242E-02	1.259473E-03
8.137066E+03	1.826915E-02	1.255719E-03
8.146718E+03	1.827880E-02	1.252966E-03
8.156371E+03	1.830281E-02	1.251312E-03
8.166023E+03	1.834057E-02	1.250716E-03
8.175676E+03	1.839461E-02	1.251352E-03
8.185328E+03	1.846331E-02	1.253112E-03
8.194981E+03	1.854821E-02	1.256100E-03
8.204633E+03	1.864873E-02	1.260282E-03
8.214286E+03	1.876749E-02	1.265839E-03
8.223938E+03	1.890281E-02	1.272662E-03
8.233591E+03	1.905623E-02	1.280861E-03
8.243243E+03	1.922704E-02	1.290396E-03
8.252896E+03	1.941784E-02	1.301450E-03
8.262548E+03	1.962666E-02	1.313901E-03
8.272201E+03	1.985482E-02	1.327849E-03
8.281853E+03	2.010243E-02	1.343315E-03
8.291506E+03	2.036821E-02	1.360229E-03
8.301158E+03	2.065437E-02	1.378756E-03
8.310811E+03	2.095803E-02	1.398722E-03
8.320463E+03	2.127976E-02	1.420188E-03
8.330116E+03	2.161865E-02	1.443116E-03
8.339768E+03	2.197215E-02	1.467359E-03
8.349421E+03	2.234132E-02	1.493016E-03
8.359073E+03	2.272154E-02	1.519807E-03
8.368726E+03	2.311175E-02	1.547690E-03
8.378378E+03	2.350914E-02	1.576508E-03
8.388031E+03	2.391112E-02	1.606117E-03
8.397683E+03	2.431565E-02	1.636411E-03
8.407336E+03	2.472544E-02	1.667604E-03
8.416988E+03	2.513690E-02	1.699485E-03
8.426641E+03	2.555071E-02	1.732134E-03
8.436293E+03	2.596580E-02	1.765502E-03
8.445946E+03	2.638082E-02	1.799516E-03
8.455598E+03	2.679419E-02	1.834084E-03
8.465251E+03	2.720239E-02	1.868977E-03
8.474903E+03	2.760685E-02	1.904304E-03
8.484556E+03	2.800192E-02	1.939685E-03
8.494208E+03	2.838889E-02	1.975211E-03
8.503861E+03	2.876173E-02	2.010464E-03
8.513514E+03	2.911980E-02	2.045395E-03
8.523166E+03	2.946064E-02	2.079821E-03
8.532819E+03	2.978181E-02	2.113557E-03
8.542471E+03	3.008090E-02	2.146413E-03
8.552124E+03	3.035564E-02	2.178205E-03
8.561776E+03	3.060389E-02	2.208747E-03
8.571429E+03	3.082368E-02	2.237865E-03
8.581081E+03	3.101120E-02	2.265240E-03
8.590734E+03	3.116908E-02	2.291019E-03
8.600386E+03	3.129404E-02	2.314913E-03
8.610039E+03	3.138306E-02	2.336644E-03
8.619691E+03	3.143975E-02	2.356422E-03
8.629344E+03	3.145959E-02	2.373848E-03
8.638996E+03	3.144693E-02	2.389185E-03
8.648649E+03	3.140001E-02	2.402238E-03
8.658301E+03	3.131739E-02	2.412825E-03
8.667954E+03	3.120442E-02	2.421292E-03
8.677606E+03	3.106024E-02	2.427506E-03
8.687259E+03	3.088426E-02	2.431353E-03
8.725869E+03	2.992974E-02	2.427113E-03
8.764479E+03	2.867703E-02	2.397108E-03
8.803089E+03	2.728674E-02	2.351931E-03
8.841699E+03	2.590067E-02	2.302189E-03
8.880309E+03	2.463424E-02	2.257720E-03
8.918919E+03	2.356394E-02	2.226114E-03
8.957529E+03	2.272871E-02	2.212335E-03
8.996139E+03	2.213890E-02	2.219066E-03
9.034749E+03	2.178567E-02	2.247241E-03
9.073359E+03	2.164199E-02	2.295836E-03
9.111969E+03	2.167443E-02	2.362865E-03
9.150579E+03	2.184299E-02	2.445239E-03
9.189189E+03	2.209964E-02	2.538492E-03
9.227799E+03	2.239785E-02	2.637783E-03
9.266409E+03	2.268864E-02	2.737436E-03
9.305019E+03	2.292408E-02	2.831349E-03
9.343629E+03	2.305907E-02	2.913246E-03
9.382239E+03	2.305615E-02	2.977347E-03
9.420849E+03	2.287981E-02	3.017747E-03
9.459459E+03	2.251622E-02	3.031113E-03
9.498069E+03	2.196068E-02	3.015263E-03
9.536680E+03	2.122996E-02	2.971025E-03
9.575290E+03	2.035102E-02	2.900916E-03
9.613900E+03	1.936279E-02	2.809518E-03
9.652510E+03	1.830945E-02	2.702627E-03
9.691120E+03	1.722642E-02	2.585195E-03
9.729730E+03	1.615073E-02	2.462791E-03
9.768340E+03	1.510532E-02	2.339164E-03
9.806950E+03	1.410725E-02	2.217352E-03
9.845560E+03	1.316527E-02	2.099223E-03
9.884170E+03	1.228779E-02	1.986651E-03
9.922780E+03	1.147324E-02	1.879936E-03
9.961390E+03	1.072091E-02	1.779490E-03
