#wls	flux	fluxerr
1.544402E+03	6.238531E-02	4.170535E-03
1.583012E+03	6.421269E-02	4.270241E-03
1.621622E+03	6.613790E-02	4.374562E-03
1.660232E+03	6.817952E-02	4.484551E-03
1.698842E+03	7.034461E-02	4.600477E-03
1.737452E+03	7.265458E-02	4.723518E-03
1.776062E+03	7.510467E-02	4.853121E-03
1.814672E+03	7.771821E-02	4.990533E-03
1.853282E+03	8.052106E-02	5.137117E-03
1.891892E+03	8.352625E-02	5.293363E-03
1.930502E+03	8.674763E-02	5.459778E-03
1.969112E+03	9.021683E-02	5.637942E-03
2.007722E+03	9.395150E-02	5.828490E-03
2.046332E+03	9.800655E-02	6.034303E-03
2.084942E+03	1.023686E-01	6.253964E-03
2.123552E+03	1.070786E-01	6.489352E-03
2.162162E+03	1.121820E-01	6.742500E-03
2.200772E+03	1.176867E-01	7.013104E-03
2.239382E+03	1.236431E-01	7.303296E-03
2.277992E+03	1.300612E-01	7.612724E-03
2.316602E+03	1.369963E-01	7.943594E-03
2.355212E+03	1.444603E-01	8.295460E-03
2.393822E+03	1.524884E-01	8.669121E-03
2.432432E+03	1.611171E-01	9.065328E-03
2.471042E+03	1.703839E-01	9.484756E-03
2.509653E+03	1.803272E-01	9.927978E-03
2.548263E+03	1.909858E-01	1.039544E-02
2.586873E+03	2.023983E-01	1.088740E-02
2.625483E+03	2.145707E-01	1.140224E-02
2.664093E+03	2.275680E-01	1.194136E-02
2.702703E+03	2.414231E-01	1.250420E-02
2.741313E+03	2.561283E-01	1.308800E-02
2.779923E+03	2.717382E-01	1.369308E-02
2.818533E+03	2.882655E-01	1.431742E-02
2.857143E+03	3.057515E-01	1.496027E-02
2.895753E+03	3.242688E-01	1.562220E-02
2.905405E+03	3.290719E-01	1.579089E-02
2.915058E+03	3.339565E-01	1.596134E-02
2.924710E+03	3.388797E-01	1.613143E-02
2.934363E+03	3.439263E-01	1.630516E-02
2.944015E+03	3.490099E-01	1.647835E-02
2.953668E+03	3.541732E-01	1.665298E-02
2.963320E+03	3.594150E-01	1.682892E-02
2.972973E+03	3.647348E-01	1.700610E-02
2.982625E+03	3.701316E-01	1.718440E-02
2.992278E+03	3.756497E-01	1.736582E-02
3.001931E+03	3.811972E-01	1.754602E-02
3.011583E+03	3.868638E-01	1.772910E-02
3.021236E+03	3.926024E-01	1.791280E-02
3.030888E+03	3.984111E-01	1.809699E-02
3.040541E+03	4.043352E-01	1.828365E-02
3.050193E+03	4.103255E-01	1.847047E-02
3.059846E+03	4.164275E-01	1.865945E-02
3.069498E+03	4.226396E-01	1.885041E-02
3.079151E+03	4.289104E-01	1.904100E-02
3.088803E+03	4.352858E-01	1.923318E-02
3.098456E+03	4.418121E-01	1.942891E-02
3.108108E+03	4.483880E-01	1.962364E-02
3.117761E+03	4.550590E-01	1.981929E-02
3.127413E+03	4.618710E-01	2.001778E-02
3.137066E+03	4.687706E-01	2.021669E-02
3.146718E+03	4.757523E-01	2.041572E-02
3.156371E+03	4.828623E-01	2.061675E-02
3.166023E+03	4.900437E-01	2.081728E-02
3.175676E+03	4.973942E-01	2.102135E-02
3.185328E+03	5.048044E-01	2.122424E-02
3.194981E+03	5.123705E-01	2.142991E-02
3.204633E+03	5.199814E-01	2.163362E-02
3.214286E+03	5.277332E-01	2.183928E-02
3.223938E+03	5.355652E-01	2.204428E-02
3.233591E+03	5.435199E-01	2.225029E-02
3.243243E+03	5.515875E-01	2.245680E-02
3.252896E+03	5.597570E-01	2.266327E-02
3.262548E+03	5.680159E-01	2.286909E-02
3.272201E+03	5.763510E-01	2.307366E-02
3.281853E+03	5.847479E-01	2.327633E-02
3.291506E+03	5.932449E-01	2.347853E-02
3.301158E+03	6.018249E-01	2.367952E-02
3.310811E+03	6.104699E-01	2.387850E-02
3.320463E+03	6.191605E-01	2.407465E-02
3.330116E+03	6.278746E-01	2.426705E-02
3.339768E+03	6.366441E-01	2.445689E-02
3.349421E+03	6.453895E-01	2.464107E-02
3.359073E+03	6.541389E-01	2.482065E-02
3.368726E+03	6.628641E-01	2.499454E-02
3.378378E+03	6.715347E-01	2.516159E-02
3.388031E+03	6.801731E-01	2.532264E-02
3.397683E+03	6.886909E-01	2.547444E-02
3.407336E+03	6.971067E-01	2.561771E-02
3.416988E+03	7.053828E-01	2.575115E-02
3.426641E+03	7.134801E-01	2.587340E-02
3.436293E+03	7.213585E-01	2.598315E-02
3.445946E+03	7.289774E-01	2.607905E-02
3.455598E+03	7.363477E-01	2.616168E-02
3.465251E+03	7.434281E-01	2.622975E-02
3.474903E+03	7.501777E-01	2.628202E-02
3.484556E+03	7.565586E-01	2.631739E-02
3.494208E+03	7.625372E-01	2.633496E-02
3.500538E+03	7.368412E-01	2.532651E-02
3.502746E+03	7.350432E-01	2.522252E-02
3.504954E+03	7.329841E-01	2.510977E-02
3.507161E+03	7.313835E-01	2.501290E-02
3.509369E+03	7.301766E-01	2.492962E-02
3.511576E+03	7.291989E-01	2.485425E-02
3.513785E+03	7.286138E-01	2.479230E-02
3.515992E+03	7.289778E-01	2.476265E-02
3.518200E+03	7.294720E-01	2.473733E-02
3.520407E+03	7.300637E-01	2.471521E-02
3.522616E+03	7.308513E-01	2.469960E-02
3.524823E+03	7.317362E-01	2.468715E-02
3.527031E+03	7.326533E-01	2.467566E-02
3.529238E+03	7.336677E-01	2.466730E-02
3.531446E+03	7.343222E-01	2.464670E-02
3.533654E+03	7.348783E-01	2.462267E-02
3.535862E+03	7.355968E-01	2.460399E-02
3.538069E+03	7.359234E-01	2.457211E-02
3.540277E+03	7.358908E-01	2.452818E-02
3.542486E+03	7.366080E-01	2.450915E-02
3.544693E+03	7.374553E-01	2.449434E-02
3.546901E+03	7.388238E-01	2.449668E-02
3.549108E+03	7.410065E-01	2.452577E-02
3.551316E+03	7.437096E-01	2.457176E-02
3.553524E+03	7.466067E-01	2.462378E-02
3.555732E+03	7.502841E-01	2.470113E-02
3.557939E+03	7.542203E-01	2.478652E-02
3.560147E+03	7.582522E-01	2.487455E-02
3.562355E+03	7.622168E-01	2.495984E-02
3.564563E+03	7.661144E-01	2.504247E-02
3.566770E+03	7.697822E-01	2.511710E-02
3.568978E+03	7.736434E-01	2.519756E-02
3.571185E+03	7.774700E-01	2.527641E-02
3.573394E+03	7.814570E-01	2.535995E-02
3.575601E+03	7.857675E-01	2.545348E-02
3.577809E+03	7.901406E-01	2.554849E-02
3.580016E+03	7.937640E-01	2.561875E-02
3.582225E+03	7.978729E-01	2.570417E-02
3.584432E+03	8.023696E-01	2.580155E-02
3.586640E+03	8.066692E-01	2.589203E-02
3.588847E+03	8.113560E-01	2.599437E-02
3.591055E+03	8.161706E-01	2.610021E-02
3.593264E+03	8.201384E-01	2.617838E-02
3.595471E+03	8.239100E-01	2.624981E-02
3.597679E+03	8.273549E-01	2.631037E-02
3.599886E+03	8.311871E-01	2.638277E-02
3.602095E+03	8.350497E-01	2.645561E-02
3.604302E+03	8.384566E-01	2.651357E-02
3.606510E+03	8.409543E-01	2.654239E-02
3.608717E+03	8.427374E-01	2.654835E-02
3.610925E+03	8.433535E-01	2.651737E-02
3.613133E+03	8.435477E-01	2.647302E-02
3.615341E+03	8.438388E-01	2.643166E-02
3.617548E+03	8.441293E-01	2.639020E-02
3.619756E+03	8.443550E-01	2.634665E-02
3.621964E+03	8.447095E-01	2.630702E-02
3.624172E+03	8.442871E-01	2.624319E-02
3.626379E+03	8.435738E-01	2.617034E-02
3.628587E+03	8.431193E-01	2.610555E-02
3.630794E+03	8.427291E-01	2.604276E-02
3.633003E+03	8.418219E-01	2.596401E-02
3.635210E+03	8.413025E-01	2.589730E-02
3.637418E+03	8.408477E-01	2.583259E-02
3.639625E+03	8.401020E-01	2.575898E-02
3.641834E+03	8.393242E-01	2.568441E-02
3.644042E+03	8.383852E-01	2.560500E-02
3.646249E+03	8.368008E-01	2.550599E-02
3.648457E+03	8.340875E-01	2.537280E-02
3.650664E+03	8.305363E-01	2.521446E-02
3.652873E+03	8.267608E-01	2.504969E-02
3.655080E+03	8.235028E-01	2.490101E-02
3.657288E+03	8.201171E-01	2.474884E-02
3.659495E+03	8.166360E-01	2.459417E-02
3.661704E+03	8.129308E-01	2.443313E-02
3.663911E+03	8.082929E-01	2.424454E-02
3.666119E+03	8.017888E-01	2.400063E-02
3.668326E+03	7.941928E-01	2.372485E-02
3.670534E+03	7.865681E-01	2.344910E-02
3.672742E+03	7.786246E-01	2.316475E-02
3.674950E+03	7.703954E-01	2.287287E-02
3.677157E+03	7.626520E-01	2.259635E-02
3.679365E+03	7.547194E-01	2.231516E-02
3.681573E+03	7.462755E-01	2.201979E-02
3.683781E+03	7.376108E-01	2.171895E-02
3.685988E+03	7.285642E-01	2.140791E-02
3.688196E+03	7.191683E-01	2.108770E-02
3.690403E+03	7.103867E-01	2.078660E-02
3.692612E+03	7.019305E-01	2.049602E-02
3.694819E+03	6.941202E-01	2.022529E-02
3.697027E+03	6.876937E-01	1.999573E-02
3.699235E+03	6.816874E-01	1.977912E-02
3.701443E+03	6.764215E-01	1.958464E-02
3.703651E+03	6.724410E-01	1.942793E-02
3.705858E+03	6.695205E-01	1.930225E-02
3.708066E+03	6.670819E-01	1.919076E-02
3.710273E+03	6.659906E-01	1.911822E-02
3.712482E+03	6.652522E-01	1.905588E-02
3.714689E+03	6.646100E-01	1.899637E-02
3.716897E+03	6.645445E-01	1.895335E-02
3.719104E+03	6.643184E-01	1.890575E-02
3.721313E+03	6.637401E-01	1.884813E-02
3.723520E+03	6.638023E-01	1.880871E-02
3.725728E+03	6.644079E-01	1.878463E-02
3.727935E+03	6.649491E-01	1.875862E-02
3.730143E+03	6.666411E-01	1.876491E-02
3.732351E+03	6.696750E-01	1.880864E-02
3.734559E+03	6.732506E-01	1.886715E-02
3.736766E+03	6.777191E-01	1.895016E-02
3.738974E+03	6.828561E-01	1.905124E-02
3.741182E+03	6.883738E-01	1.916222E-02
3.743390E+03	6.943995E-01	1.928662E-02
3.745597E+03	7.005496E-01	1.941368E-02
3.747805E+03	7.055472E-01	1.950808E-02
3.750014E+03	7.099996E-01	1.958677E-02
3.752221E+03	7.138755E-01	1.964902E-02
3.754429E+03	7.168879E-01	1.968704E-02
3.756636E+03	7.194840E-01	1.971326E-02
3.758844E+03	7.225251E-01	1.975128E-02
3.761052E+03	7.252134E-01	1.977925E-02
3.763260E+03	7.276456E-01	1.979990E-02
3.765467E+03	7.304584E-01	1.983055E-02
3.767675E+03	7.332377E-01	1.985991E-02
3.769883E+03	7.358563E-01	1.988453E-02
3.772091E+03	7.393962E-01	1.993365E-02
3.774298E+03	7.425206E-01	1.997112E-02
3.776506E+03	7.451340E-01	1.999445E-02
3.778713E+03	7.474277E-01	2.000887E-02
3.780922E+03	7.487978E-01	1.999828E-02
3.783129E+03	7.494040E-01	1.996715E-02
3.785337E+03	7.499777E-01	1.993506E-02
3.787544E+03	7.496615E-01	1.987926E-02
3.789753E+03	7.488047E-01	1.980916E-02
3.791960E+03	7.479799E-01	1.974000E-02
3.794168E+03	7.460760E-01	1.964250E-02
3.796375E+03	7.431885E-01	1.951939E-02
3.798583E+03	7.405562E-01	1.940329E-02
3.800792E+03	7.380197E-01	1.929000E-02
3.802999E+03	7.354212E-01	1.917539E-02
3.805207E+03	7.334262E-01	1.907679E-02
3.807414E+03	7.317175E-01	1.898584E-02
3.809623E+03	7.298506E-01	1.889097E-02
3.811830E+03	7.280161E-01	1.879716E-02
3.814038E+03	7.258340E-01	1.869461E-02
3.816245E+03	7.235578E-01	1.858989E-02
3.818453E+03	7.215673E-01	1.849275E-02
3.820661E+03	7.194509E-01	1.839261E-02
3.822869E+03	7.168922E-01	1.828145E-02
3.825076E+03	7.150309E-01	1.818833E-02
3.827284E+03	7.132017E-01	1.809624E-02
3.829492E+03	7.118793E-01	1.801717E-02
3.831700E+03	7.107151E-01	1.794225E-02
3.833907E+03	7.101206E-01	1.788180E-02
3.836115E+03	7.100629E-01	1.783488E-02
3.838322E+03	7.108581E-01	1.780932E-02
3.840531E+03	7.124106E-01	1.780254E-02
3.842738E+03	7.150037E-01	1.782148E-02
3.844946E+03	7.181004E-01	1.785259E-02
3.847153E+03	7.208798E-01	1.787541E-02
3.849362E+03	7.238464E-01	1.790246E-02
3.851569E+03	7.266222E-01	1.792442E-02
3.853777E+03	7.291126E-01	1.793897E-02
3.855985E+03	7.315696E-01	1.795236E-02
3.858192E+03	7.342145E-01	1.797001E-02
3.860401E+03	7.367944E-01	1.798569E-02
3.862608E+03	7.389633E-01	1.799102E-02
3.864816E+03	7.410993E-01	1.799525E-02
3.867023E+03	7.428876E-01	1.799076E-02
3.869231E+03	7.442026E-01	1.797459E-02
3.871439E+03	7.449500E-01	1.794452E-02
3.873647E+03	7.455396E-01	1.791057E-02
3.875854E+03	7.458773E-01	1.787049E-02
3.878062E+03	7.468115E-01	1.784459E-02
3.880270E+03	7.484052E-01	1.783424E-02
3.882478E+03	7.499663E-01	1.782290E-02
3.884685E+03	7.516520E-01	1.781430E-02
3.886893E+03	7.536820E-01	1.781359E-02
3.889100E+03	7.556477E-01	1.781108E-02
3.891309E+03	7.576437E-01	1.780899E-02
3.893516E+03	7.598263E-01	1.781101E-02
3.895724E+03	7.619136E-01	1.781049E-02
3.897931E+03	7.637800E-01	1.780454E-02
3.900140E+03	7.655195E-01	1.779534E-02
3.902347E+03	7.667875E-01	1.777499E-02
3.904555E+03	7.679919E-01	1.775299E-02
3.906763E+03	7.695401E-01	1.773873E-02
3.908970E+03	7.708051E-01	1.771774E-02
3.911179E+03	7.721631E-01	1.769867E-02
3.913386E+03	7.743969E-01	1.769945E-02
3.915594E+03	7.770359E-01	1.770914E-02
3.917801E+03	7.797982E-01	1.772128E-02
3.920010E+03	7.827464E-01	1.773722E-02
3.922217E+03	7.857555E-01	1.775416E-02
3.924425E+03	7.881998E-01	1.775796E-02
3.926632E+03	7.903298E-01	1.775436E-02
3.928840E+03	7.919584E-01	1.773923E-02
3.931048E+03	7.935235E-01	1.772243E-02
3.933256E+03	7.939316E-01	1.767966E-02
3.935463E+03	7.932779E-01	1.761324E-02
3.937671E+03	7.915941E-01	1.752409E-02
3.939879E+03	7.895677E-01	1.742755E-02
3.942087E+03	7.868559E-01	1.731620E-02
3.944294E+03	7.837087E-01	1.719563E-02
3.946502E+03	7.804380E-01	1.707275E-02
3.948709E+03	7.772312E-01	1.695168E-02
3.950918E+03	7.738698E-01	1.682763E-02
3.953125E+03	7.705103E-01	1.670406E-02
3.955333E+03	7.681178E-01	1.660182E-02
3.957541E+03	7.657261E-01	1.649990E-02
3.959749E+03	7.631177E-01	1.639359E-02
3.961957E+03	7.599502E-01	1.627566E-02
3.964164E+03	7.561619E-01	1.614488E-02
3.966372E+03	7.517534E-01	1.600137E-02
3.968580E+03	7.469120E-01	1.584923E-02
3.970788E+03	7.414510E-01	1.568462E-02
3.972995E+03	7.360551E-01	1.552208E-02
3.975203E+03	7.305376E-01	1.535769E-02
3.977410E+03	7.245259E-01	1.518365E-02
3.979619E+03	7.186725E-01	1.501368E-02
3.981826E+03	7.133186E-01	1.485489E-02
3.984034E+03	7.078744E-01	1.469491E-02
3.986241E+03	7.028984E-01	1.454533E-02
3.988449E+03	6.987933E-01	1.441436E-02
3.990657E+03	6.950313E-01	1.429095E-02
3.992865E+03	6.919841E-01	1.418270E-02
3.995072E+03	6.897750E-01	1.409195E-02
3.997280E+03	6.880936E-01	1.401224E-02
3.999488E+03	6.861340E-01	1.392708E-02
4.001696E+03	6.844228E-01	1.384720E-02
4.003903E+03	6.822793E-01	1.375883E-02
4.006111E+03	6.803221E-01	1.367447E-02
4.008319E+03	6.781801E-01	1.358667E-02
4.010527E+03	6.764413E-01	1.350716E-02
4.012735E+03	6.748885E-01	1.343160E-02
4.014942E+03	6.741400E-01	1.337220E-02
4.017150E+03	6.736700E-01	1.331839E-02
4.019358E+03	6.742192E-01	1.328469E-02
4.021566E+03	6.755399E-01	1.326609E-02
4.023773E+03	6.781564E-01	1.327267E-02
4.025981E+03	6.816972E-01	1.329692E-02
4.028188E+03	6.860378E-01	1.333625E-02
4.030397E+03	6.904679E-01	1.337672E-02
4.032604E+03	6.953582E-01	1.342550E-02
4.034812E+03	7.005843E-01	1.348008E-02
4.037019E+03	7.063003E-01	1.354337E-02
4.039228E+03	7.121051E-01	1.360757E-02
4.041435E+03	7.179371E-01	1.367154E-02
4.043643E+03	7.234882E-01	1.372941E-02
4.045850E+03	7.285743E-01	1.377774E-02
4.048058E+03	7.330105E-01	1.381315E-02
4.050266E+03	7.371055E-01	1.384154E-02
4.052474E+03	7.410748E-01	1.386706E-02
4.054681E+03	7.451337E-01	1.389372E-02
4.056889E+03	7.490669E-01	1.391751E-02
4.059097E+03	7.530589E-01	1.394184E-02
4.061305E+03	7.567719E-01	1.396052E-02
4.063513E+03	7.604824E-01	1.397866E-02
4.065720E+03	7.639449E-01	1.399176E-02
4.067928E+03	7.672821E-01	1.400213E-02
4.070136E+03	7.699417E-01	1.399971E-02
4.072344E+03	7.723543E-01	1.399249E-02
4.074551E+03	7.743664E-01	1.397772E-02
4.076759E+03	7.759477E-01	1.395494E-02
4.078967E+03	7.763935E-01	1.391159E-02
4.081175E+03	7.759809E-01	1.385288E-02
4.083382E+03	7.749861E-01	1.378387E-02
4.085590E+03	7.734711E-01	1.370579E-02
4.087797E+03	7.718033E-01	1.362520E-02
4.090006E+03	7.703506E-01	1.354861E-02
4.092213E+03	7.686536E-01	1.346796E-02
4.094421E+03	7.666210E-01	1.338168E-02
4.096628E+03	7.644054E-01	1.329249E-02
4.098837E+03	7.617936E-01	1.319672E-02
4.101044E+03	7.587858E-01	1.309449E-02
4.103252E+03	7.561768E-01	1.299952E-02
4.105459E+03	7.537213E-01	1.290754E-02
4.107667E+03	7.512978E-01	1.281643E-02
4.109875E+03	7.483564E-01	1.271683E-02
4.112083E+03	7.455384E-01	1.261975E-02
4.114291E+03	7.419592E-01	1.251021E-02
4.116498E+03	7.377720E-01	1.239094E-02
4.118707E+03	7.329162E-01	1.226103E-02
4.120914E+03	7.278799E-01	1.212879E-02
4.123122E+03	7.221763E-01	1.198615E-02
4.125329E+03	7.166280E-01	1.184685E-02
4.127537E+03	7.106870E-01	1.170182E-02
4.129745E+03	7.046577E-01	1.155613E-02
4.131953E+03	6.985406E-01	1.140983E-02
4.134160E+03	6.925789E-01	1.126688E-02
4.136368E+03	6.868031E-01	1.112774E-02
4.138576E+03	6.815776E-01	1.099824E-02
4.140784E+03	6.768719E-01	1.087781E-02
4.142991E+03	6.726245E-01	1.076536E-02
4.145199E+03	6.687742E-01	1.065981E-02
4.147406E+03	6.648349E-01	1.055338E-02
4.149615E+03	6.609282E-01	1.044798E-02
4.151822E+03	6.566288E-01	1.033695E-02
4.154030E+03	6.520286E-01	1.022179E-02
4.156237E+03	6.474003E-01	1.010681E-02
4.158446E+03	6.426839E-01	9.991071E-03
4.160653E+03	6.377273E-01	9.872274E-03
4.162861E+03	6.332887E-01	9.762134E-03
4.165069E+03	6.289135E-01	9.653570E-03
4.167276E+03	6.242677E-01	9.541466E-03
4.169485E+03	6.198364E-01	9.433241E-03
4.171692E+03	6.157710E-01	9.331182E-03
4.173900E+03	6.116168E-01	9.228338E-03
4.176107E+03	6.079795E-01	9.133828E-03
4.178316E+03	6.048277E-01	9.047061E-03
4.180523E+03	6.019194E-01	8.964378E-03
4.182731E+03	5.994356E-01	8.888396E-03
4.184938E+03	5.972551E-01	8.817240E-03
4.187146E+03	5.948948E-01	8.743757E-03
4.189354E+03	5.920221E-01	8.663093E-03
4.191562E+03	5.886985E-01	8.576281E-03
4.193769E+03	5.845317E-01	8.477701E-03
4.195977E+03	5.798246E-01	8.371891E-03
4.198185E+03	5.743661E-01	8.255906E-03
4.200393E+03	5.690918E-01	8.143311E-03
4.202600E+03	5.640314E-01	8.034478E-03
4.204808E+03	5.596669E-01	7.936199E-03
4.207015E+03	5.558166E-01	7.845775E-03
4.209224E+03	5.531426E-01	7.772395E-03
4.211431E+03	5.507711E-01	7.703641E-03
4.213639E+03	5.487920E-01	7.640691E-03
4.215847E+03	5.466031E-01	7.575126E-03
4.218055E+03	5.442650E-01	7.507805E-03
4.220263E+03	5.417482E-01	7.438382E-03
4.222470E+03	5.395029E-01	7.373032E-03
4.224678E+03	5.372887E-01	7.308431E-03
4.226885E+03	5.349558E-01	7.242546E-03
4.229094E+03	5.322637E-01	7.172145E-03
4.231301E+03	5.294530E-01	7.100553E-03
4.233509E+03	5.264339E-01	7.026580E-03
4.235716E+03	5.232667E-01	6.951066E-03
4.237925E+03	5.205207E-01	6.881551E-03
4.240132E+03	5.183759E-01	6.820355E-03
4.242340E+03	5.161721E-01	6.758702E-03
4.244547E+03	5.140894E-01	6.698953E-03
4.246756E+03	5.120675E-01	6.640287E-03
4.248963E+03	5.096877E-01	6.577320E-03
4.251171E+03	5.070100E-01	6.510875E-03
4.253378E+03	5.046926E-01	6.449420E-03
4.255586E+03	5.022267E-01	6.386419E-03
4.257794E+03	4.997026E-01	6.323026E-03
4.260002E+03	4.974790E-01	6.263798E-03
4.262209E+03	4.954952E-01	6.207905E-03
4.264417E+03	4.933335E-01	6.150096E-03
4.266625E+03	4.911728E-01	6.092608E-03
4.268833E+03	4.889535E-01	6.034735E-03
4.271041E+03	4.867059E-01	5.976845E-03
4.273248E+03	4.844891E-01	5.919668E-03
4.275456E+03	4.826015E-01	5.866822E-03
4.277664E+03	4.808639E-01	5.816071E-03
4.279872E+03	4.791570E-01	5.765976E-03
4.282079E+03	4.774215E-01	5.715809E-03
4.284287E+03	4.759546E-01	5.669115E-03
4.286495E+03	4.744885E-01	5.622660E-03
4.288703E+03	4.733503E-01	5.580328E-03
4.290910E+03	4.726592E-01	5.543441E-03
4.293118E+03	4.726818E-01	5.515033E-03
4.295325E+03	4.730013E-01	5.490136E-03
4.297534E+03	4.730531E-01	5.462165E-03
4.299741E+03	4.727480E-01	5.430173E-03
4.301949E+03	4.724728E-01	5.398629E-03
4.304156E+03	4.715738E-01	5.360102E-03
4.306365E+03	4.704971E-01	5.319735E-03
4.308572E+03	4.697771E-01	5.283597E-03
4.310780E+03	4.691463E-01	5.248621E-03
4.312987E+03	4.683378E-01	5.211819E-03
4.315195E+03	4.678259E-01	5.178476E-03
4.317403E+03	4.676399E-01	5.148853E-03
4.319611E+03	4.676909E-01	5.121941E-03
4.321819E+03	4.682747E-01	5.100912E-03
4.324026E+03	4.695978E-01	5.087909E-03
4.326235E+03	4.710379E-01	5.076091E-03
4.328442E+03	4.722107E-01	5.061344E-03
4.330650E+03	4.739149E-01	5.052217E-03
4.332857E+03	4.757359E-01	5.044227E-03
4.335065E+03	4.772007E-01	5.032366E-03
4.337273E+03	4.790780E-01	5.024752E-03
4.339481E+03	4.808945E-01	5.016402E-03
4.341688E+03	4.822670E-01	5.003343E-03
4.343896E+03	4.834315E-01	4.988087E-03
4.346104E+03	4.847427E-01	4.974302E-03
4.348312E+03	4.855513E-01	4.955361E-03
4.350519E+03	4.867719E-01	4.940625E-03
4.352727E+03	4.881680E-01	4.927639E-03
4.354934E+03	4.893571E-01	4.912538E-03
4.357143E+03	4.904270E-01	4.896223E-03
4.359350E+03	4.914370E-01	4.879331E-03
4.361558E+03	4.922402E-01	4.860410E-03
4.363765E+03	4.925425E-01	4.836612E-03
4.365974E+03	4.929617E-01	4.814040E-03
4.368181E+03	4.932924E-01	4.790708E-03
4.370389E+03	4.936228E-01	4.767473E-03
4.372597E+03	4.936881E-01	4.741794E-03
4.374804E+03	4.933712E-01	4.712598E-03
4.377013E+03	4.924672E-01	4.677990E-03
4.379220E+03	4.909179E-01	4.637537E-03
4.381428E+03	4.886357E-01	4.590509E-03
4.383635E+03	4.860912E-01	4.541418E-03
4.385844E+03	4.832255E-01	4.489745E-03
4.388051E+03	4.804788E-01	4.439631E-03
4.390259E+03	4.780269E-01	4.392660E-03
4.392466E+03	4.758985E-01	4.349052E-03
4.394674E+03	4.736542E-01	4.304764E-03
4.396882E+03	4.716159E-01	4.262713E-03
4.399090E+03	4.691694E-01	4.217371E-03
4.401297E+03	4.658470E-01	4.164605E-03
4.403505E+03	4.622049E-01	4.109488E-03
4.405713E+03	4.584481E-01	4.053872E-03
4.407921E+03	4.548401E-01	4.000107E-03
4.410128E+03	4.513218E-01	3.947644E-03
4.412336E+03	4.483314E-01	3.900282E-03
4.414543E+03	4.456055E-01	3.855666E-03
4.416752E+03	4.427936E-01	3.810733E-03
4.418959E+03	4.397210E-01	3.764018E-03
4.421167E+03	4.370294E-01	3.721010E-03
4.423375E+03	4.346892E-01	3.681407E-03
4.425583E+03	4.325832E-01	3.644165E-03
4.427791E+03	4.310903E-01	3.612444E-03
4.429998E+03	4.297730E-01	3.582509E-03
4.432206E+03	4.280199E-01	3.549268E-03
4.434413E+03	4.260931E-01	3.514942E-03
4.436622E+03	4.241675E-01	3.480980E-03
4.438829E+03	4.223591E-01	3.448347E-03
4.441037E+03	4.210171E-01	3.419854E-03
4.443244E+03	4.202856E-01	3.396613E-03
4.445453E+03	4.196416E-01	3.374334E-03
4.447660E+03	4.193173E-01	3.354884E-03
4.449868E+03	4.192543E-01	3.337753E-03
4.452075E+03	4.193067E-01	3.321760E-03
4.454283E+03	4.196782E-01	3.308497E-03
4.456491E+03	4.205709E-01	3.299512E-03
4.458699E+03	4.218973E-01	3.294081E-03
4.460906E+03	4.231936E-01	3.288549E-03
4.463114E+03	4.248074E-01	3.285613E-03
4.465322E+03	4.265644E-01	3.283897E-03
4.467530E+03	4.282909E-01	3.282073E-03
4.469737E+03	4.299871E-01	3.280147E-03
4.471945E+03	4.317976E-01	3.279226E-03
4.474153E+03	4.334619E-01	3.277335E-03
4.476361E+03	4.352114E-01	3.276232E-03
4.478569E+03	4.370460E-01	3.275925E-03
4.480776E+03	4.388214E-01	3.275332E-03
4.482984E+03	4.403065E-01	3.272746E-03
4.485191E+03	4.414729E-01	3.267991E-03
4.487400E+03	4.423787E-01	3.261524E-03
4.489607E+03	4.429376E-01	3.252751E-03
4.491815E+03	4.434093E-01	3.243601E-03
4.494022E+03	4.437652E-01	3.233879E-03
4.496231E+03	4.440919E-01	3.224220E-03
4.498438E+03	4.440436E-01	3.212140E-03
4.500646E+03	4.438802E-01	3.199540E-03
4.502853E+03	4.435152E-01	3.185811E-03
4.505061E+03	4.432653E-01	3.173239E-03
4.507269E+03	4.428428E-01	3.159758E-03
4.509477E+03	4.424203E-01	3.146621E-03
4.511684E+03	4.424289E-01	3.136882E-03
4.513892E+03	4.422362E-01	3.126045E-03
4.516100E+03	4.417561E-01	3.113513E-03
4.518308E+03	4.416494E-01	3.103959E-03
4.520515E+03	4.419727E-01	3.097756E-03
4.522723E+03	4.417509E-01	3.088064E-03
4.524931E+03	4.415289E-01	3.078715E-03
4.527139E+03	4.412210E-01	3.069112E-03
4.529347E+03	4.401974E-01	3.054895E-03
4.531554E+03	4.387736E-01	3.038281E-03
4.533762E+03	4.375224E-01	3.023243E-03
4.535970E+03	4.361863E-01	3.007996E-03
4.538178E+03	4.347943E-01	2.992745E-03
4.540385E+03	4.340321E-01	2.982200E-03
4.542593E+03	4.330708E-01	2.970651E-03
4.544800E+03	4.317960E-01	2.957321E-03
4.547009E+03	4.306938E-01	2.945539E-03
4.549216E+03	4.297637E-01	2.935301E-03
4.551424E+03	4.287777E-01	2.925043E-03
4.553631E+03	4.279639E-01	2.916317E-03
4.555840E+03	4.274646E-01	2.910087E-03
4.558047E+03	4.269661E-01	2.904215E-03
4.560255E+03	4.266679E-01	2.900053E-03
4.562462E+03	4.264273E-01	2.896626E-03
4.564670E+03	4.265290E-01	2.895862E-03
4.566878E+03	4.269443E-01	2.897562E-03
4.569086E+03	4.274733E-01	2.900365E-03
4.571293E+03	4.280598E-01	2.903888E-03
4.573501E+03	4.287030E-01	2.908123E-03
4.575709E+03	4.294314E-01	2.913264E-03
4.577917E+03	4.301883E-01	2.918923E-03
4.580125E+03	4.308601E-01	2.924327E-03
4.582332E+03	4.315604E-01	2.930247E-03
4.584540E+03	4.324310E-01	2.937644E-03
4.586748E+03	4.332162E-01	2.944781E-03
4.588956E+03	4.335763E-01	2.949342E-03
4.591163E+03	4.337379E-01	2.952863E-03
4.593371E+03	4.339285E-01	2.956886E-03
4.595579E+03	4.340628E-01	2.960828E-03
4.597787E+03	4.339992E-01	2.963715E-03
4.599994E+03	4.341910E-01	2.968638E-03
4.602202E+03	4.348362E-01	2.976957E-03
4.604409E+03	4.353115E-01	2.984406E-03
4.606618E+03	4.355041E-01	2.990207E-03
4.608825E+03	4.355560E-01	2.995318E-03
4.611033E+03	4.355800E-01	3.000510E-03
4.613240E+03	4.352371E-01	3.003439E-03
4.615449E+03	4.347821E-01	3.005849E-03
4.617656E+03	4.341586E-01	3.007337E-03
4.619864E+03	4.333383E-01	3.007696E-03
4.622071E+03	4.321806E-01	3.005933E-03
4.624279E+03	4.308828E-01	3.003405E-03
4.626487E+03	4.294738E-01	3.000301E-03
4.628695E+03	4.282073E-01	2.998381E-03
4.630903E+03	4.269138E-01	2.996458E-03
4.633110E+03	4.254525E-01	2.993535E-03
4.635319E+03	4.235704E-01	2.987814E-03
4.637526E+03	4.214927E-01	2.980852E-03
4.639734E+03	4.190512E-01	2.971441E-03
4.641941E+03	4.164991E-01	2.961353E-03
4.644149E+03	4.140616E-01	2.952180E-03
4.646357E+03	4.118791E-01	2.944929E-03
4.648565E+03	4.096424E-01	2.937382E-03
4.650772E+03	4.072670E-01	2.928926E-03
4.652980E+03	4.047810E-01	2.919748E-03
4.655188E+03	4.021850E-01	2.909841E-03
4.657396E+03	3.997313E-01	2.901013E-03
4.659603E+03	3.973917E-01	2.893067E-03
4.661811E+03	3.953909E-01	2.887643E-03
4.664018E+03	3.934759E-01	2.882907E-03
4.666227E+03	3.915905E-01	2.878449E-03
4.668434E+03	3.893141E-01	2.871154E-03
4.670642E+03	3.866754E-01	2.861207E-03
4.672849E+03	3.836464E-01	2.848364E-03
4.675058E+03	3.806196E-01	2.835519E-03
4.677265E+03	3.774274E-01	2.821402E-03
4.679473E+03	3.742930E-01	2.807676E-03
4.681681E+03	3.714130E-01	2.795816E-03
4.683888E+03	3.687031E-01	2.785201E-03
4.686097E+03	3.659949E-01	2.774565E-03
4.688304E+03	3.635124E-01	2.765601E-03
4.690512E+03	3.613115E-01	2.758750E-03
4.692719E+03	3.591958E-01	2.752527E-03
4.694928E+03	3.572494E-01	2.747585E-03
4.697135E+03	3.556676E-01	2.745433E-03
4.699343E+03	3.545340E-01	2.746750E-03
4.701550E+03	3.536244E-01	2.749827E-03
4.703758E+03	3.528554E-01	2.754028E-03
4.705966E+03	3.524777E-01	2.761331E-03
4.708174E+03	3.522121E-01	2.769563E-03
4.710381E+03	3.517243E-01	2.776096E-03
4.712589E+03	3.510138E-01	2.780906E-03
4.714797E+03	3.500813E-01	2.783977E-03
4.717005E+03	3.487320E-01	2.783723E-03
4.719212E+03	3.473838E-01	2.783458E-03
4.721420E+03	3.464545E-01	2.786537E-03
4.723627E+03	3.458598E-01	2.792317E-03
4.725836E+03	3.454050E-01	2.799251E-03
4.728043E+03	3.452847E-01	2.808924E-03
4.730251E+03	3.453873E-01	2.820458E-03
4.732458E+03	3.454346E-01	2.831590E-03
4.734667E+03	3.455101E-01	2.843005E-03
4.736875E+03	3.459471E-01	2.857448E-03
4.739082E+03	3.465234E-01	2.873113E-03
4.741290E+03	3.470164E-01	2.888158E-03
4.743498E+03	3.473982E-01	2.902345E-03
4.745706E+03	3.476416E-01	2.915424E-03
4.747913E+03	3.479408E-01	2.929020E-03
4.750121E+03	3.482679E-01	2.942900E-03
4.752328E+03	3.485674E-01	2.956595E-03
4.754537E+03	3.489781E-01	2.971286E-03
4.756744E+03	3.495277E-01	2.987209E-03
4.758952E+03	3.501328E-01	3.003665E-03
4.761159E+03	3.508764E-01	3.021374E-03
4.763368E+03	3.518417E-01	3.041071E-03
4.765575E+03	3.529731E-01	3.062283E-03
4.767783E+03	3.538831E-01	3.081655E-03
4.769990E+03	3.545989E-01	3.099403E-03
4.772198E+03	3.551210E-01	3.115509E-03
4.774406E+03	3.552559E-01	3.128256E-03
4.776614E+03	3.548103E-01	3.135884E-03
4.778821E+03	3.541162E-01	3.141285E-03
4.781029E+03	3.532848E-01	3.145425E-03
4.783237E+03	3.523434E-01	3.148536E-03
4.785445E+03	3.513200E-01	3.150849E-03
4.787653E+03	3.504356E-01	3.154347E-03
4.789860E+03	3.497177E-01	3.159290E-03
4.792068E+03	3.488348E-01	3.162689E-03
4.794276E+03	3.475937E-01	3.162773E-03
4.796484E+03	3.461605E-01	3.161013E-03
4.798691E+03	3.446178E-01	3.158150E-03
4.800899E+03	3.430485E-01	3.154935E-03
4.803107E+03	3.415356E-01	3.152135E-03
4.805315E+03	3.400513E-01	3.149486E-03
4.807522E+03	3.385130E-01	3.146230E-03
4.809730E+03	3.368101E-01	3.141326E-03
4.811937E+03	3.348053E-01	3.133475E-03
4.814146E+03	3.325537E-01	3.123167E-03
4.816353E+03	3.301108E-01	3.110890E-03
4.818561E+03	3.276691E-01	3.098451E-03
4.820768E+03	3.249535E-01	3.083241E-03
4.822977E+03	3.219367E-01	3.064974E-03
4.825184E+03	3.187013E-01	3.044403E-03
4.827392E+03	3.153301E-01	3.022304E-03
4.829599E+03	3.119056E-01	2.999457E-03
4.831807E+03	3.087029E-01	2.978511E-03
4.834015E+03	3.058593E-01	2.960820E-03
4.836223E+03	3.032923E-01	2.945608E-03
4.838431E+03	3.009191E-01	2.932100E-03
4.840638E+03	2.987397E-01	2.920313E-03
4.842847E+03	2.967263E-01	2.909998E-03
4.845054E+03	2.949339E-01	2.901701E-03
4.847262E+03	2.933622E-01	2.895445E-03
4.849469E+03	2.917640E-01	2.888803E-03
4.851677E+03	2.901941E-01	2.882316E-03
4.853885E+03	2.884881E-01	2.874354E-03
4.856093E+03	2.865632E-01	2.864067E-03
4.858300E+03	2.844750E-01	2.851996E-03
4.860508E+03	2.823878E-01	2.839779E-03
4.862716E+03	2.803019E-01	2.827421E-03
4.864924E+03	2.784365E-01	2.817134E-03
4.867131E+03	2.768187E-01	2.809218E-03
4.869339E+03	2.755308E-01	2.804531E-03
4.871546E+03	2.744904E-01	2.802262E-03
4.873755E+03	2.736615E-01	2.802071E-03
4.875962E+03	2.729209E-01	2.802702E-03
4.878170E+03	2.723671E-01	2.805181E-03
4.880377E+03	2.718550E-01	2.808025E-03
4.882586E+03	2.713239E-01	2.810615E-03
4.884793E+03	2.707115E-01	2.812293E-03
4.887001E+03	2.700666E-01	2.813563E-03
4.889208E+03	2.692963E-01	2.813451E-03
4.891416E+03	2.684992E-01	2.812980E-03
4.893625E+03	2.678094E-01	2.813560E-03
4.895832E+03	2.672102E-01	2.815017E-03
4.898040E+03	2.666090E-01	2.816383E-03
4.900247E+03	2.660438E-01	2.818060E-03
4.902456E+03	2.653531E-01	2.818341E-03
4.904663E+03	2.645484E-01	2.817329E-03
4.906871E+03	2.638342E-01	2.817202E-03
4.909078E+03	2.632327E-01	2.818205E-03
4.911286E+03	2.625823E-01	2.818614E-03
4.913494E+03	2.619762E-01	2.819428E-03
4.915702E+03	2.614824E-01	2.821381E-03
4.917909E+03	2.610000E-01	2.823392E-03
4.920117E+03	2.605945E-01	2.826174E-03
4.922325E+03	2.603423E-01	2.830565E-03
4.924533E+03	2.603221E-01	2.837430E-03
4.926740E+03	2.603923E-01	2.845242E-03
4.928948E+03	2.604928E-01	2.853353E-03
4.931155E+03	2.605145E-01	2.860564E-03
4.933364E+03	2.605035E-01	2.867380E-03
4.935571E+03	2.604220E-01	2.873375E-03
4.937779E+03	2.603488E-01	2.879417E-03
4.939986E+03	2.602924E-01	2.885602E-03
4.942195E+03	2.603861E-01	2.893413E-03
4.944403E+03	2.606408E-01	2.902979E-03
4.946610E+03	2.610725E-01	2.914494E-03
4.948818E+03	2.616679E-01	2.927819E-03
4.951025E+03	2.623696E-01	2.942327E-03
4.953234E+03	2.629813E-01	2.955818E-03
4.955441E+03	2.634081E-01	2.967212E-03
4.957649E+03	2.636879E-01	2.976925E-03
4.959856E+03	2.638183E-01	2.984917E-03
4.962065E+03	2.637963E-01	2.991149E-03
4.964272E+03	2.638075E-01	2.997708E-03
4.966480E+03	2.640391E-01	3.006735E-03
4.968687E+03	2.644396E-01	3.017656E-03
4.970895E+03	2.648563E-01	3.028737E-03
4.973103E+03	2.652652E-01	3.039706E-03
4.975311E+03	2.656444E-01	3.050306E-03
4.977518E+03	2.658821E-01	3.059250E-03
4.979726E+03	2.659244E-01	3.065907E-03
4.981934E+03	2.658583E-01	3.071270E-03
4.984142E+03	2.657925E-01	3.076585E-03
4.986349E+03	2.657784E-01	3.082450E-03
4.988557E+03	2.658598E-01	3.089378E-03
4.990764E+03	2.660308E-01	3.097306E-03
4.992973E+03	2.661969E-01	3.105140E-03
4.995181E+03	2.662597E-01	3.111725E-03
4.997388E+03	2.661598E-01	3.116361E-03
4.999596E+03	2.658948E-01	3.119007E-03
5.001804E+03	2.655351E-01	3.120484E-03
5.004012E+03	2.651703E-01	3.121837E-03
5.006219E+03	2.648114E-01	3.123194E-03
5.008427E+03	2.644282E-01	3.124203E-03
5.010634E+03	2.639723E-01	3.124286E-03
5.012843E+03	2.634435E-01	3.123441E-03
5.015050E+03	2.628958E-01	3.122299E-03
5.017258E+03	2.623921E-01	3.121610E-03
5.019465E+03	2.619891E-01	3.122054E-03
5.021674E+03	2.616840E-01	3.123603E-03
5.023881E+03	2.614794E-01	3.126291E-03
5.026089E+03	2.614405E-01	3.130908E-03
5.028296E+03	2.615725E-01	3.137524E-03
5.030504E+03	2.617913E-01	3.145139E-03
5.032712E+03	2.620183E-01	3.152814E-03
5.034920E+03	2.622132E-01	3.160060E-03
5.037127E+03	2.623540E-01	3.166611E-03
5.039335E+03	2.625005E-01	3.173187E-03
5.041543E+03	2.627201E-01	3.180605E-03
5.043751E+03	2.629752E-01	3.188411E-03
5.045958E+03	2.632764E-01	3.196735E-03
5.048166E+03	2.636943E-01	3.206438E-03
5.050374E+03	2.642232E-01	3.217458E-03
5.052582E+03	2.648794E-01	3.229999E-03
5.054790E+03	2.657574E-01	3.245220E-03
5.056997E+03	2.668277E-01	3.262770E-03
5.059205E+03	2.678790E-01	3.280072E-03
5.061413E+03	2.687381E-01	3.295002E-03
5.063621E+03	2.693917E-01	3.307384E-03
5.065828E+03	2.699021E-01	3.317975E-03
5.068036E+03	2.703695E-01	3.328000E-03
5.070243E+03	2.708827E-01	3.338553E-03
5.072452E+03	2.714206E-01	3.349375E-03
5.074659E+03	2.719046E-01	3.359493E-03
5.076867E+03	2.722804E-01	3.368234E-03
5.079074E+03	2.725755E-01	3.375933E-03
5.081283E+03	2.728435E-01	3.383254E-03
5.083490E+03	2.732468E-01	3.392208E-03
5.085698E+03	2.737584E-01	3.402465E-03
5.087905E+03	2.742703E-01	3.412686E-03
5.090113E+03	2.746470E-01	3.421185E-03
5.092321E+03	2.748079E-01	3.426950E-03
5.094529E+03	2.746989E-01	3.429294E-03
5.096736E+03	2.744279E-01	3.429558E-03
5.098944E+03	2.740496E-01	3.428416E-03
5.101153E+03	2.735905E-01	3.426200E-03
5.103360E+03	2.730506E-01	3.422905E-03
5.105568E+03	2.724843E-01	3.419211E-03
5.107775E+03	2.718370E-01	3.414431E-03
5.109983E+03	2.711905E-01	3.409590E-03
5.112191E+03	2.706249E-01	3.405700E-03
5.114399E+03	2.700869E-01	3.402090E-03
5.116606E+03	2.695355E-01	3.398244E-03
5.118814E+03	2.689574E-01	3.393996E-03
5.121022E+03	2.683340E-01	3.389109E-03
5.123230E+03	2.676192E-01	3.382998E-03
5.125437E+03	2.668048E-01	3.375558E-03
5.127645E+03	2.658991E-01	3.366893E-03
5.129853E+03	2.649077E-01	3.357069E-03
5.132061E+03	2.639327E-01	3.347379E-03
5.134268E+03	2.630902E-01	3.339299E-03
5.136476E+03	2.624072E-01	3.333176E-03
5.138683E+03	2.618780E-01	3.328942E-03
5.140892E+03	2.615592E-01	3.327323E-03
5.143099E+03	2.614645E-01	3.328498E-03
5.145307E+03	2.615128E-01	3.331439E-03
5.147514E+03	2.616853E-01	3.335913E-03
5.149723E+03	2.619844E-01	3.341952E-03
5.151931E+03	2.623674E-01	3.349014E-03
5.154138E+03	2.628015E-01	3.356683E-03
5.156346E+03	2.632654E-01	3.364686E-03
5.158553E+03	2.636784E-01	3.371991E-03
5.160762E+03	2.639919E-01	3.377979E-03
5.162969E+03	2.642462E-01	3.383159E-03
5.165177E+03	2.644200E-01	3.387258E-03
5.167384E+03	2.644296E-01	3.389202E-03
5.169593E+03	2.643561E-01	3.390027E-03
5.171800E+03	2.643903E-01	3.392180E-03
5.174008E+03	2.645729E-01	3.396183E-03
5.176215E+03	2.648469E-01	3.401311E-03
5.178423E+03	2.651995E-01	3.407397E-03
5.180631E+03	2.655816E-01	3.413814E-03
5.182839E+03	2.659102E-01	3.419495E-03
5.185046E+03	2.661877E-01	3.424466E-03
5.187254E+03	2.664734E-01	3.429492E-03
5.189462E+03	2.667728E-01	3.434645E-03
5.191670E+03	2.670400E-01	3.439331E-03
5.193877E+03	2.671704E-01	3.442202E-03
5.196085E+03	2.670559E-01	3.441866E-03
5.198292E+03	2.666863E-01	3.438186E-03
5.200501E+03	2.661581E-01	3.432404E-03
5.202708E+03	2.655710E-01	3.425804E-03
5.204916E+03	2.649520E-01	3.418734E-03
5.207124E+03	2.642713E-01	3.410812E-03
5.209332E+03	2.635344E-01	3.402105E-03
5.211540E+03	2.627602E-01	3.392861E-03
5.213747E+03	2.619084E-01	3.382556E-03
5.215955E+03	2.609170E-01	3.370392E-03
5.218162E+03	2.597806E-01	3.356297E-03
5.220371E+03	2.584807E-01	3.340031E-03
5.222578E+03	2.570066E-01	3.321458E-03
5.224786E+03	2.554625E-01	3.301923E-03
5.226993E+03	2.539944E-01	3.283314E-03
5.229202E+03	2.526717E-01	3.266530E-03
5.231409E+03	2.514218E-01	3.250633E-03
5.233617E+03	2.501802E-01	3.234791E-03
5.235824E+03	2.489981E-01	3.219667E-03
5.238032E+03	2.478567E-01	3.205017E-03
5.240240E+03	2.466108E-01	3.188966E-03
5.242448E+03	2.452576E-01	3.171478E-03
5.244655E+03	2.438967E-01	3.153841E-03
5.246863E+03	2.424825E-01	3.135467E-03
5.249071E+03	2.409342E-01	3.115312E-03
5.251279E+03	2.393754E-01	3.094976E-03
5.253486E+03	2.379701E-01	3.076578E-03
5.255694E+03	2.367208E-01	3.060153E-03
5.257902E+03	2.356062E-01	3.045424E-03
5.260110E+03	2.346529E-01	3.032738E-03
5.262318E+03	2.338315E-01	3.021711E-03
5.264525E+03	2.330747E-01	3.011478E-03
5.266733E+03	2.323585E-01	3.001724E-03
5.268941E+03	2.316747E-01	2.992346E-03
5.271149E+03	2.310529E-01	2.983726E-03
5.273356E+03	2.305602E-01	2.976730E-03
5.275564E+03	2.302448E-01	2.971982E-03
5.277771E+03	2.300290E-01	2.968474E-03
5.279980E+03	2.298510E-01	2.965409E-03
5.282187E+03	2.297536E-01	2.963341E-03
5.284395E+03	2.297611E-01	2.962581E-03
5.286602E+03	2.297124E-01	2.961051E-03
5.288811E+03	2.294974E-01	2.957333E-03
5.291018E+03	2.291752E-01	2.952192E-03
5.293226E+03	2.287647E-01	2.945870E-03
5.295433E+03	2.281798E-01	2.937263E-03
5.297641E+03	2.274636E-01	2.926928E-03
5.299849E+03	2.267638E-01	2.916765E-03
5.302057E+03	2.261177E-01	2.907258E-03
5.304264E+03	2.255095E-01	2.898199E-03
5.306472E+03	2.249739E-01	2.890036E-03
5.308680E+03	2.245190E-01	2.882872E-03
5.310888E+03	2.240696E-01	2.875741E-03
5.313096E+03	2.235130E-01	2.867197E-03
5.315303E+03	2.227796E-01	2.856349E-03
5.317511E+03	2.218960E-01	2.843544E-03
5.319719E+03	2.209751E-01	2.830229E-03
5.321927E+03	2.201617E-01	2.818262E-03
5.324134E+03	2.195336E-01	2.808634E-03
5.326342E+03	2.190881E-01	2.801309E-03
5.328549E+03	2.188226E-01	2.796247E-03
5.330758E+03	2.187530E-01	2.793650E-03
5.332965E+03	2.188204E-01	2.792761E-03
5.335173E+03	2.189470E-01	2.792583E-03
5.337380E+03	2.191380E-01	2.793184E-03
5.339589E+03	2.193856E-01	2.794459E-03
5.341796E+03	2.195528E-01	2.794666E-03
5.344004E+03	2.195377E-01	2.792510E-03
5.346211E+03	2.193805E-01	2.788507E-03
5.348419E+03	2.191511E-01	2.783548E-03
5.350627E+03	2.188870E-01	2.778111E-03
5.352835E+03	2.186579E-01	2.773082E-03
5.355042E+03	2.184880E-01	2.768766E-03
5.357250E+03	2.183584E-01	2.764924E-03
5.359458E+03	2.182880E-01	2.761791E-03
5.361666E+03	2.183249E-01	2.759979E-03
5.363874E+03	2.184640E-01	2.759413E-03
5.366081E+03	2.187265E-01	2.760363E-03
5.368289E+03	2.191099E-01	2.762790E-03
5.370497E+03	2.195496E-01	2.765878E-03
5.372705E+03	2.200459E-01	2.769627E-03
5.374912E+03	2.206281E-01	2.774405E-03
5.377120E+03	2.211970E-01	2.778962E-03
5.379328E+03	2.216748E-01	2.782321E-03
5.381536E+03	2.220777E-01	2.784690E-03
5.383743E+03	2.223412E-01	2.785262E-03
5.385951E+03	2.223903E-01	2.783105E-03
5.388158E+03	2.223484E-01	2.779767E-03
5.390367E+03	2.223898E-01	2.777429E-03
5.392574E+03	2.224849E-01	2.775723E-03
5.394782E+03	2.225077E-01	2.773073E-03
5.396989E+03	2.224261E-01	2.769082E-03
5.399198E+03	2.222347E-01	2.763686E-03
5.401405E+03	2.218289E-01	2.755594E-03
5.403613E+03	2.211496E-01	2.744081E-03
5.405820E+03	2.203364E-01	2.730889E-03
5.408028E+03	2.195663E-01	2.718212E-03
5.410236E+03	2.188419E-01	2.706084E-03
5.412444E+03	2.181015E-01	2.693742E-03
5.414652E+03	2.173934E-01	2.681782E-03
5.416859E+03	2.166989E-01	2.669972E-03
5.419068E+03	2.158678E-01	2.656463E-03
5.421275E+03	2.148490E-01	2.640637E-03
5.423483E+03	2.138008E-01	2.624444E-03
5.425690E+03	2.128225E-01	2.609104E-03
5.427898E+03	2.118336E-01	2.593628E-03
5.430106E+03	2.107885E-01	2.577458E-03
5.432314E+03	2.097542E-01	2.561420E-03
5.434521E+03	2.087389E-01	2.545610E-03
5.436729E+03	2.077101E-01	2.529636E-03
5.438937E+03	2.067567E-01	2.514574E-03
5.441145E+03	2.059856E-01	2.501727E-03
5.443352E+03	2.053488E-01	2.490499E-03
5.445560E+03	2.046691E-01	2.478739E-03
5.447767E+03	2.038179E-01	2.464895E-03
5.449976E+03	2.028006E-01	2.449039E-03
5.452183E+03	2.016948E-01	2.432120E-03
5.454391E+03	2.006347E-01	2.415758E-03
5.456598E+03	1.998161E-01	2.402303E-03
5.458807E+03	1.993784E-01	2.393417E-03
5.461014E+03	1.993083E-01	2.388921E-03
5.463222E+03	1.995010E-01	2.387543E-03
5.465430E+03	1.998200E-01	2.387632E-03
5.467637E+03	2.001471E-01	2.387775E-03
5.469846E+03	2.004663E-01	2.387778E-03
5.472053E+03	2.008231E-01	2.388186E-03
5.474261E+03	2.012337E-01	2.389187E-03
5.476468E+03	2.016954E-01	2.390745E-03
5.478677E+03	2.022403E-01	2.393238E-03
5.480884E+03	2.028471E-01	2.396410E-03
5.483092E+03	2.033843E-01	2.398705E-03
5.485299E+03	2.037847E-01	2.399339E-03
5.487507E+03	2.041880E-01	2.399958E-03
5.489715E+03	2.047390E-01	2.402260E-03
5.491923E+03	2.054000E-01	2.405800E-03
5.494130E+03	2.060961E-01	2.409691E-03
5.496338E+03	2.068003E-01	2.413617E-03
5.498546E+03	2.074082E-01	2.416358E-03
5.500754E+03	2.078122E-01	2.416675E-03
5.502961E+03	2.080742E-01	2.415294E-03
5.505169E+03	2.083336E-01	2.413843E-03
5.507376E+03	2.086522E-01	2.413034E-03
5.509585E+03	2.090085E-01	2.412614E-03
5.511792E+03	2.093460E-01	2.411935E-03
5.514000E+03	2.096247E-01	2.410534E-03
5.516208E+03	2.098526E-01	2.408507E-03
5.518416E+03	2.100644E-01	2.406255E-03
5.520624E+03	2.102818E-01	2.404029E-03
5.522831E+03	2.104751E-01	2.401490E-03
5.525039E+03	2.106014E-01	2.398150E-03
5.527246E+03	2.106259E-01	2.393618E-03
5.529455E+03	2.105243E-01	2.387625E-03
5.531662E+03	2.102887E-01	2.380092E-03
5.533870E+03	2.099834E-01	2.371755E-03
5.536077E+03	2.096755E-01	2.363375E-03
5.538286E+03	2.093703E-01	2.355010E-03
5.540493E+03	2.090411E-01	2.346365E-03
5.542701E+03	2.087066E-01	2.337648E-03
5.544908E+03	2.084044E-01	2.329282E-03
5.547116E+03	2.081667E-01	2.321622E-03
5.549324E+03	2.080418E-01	2.315201E-03
5.551532E+03	2.080405E-01	2.310135E-03
5.553739E+03	2.080876E-01	2.305578E-03
5.555947E+03	2.080704E-01	2.300283E-03
5.558155E+03	2.079271E-01	2.293570E-03
5.560363E+03	2.077034E-01	2.285956E-03
5.562570E+03	2.075174E-01	2.278742E-03
5.564778E+03	2.074388E-01	2.272690E-03
5.566986E+03	2.074946E-01	2.268084E-03
5.569194E+03	2.076954E-01	2.265035E-03
5.571402E+03	2.079957E-01	2.263034E-03
5.573609E+03	2.083016E-01	2.261055E-03
5.575817E+03	2.086236E-01	2.259211E-03
5.578025E+03	2.090371E-01	2.258314E-03
5.580233E+03	2.095474E-01	2.258418E-03
5.582440E+03	2.100552E-01	2.258445E-03
5.584648E+03	2.105121E-01	2.257878E-03
5.586856E+03	2.109315E-01	2.256862E-03
5.589064E+03	2.113187E-01	2.255461E-03
5.591271E+03	2.116874E-01	2.253819E-03
5.593479E+03	2.121286E-01	2.252907E-03
5.595686E+03	2.127527E-01	2.253888E-03
5.597895E+03	2.135516E-01	2.256659E-03
5.600102E+03	2.144447E-01	2.260362E-03
5.602310E+03	2.153889E-01	2.264535E-03
5.604517E+03	2.163952E-01	2.269287E-03
5.606726E+03	2.174017E-01	2.273964E-03
5.608933E+03	2.183089E-01	2.277534E-03
5.611141E+03	2.191330E-01	2.280171E-03
5.613348E+03	2.199250E-01	2.282410E-03
5.615556E+03	2.206231E-01	2.283615E-03
5.617764E+03	2.211682E-01	2.283181E-03
5.619972E+03	2.216597E-01	2.282149E-03
5.622180E+03	2.222293E-01	2.281873E-03
5.624387E+03	2.229038E-01	2.282624E-03
5.626596E+03	2.236700E-01	2.284252E-03
5.628803E+03	2.244981E-01	2.286455E-03
5.631011E+03	2.252538E-01	2.287859E-03
5.633218E+03	2.257435E-01	2.286511E-03
5.635426E+03	2.258812E-01	2.281563E-03
5.637634E+03	2.257151E-01	2.273529E-03
5.639842E+03	2.253932E-01	2.263927E-03
5.642049E+03	2.250713E-01	2.254329E-03
5.644257E+03	2.248490E-01	2.245730E-03
5.646465E+03	2.247425E-01	2.238279E-03
5.648673E+03	2.246763E-01	2.231225E-03
5.650880E+03	2.245107E-01	2.223177E-03
5.653088E+03	2.241811E-01	2.213508E-03
5.655295E+03	2.238139E-01	2.203474E-03
5.657504E+03	2.235356E-01	2.194320E-03
5.659711E+03	2.233595E-01	2.186175E-03
5.661919E+03	2.233100E-01	2.179264E-03
5.664126E+03	2.233977E-01	2.173682E-03
5.666335E+03	2.234802E-01	2.168031E-03
5.668542E+03	2.233744E-01	2.160549E-03
5.670750E+03	2.230858E-01	2.151300E-03
5.672958E+03	2.227191E-01	2.141310E-03
5.675165E+03	2.223444E-01	2.131258E-03
5.677374E+03	2.220317E-01	2.121809E-03
5.679581E+03	2.218051E-01	2.113196E-03
5.681789E+03	2.215840E-01	2.104642E-03
5.683996E+03	2.213118E-01	2.095612E-03
5.686205E+03	2.210182E-01	2.086387E-03
5.688412E+03	2.207192E-01	2.077129E-03
5.690620E+03	2.204472E-01	2.068137E-03
5.692827E+03	2.202210E-01	2.059586E-03
5.695035E+03	2.199572E-01	2.050696E-03
5.697243E+03	2.195587E-01	2.040565E-03
5.699451E+03	2.190284E-01	2.029237E-03
5.701658E+03	2.184227E-01	2.017242E-03
5.703866E+03	2.178224E-01	2.005333E-03
5.706074E+03	2.172975E-01	1.994149E-03
5.708282E+03	2.167995E-01	1.983247E-03
5.710489E+03	2.162289E-01	1.971712E-03
5.712697E+03	2.155424E-01	1.959159E-03
5.714904E+03	2.147750E-01	1.945918E-03
5.717113E+03	2.140212E-01	1.932844E-03
5.719320E+03	2.133886E-01	1.920912E-03
5.721528E+03	2.129284E-01	1.910570E-03
5.723736E+03	2.125707E-01	1.901176E-03
5.725944E+03	2.122399E-01	1.892047E-03
5.728152E+03	2.119658E-01	1.883450E-03
5.730359E+03	2.117510E-01	1.875402E-03
5.732567E+03	2.115633E-01	1.867613E-03
5.734774E+03	2.114133E-01	1.860176E-03
5.736983E+03	2.113362E-01	1.853395E-03
5.739190E+03	2.112700E-01	1.846725E-03
5.741398E+03	2.111445E-01	1.839555E-03
5.743605E+03	2.109840E-01	1.832099E-03
5.745814E+03	2.108370E-01	1.824780E-03
5.748021E+03	2.107467E-01	1.817974E-03
5.750229E+03	2.107779E-01	1.812231E-03
5.752436E+03	2.109548E-01	1.807751E-03
5.754644E+03	2.112208E-01	1.804037E-03
5.756852E+03	2.115086E-01	1.800507E-03
5.759060E+03	2.117209E-01	1.796341E-03
5.761267E+03	2.117822E-01	1.790903E-03
5.763475E+03	2.116898E-01	1.784186E-03
5.765683E+03	2.115543E-01	1.777129E-03
5.767891E+03	2.115187E-01	1.770940E-03
5.770098E+03	2.115884E-01	1.765652E-03
5.772306E+03	2.116717E-01	1.760496E-03
5.774514E+03	2.117713E-01	1.755494E-03
5.776722E+03	2.119331E-01	1.751021E-03
5.778930E+03	2.121004E-01	1.746613E-03
5.781137E+03	2.122704E-01	1.742244E-03
5.783345E+03	2.125459E-01	1.738755E-03
5.785553E+03	2.129268E-01	1.736137E-03
5.787761E+03	2.132431E-01	1.733003E-03
5.789968E+03	2.134298E-01	1.728834E-03
5.792176E+03	2.135896E-01	1.724468E-03
5.794383E+03	2.137684E-01	1.720279E-03
5.796592E+03	2.138933E-01	1.715678E-03
5.798799E+03	2.139534E-01	1.710589E-03
5.801007E+03	2.139920E-01	1.705360E-03
5.803214E+03	2.139902E-01	1.699844E-03
5.805422E+03	2.139208E-01	1.693830E-03
5.807630E+03	2.138461E-01	1.687813E-03
5.809838E+03	2.138256E-01	1.682268E-03
5.812045E+03	2.138564E-01	1.677166E-03
5.814253E+03	2.139036E-01	1.672232E-03
5.816461E+03	2.139481E-01	1.667314E-03
5.818669E+03	2.139603E-01	1.662189E-03
5.820876E+03	2.139293E-01	1.656773E-03
5.823084E+03	2.138686E-01	1.651174E-03
5.825292E+03	2.137566E-01	1.645230E-03
5.827500E+03	2.135743E-01	1.638798E-03
5.829708E+03	2.133406E-01	1.632032E-03
5.831915E+03	2.131260E-01	1.625471E-03
5.834123E+03	2.129762E-01	1.619465E-03
5.836331E+03	2.129321E-01	1.614316E-03
5.838539E+03	2.130016E-01	1.610084E-03
5.840746E+03	2.131416E-01	1.606433E-03
5.842954E+03	2.133114E-01	1.603057E-03
5.845161E+03	2.134895E-01	1.599791E-03
5.847370E+03	2.136514E-01	1.596453E-03
5.849577E+03	2.137971E-01	1.593048E-03
5.851785E+03	2.139836E-01	1.590000E-03
5.853992E+03	2.142405E-01	1.587529E-03
5.856201E+03	2.145328E-01	1.585369E-03
5.858408E+03	2.148549E-01	1.583483E-03
5.860616E+03	2.152504E-01	1.582189E-03
5.862823E+03	2.157055E-01	1.581384E-03
5.865031E+03	2.161526E-01	1.580571E-03
5.867239E+03	2.165593E-01	1.579514E-03
5.869447E+03	2.169390E-01	1.578318E-03
5.871654E+03	2.172998E-01	1.577043E-03
5.873862E+03	2.176310E-01	1.575615E-03
5.876070E+03	2.179326E-01	1.574034E-03
5.878278E+03	2.181909E-01	1.572209E-03
5.880486E+03	2.183544E-01	1.569771E-03
5.882693E+03	2.183717E-01	1.566357E-03
5.884901E+03	2.182697E-01	1.562170E-03
5.887109E+03	2.181624E-01	1.558026E-03
5.889317E+03	2.181500E-01	1.554647E-03
5.891524E+03	2.182516E-01	1.552161E-03
5.893732E+03	2.184292E-01	1.550297E-03
5.895940E+03	2.185852E-01	1.548359E-03
5.898148E+03	2.186246E-01	1.545682E-03
5.900355E+03	2.185475E-01	1.542269E-03
5.902563E+03	2.183944E-01	1.538412E-03
5.904770E+03	2.181980E-01	1.534345E-03
5.906979E+03	2.179799E-01	1.530221E-03
5.909186E+03	2.177266E-01	1.525949E-03
5.911394E+03	2.173647E-01	1.521016E-03
5.913601E+03	2.168699E-01	1.515257E-03
5.915810E+03	2.163288E-01	1.509279E-03
5.918017E+03	2.158339E-01	1.503731E-03
5.920225E+03	2.153905E-01	1.498648E-03
5.922432E+03	2.149850E-01	1.493934E-03
5.924640E+03	2.146529E-01	1.489835E-03
5.926848E+03	2.144131E-01	1.486480E-03
5.929056E+03	2.142874E-01	1.484019E-03
5.931264E+03	2.143165E-01	1.482732E-03
5.933471E+03	2.144490E-01	1.482261E-03
5.935680E+03	2.145679E-01	1.481797E-03
5.937887E+03	2.146570E-01	1.481231E-03
5.940095E+03	2.147027E-01	1.480469E-03
5.942302E+03	2.146453E-01	1.479101E-03
5.944510E+03	2.145145E-01	1.477335E-03
5.946718E+03	2.144054E-01	1.475826E-03
5.948926E+03	2.142937E-01	1.474408E-03
5.951133E+03	2.141385E-01	1.472799E-03
5.953341E+03	2.140296E-01	1.471618E-03
5.955549E+03	2.140893E-01	1.471704E-03
5.957757E+03	2.142931E-01	1.472889E-03
5.959964E+03	2.145324E-01	1.474425E-03
5.962172E+03	2.147637E-01	1.476011E-03
5.964379E+03	2.150386E-01	1.478003E-03
5.966588E+03	2.152972E-01	1.479989E-03
5.968795E+03	2.154634E-01	1.481444E-03
5.971003E+03	2.155835E-01	1.482686E-03
5.973210E+03	2.157063E-01	1.484050E-03
5.975419E+03	2.157666E-01	1.485087E-03
5.977626E+03	2.157671E-01	1.485812E-03
5.979834E+03	2.158628E-01	1.487294E-03
5.982042E+03	2.161411E-01	1.490134E-03
5.984249E+03	2.165229E-01	1.493788E-03
5.986458E+03	2.168830E-01	1.497395E-03
5.988665E+03	2.171724E-01	1.500613E-03
5.990873E+03	2.173420E-01	1.503101E-03
5.993080E+03	2.173401E-01	1.504498E-03
5.995289E+03	2.171938E-01	1.504989E-03
5.997496E+03	2.169631E-01	1.504983E-03
5.999704E+03	2.166860E-01	1.504743E-03
6.001911E+03	2.164252E-01	1.504702E-03
6.004119E+03	2.162516E-01	1.505351E-03
6.006327E+03	2.161679E-01	1.506712E-03
6.008535E+03	2.161687E-01	1.508746E-03
6.010742E+03	2.162432E-01	1.511380E-03
6.012950E+03	2.163203E-01	1.514117E-03
6.015158E+03	2.163157E-01	1.516367E-03
6.017366E+03	2.162184E-01	1.518045E-03
6.019573E+03	2.160610E-01	1.519380E-03
6.021781E+03	2.158682E-01	1.520539E-03
6.023988E+03	2.157080E-01	1.522002E-03
6.026197E+03	2.156215E-01	1.524058E-03
6.028404E+03	2.155950E-01	1.526611E-03
6.030612E+03	2.155985E-01	1.529449E-03
6.032819E+03	2.156101E-01	1.532418E-03
6.035028E+03	2.155781E-01	1.535149E-03
6.037236E+03	2.154642E-01	1.537363E-03
6.039443E+03	2.152765E-01	1.539115E-03
6.041651E+03	2.150205E-01	1.540439E-03
6.043859E+03	2.146852E-01	1.541254E-03
6.046067E+03	2.142735E-01	1.541571E-03
6.048274E+03	2.138042E-01	1.541524E-03
6.050482E+03	2.133021E-01	1.541287E-03
6.052689E+03	2.127807E-01	1.540955E-03
6.054898E+03	2.122373E-01	1.540507E-03
6.057105E+03	2.116637E-01	1.539877E-03
6.059313E+03	2.110517E-01	1.539004E-03
6.061520E+03	2.103467E-01	1.537485E-03
6.063729E+03	2.095130E-01	1.535055E-03
6.065936E+03	2.085943E-01	1.532022E-03
6.068144E+03	2.076263E-01	1.528642E-03
6.070351E+03	2.065596E-01	1.524550E-03
6.072559E+03	2.053832E-01	1.519655E-03
6.074767E+03	2.041902E-01	1.514641E-03
6.076975E+03	2.030161E-01	1.509766E-03
6.079182E+03	2.018088E-01	1.504643E-03
6.081390E+03	2.005520E-01	1.499147E-03
6.083598E+03	1.992320E-01	1.493170E-03
6.085806E+03	1.977858E-01	1.486232E-03
6.088014E+03	1.961696E-01	1.477995E-03
6.090221E+03	1.944108E-01	1.468652E-03
6.092429E+03	1.925367E-01	1.458401E-03
6.094637E+03	1.905854E-01	1.447524E-03
6.096845E+03	1.885845E-01	1.436220E-03
6.099052E+03	1.865585E-01	1.424673E-03
6.101260E+03	1.845593E-01	1.413278E-03
6.103468E+03	1.826556E-01	1.402562E-03
6.105676E+03	1.808418E-01	1.392485E-03
6.107883E+03	1.791015E-01	1.382924E-03
6.110091E+03	1.774265E-01	1.373821E-03
6.112298E+03	1.757731E-01	1.364837E-03
6.114507E+03	1.741001E-01	1.355654E-03
6.116714E+03	1.724870E-01	1.346886E-03
6.118922E+03	1.710050E-01	1.339096E-03
6.121129E+03	1.695802E-01	1.331710E-03
6.123338E+03	1.680976E-01	1.323826E-03
6.125545E+03	1.665926E-01	1.315716E-03
6.127753E+03	1.651668E-01	1.308184E-03
6.129960E+03	1.638777E-01	1.301690E-03
6.132168E+03	1.628186E-01	1.296986E-03
6.134376E+03	1.620361E-01	1.294461E-03
6.136584E+03	1.614426E-01	1.293426E-03
6.138792E+03	1.609284E-01	1.293016E-03
6.140999E+03	1.604470E-01	1.292859E-03
6.143208E+03	1.599627E-01	1.292671E-03
6.145415E+03	1.595084E-01	1.292714E-03
6.147623E+03	1.591801E-01	1.293771E-03
6.149830E+03	1.589971E-01	1.296007E-03
6.152038E+03	1.588798E-01	1.298782E-03
6.154246E+03	1.588036E-01	1.301900E-03
6.156454E+03	1.587987E-01	1.305606E-03
6.158661E+03	1.588376E-01	1.309682E-03
6.160869E+03	1.588408E-01	1.313472E-03
6.163077E+03	1.587890E-01	1.316815E-03
6.165285E+03	1.587481E-01	1.320250E-03
6.167492E+03	1.587401E-01	1.323963E-03
6.169700E+03	1.587732E-01	1.328026E-03
6.171907E+03	1.588776E-01	1.332692E-03
6.174116E+03	1.590644E-01	1.338062E-03
6.176323E+03	1.592813E-01	1.343698E-03
6.178531E+03	1.594790E-01	1.349184E-03
6.180738E+03	1.596300E-01	1.354285E-03
6.182947E+03	1.597259E-01	1.358930E-03
6.185154E+03	1.597889E-01	1.363297E-03
6.187362E+03	1.598572E-01	1.367715E-03
6.189569E+03	1.599888E-01	1.372678E-03
6.191777E+03	1.602494E-01	1.378758E-03
6.193986E+03	1.606914E-01	1.386417E-03
6.196193E+03	1.613121E-01	1.395640E-03
6.198401E+03	1.620647E-01	1.406036E-03
6.200608E+03	1.628586E-01	1.416826E-03
6.202817E+03	1.635948E-01	1.427150E-03
6.205024E+03	1.642019E-01	1.436374E-03
6.207232E+03	1.647018E-01	1.444684E-03
6.209439E+03	1.651796E-01	1.452821E-03
6.211647E+03	1.657263E-01	1.461582E-03
6.213855E+03	1.663939E-01	1.471437E-03
6.216063E+03	1.671827E-01	1.482390E-03
6.218270E+03	1.680264E-01	1.493864E-03
6.220478E+03	1.688400E-01	1.505103E-03
6.222686E+03	1.695574E-01	1.515516E-03
6.224894E+03	1.701537E-01	1.524869E-03
6.227101E+03	1.706455E-01	1.533304E-03
6.229309E+03	1.710520E-01	1.540986E-03
6.231516E+03	1.713925E-01	1.548082E-03
6.233725E+03	1.717026E-01	1.554912E-03
6.235932E+03	1.720486E-01	1.562071E-03
6.238140E+03	1.724936E-01	1.570138E-03
6.240347E+03	1.730652E-01	1.579371E-03
6.242556E+03	1.737056E-01	1.589253E-03
6.244764E+03	1.743488E-01	1.599176E-03
6.246971E+03	1.749590E-01	1.608815E-03
6.249179E+03	1.755197E-01	1.618014E-03
6.251386E+03	1.760473E-01	1.626920E-03
6.253595E+03	1.765942E-01	1.636020E-03
6.255802E+03	1.771825E-01	1.645513E-03
6.258010E+03	1.777597E-01	1.654917E-03
6.260217E+03	1.782570E-01	1.663588E-03
6.262426E+03	1.786745E-01	1.671523E-03
6.264633E+03	1.790561E-01	1.679124E-03
6.266841E+03	1.794212E-01	1.686572E-03
6.269048E+03	1.797670E-01	1.693839E-03
6.271256E+03	1.801017E-01	1.701001E-03
6.273464E+03	1.803868E-01	1.707695E-03
6.275672E+03	1.805644E-01	1.713363E-03
6.277879E+03	1.806234E-01	1.717895E-03
6.280087E+03	1.806273E-01	1.721887E-03
6.282295E+03	1.806145E-01	1.725704E-03
6.284503E+03	1.805796E-01	1.729290E-03
6.286710E+03	1.804950E-01	1.732380E-03
6.288918E+03	1.803800E-01	1.735156E-03
6.291125E+03	1.802070E-01	1.737349E-03
6.293334E+03	1.798906E-01	1.738132E-03
6.295542E+03	1.794058E-01	1.737251E-03
6.297749E+03	1.788326E-01	1.735473E-03
6.299957E+03	1.782235E-01	1.733301E-03
6.302164E+03	1.775783E-01	1.730733E-03
6.304373E+03	1.769192E-01	1.727985E-03
6.306580E+03	1.762213E-01	1.724808E-03
6.308788E+03	1.753909E-01	1.720283E-03
6.310995E+03	1.743892E-01	1.714020E-03
6.313204E+03	1.732715E-01	1.706555E-03
6.315411E+03	1.721371E-01	1.698857E-03
6.317619E+03	1.711128E-01	1.692182E-03
6.319826E+03	1.702925E-01	1.687468E-03
6.322034E+03	1.696045E-01	1.684013E-03
6.324242E+03	1.688611E-01	1.679962E-03
6.326450E+03	1.680238E-01	1.674922E-03
6.328657E+03	1.671973E-01	1.669937E-03
6.330865E+03	1.664093E-01	1.665284E-03
6.333073E+03	1.656516E-01	1.660883E-03
6.335281E+03	1.650317E-01	1.657816E-03
6.337488E+03	1.645607E-01	1.656203E-03
6.339696E+03	1.640731E-01	1.654382E-03
6.341903E+03	1.634915E-01	1.651572E-03
6.344112E+03	1.628794E-01	1.648411E-03
6.346319E+03	1.622643E-01	1.645175E-03
6.348527E+03	1.615939E-01	1.641331E-03
6.350735E+03	1.608572E-01	1.636766E-03
6.352943E+03	1.601506E-01	1.632462E-03
6.355151E+03	1.595599E-01	1.629291E-03
6.357358E+03	1.590547E-01	1.626952E-03
6.359566E+03	1.585743E-01	1.624826E-03
6.361773E+03	1.581075E-01	1.622802E-03
6.363982E+03	1.575854E-01	1.620171E-03
6.366189E+03	1.569417E-01	1.616245E-03
6.368397E+03	1.562232E-01	1.611503E-03
6.370604E+03	1.555239E-01	1.606914E-03
6.372813E+03	1.548908E-01	1.602963E-03
6.375020E+03	1.543350E-01	1.599769E-03
6.377228E+03	1.538923E-01	1.597708E-03
6.379435E+03	1.535987E-01	1.597161E-03
6.381643E+03	1.534875E-01	1.598479E-03
6.383851E+03	1.535697E-01	1.601790E-03
6.386059E+03	1.537817E-01	1.606435E-03
6.388266E+03	1.539826E-01	1.610947E-03
6.390474E+03	1.540674E-01	1.614225E-03
6.392682E+03	1.540416E-01	1.616323E-03
6.394890E+03	1.539742E-01	1.617958E-03
6.397097E+03	1.539898E-01	1.620440E-03
6.399305E+03	1.541904E-01	1.624849E-03
6.401513E+03	1.545680E-01	1.631107E-03
6.403721E+03	1.550424E-01	1.638375E-03
6.405929E+03	1.555167E-01	1.645631E-03
6.408136E+03	1.558694E-01	1.651587E-03
6.410344E+03	1.560672E-01	1.655884E-03
6.412552E+03	1.562069E-01	1.659546E-03
6.414760E+03	1.563990E-01	1.663743E-03
6.416967E+03	1.566437E-01	1.668481E-03
6.419175E+03	1.569215E-01	1.673553E-03
6.421382E+03	1.572574E-01	1.679226E-03
6.423591E+03	1.576513E-01	1.685504E-03
6.425798E+03	1.580867E-01	1.692210E-03
6.428006E+03	1.585968E-01	1.699701E-03
6.430213E+03	1.591954E-01	1.708129E-03
6.432422E+03	1.598355E-01	1.716992E-03
6.434629E+03	1.604866E-01	1.725962E-03
6.436837E+03	1.611100E-01	1.734623E-03
6.439044E+03	1.616892E-01	1.742795E-03
6.441252E+03	1.622518E-01	1.750774E-03
6.443460E+03	1.628144E-01	1.758741E-03
6.445668E+03	1.633326E-01	1.766212E-03
6.447875E+03	1.637762E-01	1.772859E-03
6.450083E+03	1.641505E-01	1.778738E-03
6.452292E+03	1.645054E-01	1.784387E-03
6.454499E+03	1.649184E-01	1.790646E-03
6.456707E+03	1.654311E-01	1.797968E-03
6.458914E+03	1.660461E-01	1.806386E-03
6.461122E+03	1.667330E-01	1.815572E-03
6.463330E+03	1.674283E-01	1.824834E-03
6.465538E+03	1.680516E-01	1.833295E-03
6.467745E+03	1.685807E-01	1.840712E-03
6.469953E+03	1.690213E-01	1.847140E-03
6.472161E+03	1.693787E-01	1.852640E-03
6.474369E+03	1.696780E-01	1.857479E-03
6.476576E+03	1.699717E-01	1.862233E-03
6.478784E+03	1.702903E-01	1.867235E-03
6.480992E+03	1.706144E-01	1.872274E-03
6.483200E+03	1.708914E-01	1.876770E-03
6.485407E+03	1.710908E-01	1.880388E-03
6.487615E+03	1.711766E-01	1.882730E-03
6.489822E+03	1.711378E-01	1.883670E-03
6.492031E+03	1.709854E-01	1.883329E-03
6.494238E+03	1.707249E-01	1.881764E-03
6.496446E+03	1.703563E-01	1.878971E-03
6.498653E+03	1.699572E-01	1.875807E-03
6.500862E+03	1.695968E-01	1.873033E-03
6.503069E+03	1.692723E-01	1.870621E-03
6.505277E+03	1.689893E-01	1.868632E-03
6.507485E+03	1.687976E-01	1.867620E-03
6.509692E+03	1.686473E-01	1.867033E-03
6.511901E+03	1.684333E-01	1.865709E-03
6.514108E+03	1.681805E-01	1.863921E-03
6.516316E+03	1.679996E-01	1.862897E-03
6.518523E+03	1.679184E-01	1.862946E-03
6.520732E+03	1.678731E-01	1.863363E-03
6.522939E+03	1.678083E-01	1.863533E-03
6.525147E+03	1.676660E-01	1.862810E-03
6.527354E+03	1.673711E-01	1.860359E-03
6.529562E+03	1.669405E-01	1.856366E-03
6.531770E+03	1.664544E-01	1.851721E-03
6.533978E+03	1.659682E-01	1.847039E-03
6.536185E+03	1.655373E-01	1.842940E-03
6.538393E+03	1.652255E-01	1.840133E-03
6.540601E+03	1.650494E-01	1.838805E-03
6.542809E+03	1.650118E-01	1.838988E-03
6.545016E+03	1.650656E-01	1.840160E-03
6.547224E+03	1.650833E-01	1.840900E-03
6.549431E+03	1.649429E-01	1.839847E-03
6.551640E+03	1.646003E-01	1.836506E-03
6.553847E+03	1.640774E-01	1.831121E-03
6.556055E+03	1.634852E-01	1.824928E-03
6.558263E+03	1.629372E-01	1.819198E-03
6.560471E+03	1.624390E-01	1.813991E-03
6.562679E+03	1.620128E-01	1.809555E-03
6.564886E+03	1.616864E-01	1.806202E-03
6.567094E+03	1.614042E-01	1.803313E-03
6.569301E+03	1.611302E-01	1.800486E-03
6.571510E+03	1.608950E-01	1.798061E-03
6.573717E+03	1.606515E-01	1.795513E-03
6.575925E+03	1.602748E-01	1.791446E-03
6.578132E+03	1.597622E-01	1.785830E-03
6.580341E+03	1.592551E-01	1.780245E-03
6.582548E+03	1.588560E-01	1.775838E-03
6.584756E+03	1.585539E-01	1.772486E-03
6.586963E+03	1.583210E-01	1.769879E-03
6.589171E+03	1.580826E-01	1.767179E-03
6.591379E+03	1.576999E-01	1.762839E-03
6.593587E+03	1.571175E-01	1.756238E-03
6.595794E+03	1.563826E-01	1.747904E-03
6.598002E+03	1.555784E-01	1.738766E-03
6.600210E+03	1.548295E-01	1.730221E-03
6.602418E+03	1.542524E-01	1.723569E-03
6.604625E+03	1.537972E-01	1.718252E-03
6.606833E+03	1.533226E-01	1.712691E-03
6.609041E+03	1.527841E-01	1.706390E-03
6.611249E+03	1.522428E-01	1.700032E-03
6.613457E+03	1.517209E-01	1.693864E-03
6.615664E+03	1.512543E-01	1.688288E-03
6.617872E+03	1.509207E-01	1.684172E-03
6.620080E+03	1.507119E-01	1.681421E-03
6.622288E+03	1.505225E-01	1.678860E-03
6.624495E+03	1.502664E-01	1.675530E-03
6.626703E+03	1.499382E-01	1.671370E-03
6.628910E+03	1.495517E-01	1.666535E-03
6.631119E+03	1.491263E-01	1.661242E-03
6.633326E+03	1.486842E-01	1.655739E-03
6.635534E+03	1.482338E-01	1.650120E-03
6.637741E+03	1.478083E-01	1.644754E-03
6.639950E+03	1.474853E-01	1.640506E-03
6.642157E+03	1.473286E-01	1.638083E-03
6.644365E+03	1.473106E-01	1.637175E-03
6.646572E+03	1.473868E-01	1.637288E-03
6.648780E+03	1.475516E-01	1.638357E-03
6.650988E+03	1.477664E-01	1.639952E-03
6.653196E+03	1.479284E-01	1.640933E-03
6.655403E+03	1.480072E-01	1.640962E-03
6.657611E+03	1.480415E-01	1.640472E-03
6.659819E+03	1.480620E-01	1.639800E-03
6.662027E+03	1.481295E-01	1.639623E-03
6.664235E+03	1.483190E-01	1.640768E-03
6.666442E+03	1.486194E-01	1.643109E-03
6.668650E+03	1.489365E-01	1.645603E-03
6.670858E+03	1.491647E-01	1.647085E-03
6.673066E+03	1.491849E-01	1.646243E-03
6.675273E+03	1.489360E-01	1.642406E-03
6.677481E+03	1.484985E-01	1.636468E-03
6.679689E+03	1.480082E-01	1.629929E-03
6.681897E+03	1.475429E-01	1.623645E-03
6.684104E+03	1.471330E-01	1.617953E-03
6.686312E+03	1.468035E-01	1.613124E-03
6.688519E+03	1.465460E-01	1.609066E-03
6.690728E+03	1.462940E-01	1.605046E-03
6.692935E+03	1.459893E-01	1.600427E-03
6.695143E+03	1.456457E-01	1.595363E-03
6.697350E+03	1.453021E-01	1.590278E-03
6.699559E+03	1.449806E-01	1.585416E-03
6.701766E+03	1.446924E-01	1.580899E-03
6.703974E+03	1.444069E-01	1.576391E-03
6.706181E+03	1.440797E-01	1.571410E-03
6.708389E+03	1.436943E-01	1.565776E-03
6.710597E+03	1.432783E-01	1.559791E-03
6.712805E+03	1.428290E-01	1.553428E-03
6.715013E+03	1.423713E-01	1.546959E-03
6.717220E+03	1.419690E-01	1.541077E-03
6.719429E+03	1.416527E-01	1.536111E-03
6.721636E+03	1.414168E-01	1.531999E-03
6.723844E+03	1.413056E-01	1.529218E-03
6.726051E+03	1.413469E-01	1.528065E-03
6.728259E+03	1.414908E-01	1.527994E-03
6.730467E+03	1.416541E-01	1.528104E-03
6.732675E+03	1.417369E-01	1.527321E-03
6.734882E+03	1.416422E-01	1.524601E-03
6.737090E+03	1.413394E-01	1.519623E-03
6.739298E+03	1.408674E-01	1.512810E-03
6.741506E+03	1.403177E-01	1.505154E-03
6.743713E+03	1.397763E-01	1.497577E-03
6.745921E+03	1.393098E-01	1.490792E-03
6.748128E+03	1.389125E-01	1.484736E-03
6.750337E+03	1.385873E-01	1.479437E-03
6.752544E+03	1.383453E-01	1.475012E-03
6.754752E+03	1.381421E-01	1.470983E-03
6.756959E+03	1.379111E-01	1.466643E-03
6.759168E+03	1.376939E-01	1.462432E-03
6.761375E+03	1.375405E-01	1.458883E-03
6.763583E+03	1.374009E-01	1.455463E-03
6.765791E+03	1.372474E-01	1.451877E-03
6.767998E+03	1.371632E-01	1.449007E-03
6.770207E+03	1.371926E-01	1.447315E-03
6.772414E+03	1.372858E-01	1.446273E-03
6.774622E+03	1.374067E-01	1.445499E-03
6.776829E+03	1.375386E-01	1.444816E-03
6.779038E+03	1.376178E-01	1.443553E-03
6.781245E+03	1.376055E-01	1.441310E-03
6.783453E+03	1.375099E-01	1.438174E-03
6.785660E+03	1.373755E-01	1.434616E-03
6.787868E+03	1.372549E-01	1.431185E-03
6.790076E+03	1.371509E-01	1.427909E-03
6.792284E+03	1.369997E-01	1.424126E-03
6.794491E+03	1.366988E-01	1.418774E-03
6.796699E+03	1.362370E-01	1.411744E-03
6.798907E+03	1.357447E-01	1.404393E-03
6.801115E+03	1.353549E-01	1.398098E-03
6.803322E+03	1.351093E-01	1.393284E-03
6.805530E+03	1.350079E-01	1.389942E-03
6.807737E+03	1.350284E-01	1.387839E-03
6.809946E+03	1.350571E-01	1.385799E-03
6.812153E+03	1.349999E-01	1.382859E-03
6.814361E+03	1.348651E-01	1.379108E-03
6.816569E+03	1.346609E-01	1.374635E-03
6.818777E+03	1.344067E-01	1.369641E-03
6.820985E+03	1.341692E-01	1.364808E-03
6.823192E+03	1.339787E-01	1.360443E-03
6.825400E+03	1.338493E-01	1.356685E-03
6.827607E+03	1.338362E-01	1.354091E-03
6.829816E+03	1.339534E-01	1.352794E-03
6.832023E+03	1.341065E-01	1.351839E-03
6.834231E+03	1.342042E-01	1.350303E-03
6.836438E+03	1.342769E-01	1.348494E-03
6.838647E+03	1.343884E-01	1.347053E-03
6.840854E+03	1.345303E-01	1.345896E-03
6.843062E+03	1.347027E-01	1.345021E-03
6.845269E+03	1.349638E-01	1.345006E-03
6.847477E+03	1.353301E-01	1.346011E-03
6.849685E+03	1.357407E-01	1.347424E-03
6.851893E+03	1.361541E-01	1.348832E-03
6.854100E+03	1.365175E-01	1.349714E-03
6.856308E+03	1.367395E-01	1.349169E-03
6.858516E+03	1.367508E-01	1.346524E-03
6.860724E+03	1.365348E-01	1.341630E-03
6.862931E+03	1.361220E-01	1.334800E-03
6.865139E+03	1.355956E-01	1.326859E-03
6.867347E+03	1.350525E-01	1.318760E-03
6.869555E+03	1.345315E-01	1.310886E-03
6.871763E+03	1.340245E-01	1.303153E-03
6.873970E+03	1.335035E-01	1.295293E-03
6.876178E+03	1.329105E-01	1.286742E-03
6.878386E+03	1.321844E-01	1.276917E-03
6.880594E+03	1.312949E-01	1.265534E-03
6.882801E+03	1.302779E-01	1.252949E-03
6.885009E+03	1.292415E-01	1.240209E-03
6.887217E+03	1.282661E-01	1.228083E-03
6.889425E+03	1.273738E-01	1.216782E-03
6.891632E+03	1.265702E-01	1.206353E-03
6.893840E+03	1.258525E-01	1.196764E-03
6.896047E+03	1.251819E-01	1.187641E-03
6.898256E+03	1.245362E-01	1.178772E-03
6.900463E+03	1.239487E-01	1.170470E-03
6.902671E+03	1.234443E-01	1.162967E-03
6.904878E+03	1.230092E-01	1.156126E-03
6.907087E+03	1.226294E-01	1.149813E-03
6.909294E+03	1.223411E-01	1.144362E-03
6.911502E+03	1.221774E-01	1.140078E-03
6.913709E+03	1.220802E-01	1.136411E-03
6.915917E+03	1.219330E-01	1.132275E-03
6.918125E+03	1.217111E-01	1.127443E-03
6.920333E+03	1.214033E-01	1.121820E-03
6.922541E+03	1.209569E-01	1.114926E-03
6.924748E+03	1.204109E-01	1.107126E-03
6.926957E+03	1.199092E-01	1.099750E-03
6.929164E+03	1.194933E-01	1.093175E-03
6.931372E+03	1.190857E-01	1.086688E-03
6.933579E+03	1.186338E-01	1.079809E-03
6.935787E+03	1.181681E-01	1.072819E-03
6.937995E+03	1.176912E-01	1.065742E-03
6.940203E+03	1.171701E-01	1.058282E-03
6.942410E+03	1.166324E-01	1.050692E-03
6.944618E+03	1.161279E-01	1.043419E-03
6.946826E+03	1.156649E-01	1.036535E-03
6.949034E+03	1.152462E-01	1.030065E-03
6.951241E+03	1.148912E-01	1.024178E-03
6.953449E+03	1.146026E-01	1.018894E-03
6.955656E+03	1.143777E-01	1.014184E-03
6.957865E+03	1.142248E-01	1.010115E-03
6.960072E+03	1.141078E-01	1.006369E-03
6.962280E+03	1.139881E-01	1.002601E-03
6.964487E+03	1.138656E-01	9.988101E-04
6.966696E+03	1.137513E-01	9.950941E-04
6.968903E+03	1.136121E-01	9.911647E-04
6.971111E+03	1.134231E-01	9.868062E-04
6.973319E+03	1.131953E-01	9.821186E-04
6.975526E+03	1.129481E-01	9.772724E-04
6.977735E+03	1.126428E-01	9.719343E-04
6.979942E+03	1.122213E-01	9.656106E-04
6.982150E+03	1.117194E-01	9.586180E-04
6.984357E+03	1.112010E-01	9.515072E-04
6.986566E+03	1.106964E-01	9.445384E-04
6.988773E+03	1.102417E-01	9.380190E-04
6.990981E+03	1.098506E-01	9.320625E-04
6.993188E+03	1.094678E-01	9.261959E-04
6.995396E+03	1.090130E-01	9.197422E-04
6.997604E+03	1.084587E-01	9.124728E-04
6.999812E+03	1.078296E-01	9.046065E-04
7.002019E+03	1.071978E-01	8.967498E-04
7.004227E+03	1.066158E-01	8.893415E-04
7.006435E+03	1.061141E-01	8.826306E-04
7.008643E+03	1.056982E-01	8.766594E-04
7.010850E+03	1.053541E-01	8.713068E-04
7.013058E+03	1.050405E-01	8.662254E-04
7.015265E+03	1.047408E-01	8.612773E-04
7.017474E+03	1.044327E-01	8.562793E-04
7.019681E+03	1.040887E-01	8.510080E-04
7.021889E+03	1.036700E-01	8.451496E-04
7.024097E+03	1.032153E-01	8.390248E-04
7.026305E+03	1.028353E-01	8.335320E-04
7.028513E+03	1.026158E-01	8.293609E-04
7.030720E+03	1.025787E-01	8.266783E-04
7.032928E+03	1.027380E-01	8.255823E-04
7.035135E+03	1.030631E-01	8.258161E-04
7.037344E+03	1.034352E-01	8.264174E-04
7.039551E+03	1.037575E-01	8.266145E-04
7.041759E+03	1.040300E-01	8.264102E-04
7.043966E+03	1.042858E-01	8.260715E-04
7.046175E+03	1.045637E-01	8.259048E-04
7.048382E+03	1.048969E-01	8.261723E-04
7.050590E+03	1.053378E-01	8.272821E-04
7.052797E+03	1.059086E-01	8.294010E-04
7.055005E+03	1.065429E-01	8.320025E-04
7.057213E+03	1.071495E-01	8.343717E-04
7.059421E+03	1.076730E-01	8.360838E-04
7.061628E+03	1.080805E-01	8.368875E-04
7.063836E+03	1.083331E-01	8.364923E-04
7.066044E+03	1.084336E-01	8.349290E-04
7.068252E+03	1.084623E-01	8.328260E-04
7.070459E+03	1.084605E-01	8.305044E-04
7.072667E+03	1.084532E-01	8.281571E-04
7.074875E+03	1.084514E-01	8.258687E-04
7.077083E+03	1.084551E-01	8.236385E-04
7.079291E+03	1.084312E-01	8.212177E-04
7.081498E+03	1.083464E-01	8.183571E-04
7.083706E+03	1.081953E-01	8.150193E-04
7.085914E+03	1.079807E-01	8.112285E-04
7.088122E+03	1.077633E-01	8.074467E-04
7.090329E+03	1.076232E-01	8.042718E-04
7.092537E+03	1.075992E-01	8.019881E-04
7.094744E+03	1.077022E-01	8.006712E-04
7.096953E+03	1.079405E-01	8.003749E-04
7.099160E+03	1.083002E-01	8.009914E-04
7.101368E+03	1.086876E-01	8.018212E-04
7.103575E+03	1.089892E-01	8.020300E-04
7.105784E+03	1.091859E-01	8.014808E-04
7.107991E+03	1.093412E-01	8.006471E-04
7.110199E+03	1.094825E-01	7.997324E-04
7.112406E+03	1.095962E-01	7.986376E-04
7.114614E+03	1.097182E-01	7.976260E-04
7.116822E+03	1.098402E-01	7.966368E-04
7.119030E+03	1.098710E-01	7.950131E-04
7.121237E+03	1.097637E-01	7.924207E-04
7.123445E+03	1.096095E-01	7.895229E-04
7.125653E+03	1.094829E-01	7.868587E-04
7.127861E+03	1.093508E-01	7.841886E-04
7.130069E+03	1.091717E-01	7.812187E-04
7.132276E+03	1.089678E-01	7.781084E-04
7.134484E+03	1.087804E-01	7.751544E-04
7.136692E+03	1.086124E-01	7.723755E-04
7.138900E+03	1.085078E-01	7.700857E-04
7.141107E+03	1.084832E-01	7.683995E-04
7.143315E+03	1.084835E-01	7.669238E-04
7.145522E+03	1.084616E-01	7.653271E-04
7.147731E+03	1.084204E-01	7.636300E-04
7.149938E+03	1.083958E-01	7.620867E-04
7.152146E+03	1.084373E-01	7.610456E-04
7.154353E+03	1.085478E-01	7.605236E-04
7.156562E+03	1.086693E-01	7.601136E-04
7.158769E+03	1.087632E-01	7.595468E-04
7.160977E+03	1.088018E-01	7.586323E-04
7.163184E+03	1.087826E-01	7.573534E-04
7.165392E+03	1.087578E-01	7.560766E-04
7.167600E+03	1.088267E-01	7.554915E-04
7.169808E+03	1.090059E-01	7.557116E-04
7.172015E+03	1.092237E-01	7.562373E-04
7.174223E+03	1.094166E-01	7.566301E-04
7.176431E+03	1.095681E-01	7.567764E-04
7.178639E+03	1.096259E-01	7.563178E-04
7.180847E+03	1.095761E-01	7.551614E-04
7.183054E+03	1.095014E-01	7.538798E-04
7.185262E+03	1.095012E-01	7.531565E-04
7.187470E+03	1.095947E-01	7.531225E-04
7.189678E+03	1.097626E-01	7.536451E-04
7.191885E+03	1.099800E-01	7.545529E-04
7.194093E+03	1.102195E-01	7.556570E-04
7.196301E+03	1.104203E-01	7.565422E-04
7.198509E+03	1.105384E-01	7.569080E-04
7.200716E+03	1.105876E-01	7.568505E-04
7.202924E+03	1.106064E-01	7.566350E-04
7.205131E+03	1.106308E-01	7.565067E-04
7.207340E+03	1.106881E-01	7.566547E-04
7.209547E+03	1.107427E-01	7.568346E-04
7.211755E+03	1.107532E-01	7.567643E-04
7.213962E+03	1.107554E-01	7.566892E-04
7.216171E+03	1.107961E-01	7.569294E-04
7.218378E+03	1.108644E-01	7.574101E-04
7.220586E+03	1.109546E-01	7.580935E-04
7.222793E+03	1.110972E-01	7.591862E-04
7.225001E+03	1.112122E-01	7.601424E-04
7.227209E+03	1.111619E-01	7.600205E-04
7.229417E+03	1.109271E-01	7.586871E-04
7.231625E+03	1.105904E-01	7.567057E-04
7.233832E+03	1.102180E-01	7.545269E-04
7.236041E+03	1.098456E-01	7.523951E-04
7.238248E+03	1.095255E-01	7.506672E-04
7.240456E+03	1.093017E-01	7.496455E-04
7.242663E+03	1.092156E-01	7.496136E-04
7.244871E+03	1.093718E-01	7.512916E-04
7.247079E+03	1.098389E-01	7.551564E-04
7.249287E+03	1.105647E-01	7.608525E-04
7.251494E+03	1.114610E-01	7.677791E-04
7.253702E+03	1.123847E-01	7.749530E-04
7.255910E+03	1.130716E-01	7.805520E-04
7.258118E+03	1.132879E-01	7.829546E-04
7.260325E+03	1.129373E-01	7.814831E-04
7.262533E+03	1.120200E-01	7.761234E-04
7.264740E+03	1.106323E-01	7.675274E-04
7.266949E+03	1.089642E-01	7.569998E-04
7.269156E+03	1.071999E-01	7.458116E-04
7.271364E+03	1.054909E-01	7.350123E-04
7.273571E+03	1.039691E-01	7.255221E-04
7.275780E+03	1.026840E-01	7.176915E-04
7.277987E+03	1.015860E-01	7.111783E-04
7.280195E+03	1.006339E-01	7.056983E-04
7.282403E+03	9.981390E-02	7.011585E-04
7.284610E+03	9.906547E-02	6.971362E-04
7.286819E+03	9.833909E-02	6.932843E-04
7.289026E+03	9.762380E-02	6.895240E-04
7.291234E+03	9.689758E-02	6.856991E-04
7.293441E+03	9.615496E-02	6.817692E-04
7.295650E+03	9.542064E-02	6.779084E-04
7.297857E+03	9.468091E-02	6.740172E-04
7.300065E+03	9.385604E-02	6.695259E-04
7.302272E+03	9.292407E-02	6.642726E-04
7.304480E+03	9.193450E-02	6.586056E-04
7.306688E+03	9.092854E-02	6.528176E-04
7.308896E+03	8.995842E-02	6.472809E-04
7.311103E+03	8.910381E-02	6.425711E-04
7.313311E+03	8.837843E-02	6.387917E-04
7.315519E+03	8.772455E-02	6.355306E-04
7.317727E+03	8.708447E-02	6.323700E-04
7.319934E+03	8.647195E-02	6.294104E-04
7.322142E+03	8.595013E-02	6.271131E-04
7.324349E+03	8.559591E-02	6.260443E-04
7.326558E+03	8.541474E-02	6.262530E-04
7.328765E+03	8.538463E-02	6.275848E-04
7.330973E+03	8.546160E-02	6.297242E-04
7.333181E+03	8.560721E-02	6.323928E-04
7.335389E+03	8.583241E-02	6.356757E-04
7.337597E+03	8.618662E-02	6.399428E-04
7.339804E+03	8.668629E-02	6.453245E-04
7.342012E+03	8.729569E-02	6.515621E-04
7.344219E+03	8.796263E-02	6.582717E-04
7.346428E+03	8.865692E-02	6.652308E-04
7.348635E+03	8.937033E-02	6.723775E-04
7.350843E+03	9.008914E-02	6.796102E-04
7.353050E+03	9.082158E-02	6.869913E-04
7.355259E+03	9.161973E-02	6.949177E-04
7.357466E+03	9.247543E-02	7.033294E-04
7.359674E+03	9.328161E-02	7.114146E-04
7.361881E+03	9.396419E-02	7.186033E-04
7.364090E+03	9.458907E-02	7.253940E-04
7.366297E+03	9.517270E-02	7.319076E-04
7.368505E+03	9.565204E-02	7.376558E-04
7.370712E+03	9.606269E-02	7.429072E-04
7.372920E+03	9.652268E-02	7.485723E-04
7.375128E+03	9.698806E-02	7.543132E-04
7.377336E+03	9.733545E-02	7.591659E-04
7.379543E+03	9.758409E-02	7.632736E-04
7.381751E+03	9.783541E-02	7.674252E-04
7.383959E+03	9.807844E-02	7.715351E-04
7.386167E+03	9.825017E-02	7.751033E-04
7.388375E+03	9.837800E-02	7.783425E-04
7.390582E+03	9.851952E-02	7.817063E-04
7.392790E+03	9.868019E-02	7.852386E-04
7.394998E+03	9.887369E-02	7.890507E-04
7.397206E+03	9.911927E-02	7.932964E-04
7.399413E+03	9.935932E-02	7.975176E-04
7.401621E+03	9.953628E-02	8.012504E-04
7.403829E+03	9.960361E-02	8.041151E-04
7.406037E+03	9.948735E-02	8.055031E-04
7.408244E+03	9.914916E-02	8.050906E-04
7.410452E+03	9.864390E-02	8.033083E-04
7.412659E+03	9.799349E-02	8.003232E-04
7.414868E+03	9.711853E-02	7.954749E-04
7.417075E+03	9.599169E-02	7.885207E-04
7.419283E+03	9.471438E-02	7.802783E-04
7.421490E+03	9.342625E-02	7.718906E-04
7.423699E+03	9.220677E-02	7.640155E-04
7.425906E+03	9.117364E-02	7.576337E-04
7.428114E+03	9.045280E-02	7.538086E-04
7.430321E+03	9.008797E-02	7.529277E-04
7.432529E+03	9.004902E-02	7.547634E-04
7.434737E+03	9.027558E-02	7.588329E-04
7.436945E+03	9.058698E-02	7.636297E-04
7.439153E+03	9.077243E-02	7.673789E-04
7.441360E+03	9.068685E-02	7.688410E-04
7.443569E+03	9.018529E-02	7.667648E-04
7.445776E+03	8.916383E-02	7.602318E-04
7.447984E+03	8.772379E-02	7.500714E-04
7.450191E+03	8.612527E-02	7.384834E-04
7.452399E+03	8.457894E-02	7.272672E-04
7.454607E+03	8.322430E-02	7.176304E-04
7.456815E+03	8.220091E-02	7.107914E-04
7.459022E+03	8.152777E-02	7.069398E-04
7.461230E+03	8.111736E-02	7.053395E-04
7.463438E+03	8.088473E-02	7.052698E-04
7.465646E+03	8.077525E-02	7.062638E-04
7.467853E+03	8.075601E-02	7.080426E-04
7.470061E+03	8.083794E-02	7.107085E-04
7.472268E+03	8.101558E-02	7.142205E-04
7.474477E+03	8.125879E-02	7.183198E-04
7.476684E+03	8.154025E-02	7.227670E-04
7.478892E+03	8.182987E-02	7.272980E-04
7.481099E+03	8.206750E-02	7.313771E-04
7.483308E+03	8.221761E-02	7.346838E-04
7.485515E+03	8.228298E-02	7.372347E-04
7.487723E+03	8.227181E-02	7.390982E-04
7.489931E+03	8.223332E-02	7.407119E-04
7.492138E+03	8.224128E-02	7.427398E-04
7.494347E+03	8.233392E-02	7.455323E-04
7.496554E+03	8.253040E-02	7.492671E-04
7.498762E+03	8.283886E-02	7.540268E-04
7.500969E+03	8.322649E-02	7.595193E-04
7.503178E+03	8.364958E-02	7.653511E-04
7.505385E+03	8.408355E-02	7.712973E-04
7.507593E+03	8.450925E-02	7.771831E-04
7.509800E+03	8.491576E-02	7.829070E-04
7.512008E+03	8.531676E-02	7.885939E-04
7.514216E+03	8.573137E-02	7.944211E-04
7.516424E+03	8.615409E-02	8.003367E-04
7.518631E+03	8.657130E-02	8.062149E-04
7.520839E+03	8.701575E-02	8.123608E-04
7.523047E+03	8.753929E-02	8.192624E-04
7.525255E+03	8.814464E-02	8.269484E-04
7.527462E+03	8.871992E-02	8.343728E-04
7.529670E+03	8.919138E-02	8.408382E-04
7.531877E+03	8.955904E-02	8.463374E-04
7.534086E+03	8.979294E-02	8.505800E-04
7.536293E+03	8.986308E-02	8.532703E-04
7.538501E+03	8.984314E-02	8.550991E-04
7.540708E+03	8.979046E-02	8.566073E-04
7.542917E+03	8.963412E-02	8.571152E-04
7.545125E+03	8.931682E-02	8.560648E-04
7.547332E+03	8.888502E-02	8.538927E-04
7.549540E+03	8.841507E-02	8.513263E-04
7.551747E+03	8.792063E-02	8.484949E-04
7.553956E+03	8.739900E-02	8.453716E-04
7.556163E+03	8.685017E-02	8.419529E-04
7.558371E+03	8.627142E-02	8.382115E-04
7.560578E+03	8.566549E-02	8.341721E-04
7.562787E+03	8.505962E-02	8.300998E-04
7.564994E+03	8.447020E-02	8.261531E-04
7.567202E+03	8.389723E-02	8.223342E-04
7.569409E+03	8.334614E-02	8.186975E-04
7.571617E+03	8.279787E-02	8.150566E-04
7.573825E+03	8.220331E-02	8.109283E-04
7.576033E+03	8.158433E-02	8.065243E-04
7.578240E+03	8.104718E-02	8.028966E-04
7.580448E+03	8.063819E-02	8.005102E-04
7.582656E+03	8.034100E-02	7.992111E-04
7.584864E+03	8.012283E-02	7.986782E-04
7.587071E+03	7.992106E-02	7.982912E-04
7.589279E+03	7.967028E-02	7.973966E-04
7.591486E+03	7.937868E-02	7.960736E-04
7.593695E+03	7.910891E-02	7.949499E-04
7.595903E+03	7.888274E-02	7.942447E-04
7.598110E+03	7.873561E-02	7.943189E-04
7.600318E+03	7.868380E-02	7.953416E-04
7.602526E+03	7.866470E-02	7.966848E-04
7.604734E+03	7.863741E-02	7.979343E-04
7.606941E+03	7.864284E-02	7.995060E-04
7.609149E+03	7.873535E-02	8.019555E-04
7.611356E+03	7.888232E-02	8.049546E-04
7.613565E+03	7.900749E-02	8.077275E-04
7.615772E+03	7.907820E-02	8.099369E-04
7.617980E+03	7.910262E-02	8.116642E-04
7.620187E+03	7.911619E-02	8.132709E-04
7.622395E+03	7.919777E-02	8.155687E-04
7.624603E+03	7.940178E-02	8.191231E-04
7.626811E+03	7.967653E-02	8.234054E-04
7.629018E+03	7.991044E-02	8.272645E-04
7.631226E+03	8.000012E-02	8.296261E-04
7.633434E+03	7.992928E-02	8.303137E-04
7.635642E+03	7.978772E-02	8.302519E-04
7.637849E+03	7.967611E-02	8.304869E-04
7.640057E+03	7.966515E-02	8.317583E-04
7.642264E+03	7.980922E-02	8.346403E-04
7.644473E+03	8.010285E-02	8.390838E-04
7.646681E+03	8.048620E-02	8.444675E-04
7.648888E+03	8.092386E-02	8.504239E-04
7.651096E+03	8.142130E-02	8.570136E-04
7.653304E+03	8.195401E-02	8.639813E-04
7.655512E+03	8.249754E-02	8.710691E-04
7.657719E+03	8.304098E-02	8.781625E-04
7.659927E+03	8.358438E-02	8.852619E-04
7.662134E+03	8.409507E-02	8.920204E-04
7.664343E+03	8.449969E-02	8.976574E-04
7.666550E+03	8.473033E-02	9.014439E-04
7.668758E+03	8.477344E-02	9.032279E-04
7.670965E+03	8.464264E-02	9.031460E-04
7.673174E+03	8.437056E-02	9.015390E-04
7.675381E+03	8.407952E-02	8.997085E-04
7.677589E+03	8.389990E-02	8.990513E-04
7.679796E+03	8.387786E-02	9.000679E-04
7.682004E+03	8.396995E-02	9.022983E-04
7.684212E+03	8.416795E-02	9.056598E-04
7.686420E+03	8.445827E-02	9.100092E-04
7.688627E+03	8.475129E-02	9.143842E-04
7.690835E+03	8.498180E-02	9.180802E-04
7.693043E+03	8.517698E-02	9.213889E-04
7.695251E+03	8.535314E-02	9.244844E-04
7.697458E+03	8.551300E-02	9.273957E-04
7.699666E+03	8.569455E-02	9.305347E-04
7.701874E+03	8.595482E-02	9.345221E-04
7.704082E+03	8.632091E-02	9.396566E-04
7.706290E+03	8.676569E-02	9.456455E-04
7.708497E+03	8.724028E-02	9.519588E-04
7.710705E+03	8.772296E-02	9.583602E-04
7.712913E+03	8.817299E-02	9.644046E-04
7.715121E+03	8.848188E-02	9.689017E-04
7.717328E+03	8.861435E-02	9.714597E-04
7.719536E+03	8.868170E-02	9.732933E-04
7.721743E+03	8.876261E-02	9.752646E-04
7.723952E+03	8.880009E-02	9.767478E-04
7.726159E+03	8.878063E-02	9.775915E-04
7.728367E+03	8.872864E-02	9.780631E-04
7.730574E+03	8.856271E-02	9.772633E-04
7.732783E+03	8.822868E-02	9.745903E-04
7.734990E+03	8.784586E-02	9.713568E-04
7.737198E+03	8.759060E-02	9.695137E-04
7.739405E+03	8.751431E-02	9.696352E-04
7.741613E+03	8.757907E-02	9.713065E-04
7.743821E+03	8.772515E-02	9.738695E-04
7.746029E+03	8.787664E-02	9.764826E-04
7.748236E+03	8.797119E-02	9.784526E-04
7.750444E+03	8.801425E-02	9.798385E-04
7.752653E+03	8.805458E-02	9.811824E-04
7.754860E+03	8.812747E-02	9.828770E-04
7.757068E+03	8.826267E-02	9.852557E-04
7.759275E+03	8.847375E-02	9.884719E-04
7.761483E+03	8.873360E-02	9.922247E-04
7.763691E+03	8.900154E-02	9.960603E-04
7.765899E+03	8.925050E-02	9.996750E-04
7.768106E+03	8.946152E-02	1.002856E-03
7.770314E+03	8.960749E-02	1.005298E-03
7.772522E+03	8.968841E-02	1.007000E-03
7.774730E+03	8.971789E-02	1.008111E-03
7.776937E+03	8.972301E-02	1.008937E-03
7.779145E+03	8.978500E-02	1.010389E-03
7.781352E+03	8.995533E-02	1.013049E-03
7.783561E+03	9.017982E-02	1.016310E-03
7.785768E+03	9.038534E-02	1.019348E-03
7.787976E+03	9.058270E-02	1.022283E-03
7.790183E+03	9.075840E-02	1.024964E-03
7.792392E+03	9.085559E-02	1.026748E-03
7.794599E+03	9.089319E-02	1.027846E-03
7.796807E+03	9.089021E-02	1.028472E-03
7.799014E+03	9.078437E-02	1.027921E-03
7.801222E+03	9.050262E-02	1.025362E-03
7.803431E+03	9.007202E-02	1.021099E-03
7.805638E+03	8.958197E-02	1.016144E-03
7.807846E+03	8.912449E-02	1.011538E-03
7.810053E+03	8.875365E-02	1.007898E-03
7.812262E+03	8.844781E-02	1.004980E-03
7.814469E+03	8.813121E-02	1.001923E-03
7.816677E+03	8.770913E-02	9.976505E-04
7.818884E+03	8.713562E-02	9.916371E-04
7.821092E+03	8.647562E-02	9.846203E-04
7.823300E+03	8.586438E-02	9.781397E-04
7.825508E+03	8.535876E-02	9.728442E-04
7.827715E+03	8.490459E-02	9.681181E-04
7.829923E+03	8.446943E-02	9.635925E-04
7.832131E+03	8.404244E-02	9.591444E-04
7.834339E+03	8.353979E-02	9.538166E-04
7.836546E+03	8.295610E-02	9.475471E-04
7.838754E+03	8.243198E-02	9.419416E-04
7.840961E+03	8.204582E-02	9.378974E-04
7.843170E+03	8.176517E-02	9.350455E-04
7.845377E+03	8.156298E-02	9.330778E-04
7.847585E+03	8.147978E-02	9.324593E-04
7.849792E+03	8.152364E-02	9.332840E-04
7.852001E+03	8.162426E-02	9.347486E-04
7.854208E+03	8.172762E-02	9.362346E-04
7.856416E+03	8.180392E-02	9.374005E-04
7.858624E+03	8.182890E-02	9.379682E-04
7.860832E+03	8.181875E-02	9.381231E-04
7.863040E+03	8.184375E-02	9.386703E-04
7.865247E+03	8.196875E-02	9.403546E-04
7.867455E+03	8.219642E-02	9.432073E-04
7.869662E+03	8.248621E-02	9.467641E-04
7.871871E+03	8.275708E-02	9.500952E-04
7.874078E+03	8.295229E-02	9.525484E-04
7.876286E+03	8.306104E-02	9.539995E-04
7.878493E+03	8.314010E-02	9.550997E-04
7.880702E+03	8.325967E-02	9.566558E-04
7.882909E+03	8.347106E-02	9.592577E-04
7.885117E+03	8.377700E-02	9.629369E-04
7.887324E+03	8.415042E-02	9.673833E-04
7.889532E+03	8.452112E-02	9.717898E-04
7.891740E+03	8.481888E-02	9.753489E-04
7.893948E+03	8.500591E-02	9.776256E-04
7.896155E+03	8.511197E-02	9.789616E-04
7.898363E+03	8.515591E-02	9.795737E-04
7.900571E+03	8.515127E-02	9.796174E-04
7.902779E+03	8.514396E-02	9.796208E-04
7.904986E+03	8.517715E-02	9.800808E-04
7.907194E+03	8.524817E-02	9.809666E-04
7.909402E+03	8.532456E-02	9.819051E-04
7.911610E+03	8.540097E-02	9.828348E-04
7.913818E+03	8.545311E-02	9.834761E-04
7.916025E+03	8.544591E-02	9.834254E-04
7.918233E+03	8.538204E-02	9.827135E-04
7.920440E+03	8.528580E-02	9.816202E-04
7.922649E+03	8.518961E-02	9.805187E-04
7.924856E+03	8.509345E-02	9.794088E-04
7.927064E+03	8.496492E-02	9.779179E-04
7.929271E+03	8.475821E-02	9.755189E-04
7.931480E+03	8.442742E-02	9.716836E-04
7.933687E+03	8.394296E-02	9.660719E-04
7.935895E+03	8.333717E-02	9.590563E-04
7.938102E+03	8.273684E-02	9.520965E-04
7.940311E+03	8.224449E-02	9.463723E-04
7.942518E+03	8.185738E-02	9.418522E-04
7.944726E+03	8.157013E-02	9.384743E-04
7.946933E+03	8.137999E-02	9.362070E-04
7.949141E+03	8.120607E-02	9.341194E-04
7.951349E+03	8.095670E-02	9.311573E-04
7.953557E+03	8.064265E-02	9.274452E-04
7.955764E+03	8.030170E-02	9.234178E-04
7.957972E+03	7.994192E-02	9.191683E-04
7.960180E+03	7.957411E-02	9.148211E-04
7.962388E+03	7.920367E-02	9.104385E-04
7.964596E+03	7.879822E-02	9.056486E-04
7.966803E+03	7.836320E-02	9.005142E-04
7.969011E+03	7.794171E-02	8.955310E-04
7.971219E+03	7.752836E-02	8.906371E-04
7.973427E+03	7.712046E-02	8.858020E-04
7.975634E+03	7.677999E-02	8.817374E-04
7.977842E+03	7.655007E-02	8.789384E-04
7.980050E+03	7.639565E-02	8.770017E-04
7.982258E+03	7.631670E-02	8.759272E-04
7.984465E+03	7.634828E-02	8.761166E-04
7.986673E+03	7.648764E-02	8.775376E-04
7.988880E+03	7.665664E-02	8.792933E-04
7.991089E+03	7.678793E-02	8.806114E-04
7.993296E+03	7.688961E-02	8.815850E-04
7.995504E+03	7.700476E-02	8.827082E-04
7.997711E+03	7.718726E-02	8.845988E-04
7.999920E+03	7.749369E-02	8.879042E-04
8.002127E+03	7.791594E-02	8.925311E-04
8.004335E+03	7.836242E-02	8.974294E-04
8.006542E+03	7.872539E-02	9.013655E-04
8.008750E+03	7.895635E-02	9.037852E-04
8.010958E+03	7.910384E-02	9.052449E-04
8.013166E+03	7.921096E-02	9.062387E-04
8.015374E+03	7.920498E-02	9.059354E-04
8.017581E+03	7.902939E-02	9.036898E-04
8.019790E+03	7.873802E-02	9.001190E-04
8.021997E+03	7.834710E-02	8.954097E-04
8.024205E+03	7.788891E-02	8.899320E-04
8.026412E+03	7.751961E-02	8.854703E-04
8.028620E+03	7.737386E-02	8.835617E-04
8.030828E+03	7.740849E-02	8.837114E-04
8.033036E+03	7.752390E-02	8.847813E-04
8.035243E+03	7.770664E-02	8.866171E-04
8.037451E+03	7.796208E-02	8.892797E-04
8.039659E+03	7.820944E-02	8.918473E-04
8.041867E+03	7.833298E-02	8.930008E-04
8.044074E+03	7.831657E-02	8.925577E-04
8.046282E+03	7.821406E-02	8.911331E-04
8.048489E+03	7.804969E-02	8.890041E-04
8.050698E+03	7.786383E-02	8.866311E-04
8.052905E+03	7.772374E-02	8.847804E-04
8.055113E+03	7.764828E-02	8.836662E-04
8.057320E+03	7.764821E-02	8.834104E-04
8.059529E+03	7.776116E-02	8.844405E-04
8.061736E+03	7.800060E-02	8.869090E-04
8.063944E+03	7.834499E-02	8.905696E-04
8.066152E+03	7.877549E-02	8.952076E-04
8.068359E+03	7.920059E-02	8.997826E-04
8.070568E+03	7.947234E-02	9.026146E-04
8.072775E+03	7.955039E-02	9.032473E-04
8.074983E+03	7.952891E-02	9.027515E-04
8.077190E+03	7.947253E-02	9.018618E-04
8.079399E+03	7.933813E-02	9.000895E-04
8.081606E+03	7.913920E-02	8.975888E-04
8.083814E+03	7.897800E-02	8.955196E-04
8.086021E+03	7.886254E-02	8.939729E-04
8.088229E+03	7.870407E-02	8.919425E-04
8.090437E+03	7.852683E-02	8.897035E-04
8.092645E+03	7.843837E-02	8.884748E-04
8.094852E+03	7.840912E-02	8.879208E-04
8.097060E+03	7.835570E-02	8.870971E-04
8.099268E+03	7.829154E-02	8.861564E-04
8.101476E+03	7.824086E-02	8.853728E-04
8.103683E+03	7.815525E-02	8.841989E-04
8.105891E+03	7.799708E-02	8.822095E-04
8.108098E+03	7.779053E-02	8.796789E-04
8.110307E+03	7.755713E-02	8.768507E-04
8.112514E+03	7.729957E-02	8.737562E-04
8.114722E+03	7.702592E-02	8.704865E-04
8.116930E+03	7.675770E-02	8.672853E-04
8.119138E+03	7.651104E-02	8.643347E-04
8.121346E+03	7.632084E-02	8.620292E-04
8.123553E+03	7.621406E-02	8.606730E-04
8.125761E+03	7.620140E-02	8.603865E-04
8.127969E+03	7.627478E-02	8.610783E-04
8.130177E+03	7.639659E-02	8.623235E-04
8.132384E+03	7.651843E-02	8.635762E-04
8.134592E+03	7.664297E-02	8.648666E-04
8.136799E+03	7.679710E-02	8.664984E-04
8.139008E+03	7.700234E-02	8.687144E-04
8.141215E+03	7.726404E-02	8.715751E-04
8.143423E+03	7.754725E-02	8.746868E-04
8.145630E+03	7.776059E-02	8.770186E-04
8.147838E+03	7.785839E-02	8.780563E-04
8.150046E+03	7.781646E-02	8.775276E-04
8.152254E+03	7.762135E-02	8.752814E-04
8.154461E+03	7.730801E-02	8.717122E-04
8.156669E+03	7.697322E-02	8.679115E-04
8.158877E+03	7.666536E-02	8.644250E-04
8.161085E+03	7.642202E-02	8.616767E-04
8.163292E+03	7.630774E-02	8.603943E-04
8.165500E+03	7.637622E-02	8.611836E-04
8.167708E+03	7.660867E-02	8.638332E-04
8.169916E+03	7.693788E-02	8.675857E-04
8.172124E+03	7.729937E-02	8.717144E-04
8.174331E+03	7.763936E-02	8.756134E-04
8.176539E+03	7.790414E-02	8.786773E-04
8.178747E+03	7.806415E-02	8.805728E-04
8.180955E+03	7.817042E-02	8.818754E-04
8.183162E+03	7.830361E-02	8.834955E-04
8.185370E+03	7.850402E-02	8.858881E-04
8.187578E+03	7.876625E-02	8.889932E-04
8.189786E+03	7.904461E-02	8.922957E-04
8.191993E+03	7.925852E-02	8.948862E-04
8.194201E+03	7.934618E-02	8.960669E-04
8.196408E+03	7.933444E-02	8.961404E-04
8.198617E+03	7.931199E-02	8.961084E-04
8.200824E+03	7.935945E-02	8.968819E-04
8.203032E+03	7.946066E-02	8.982794E-04
8.205239E+03	7.953235E-02	8.993600E-04
8.207447E+03	7.953690E-02	8.996982E-04
8.209655E+03	7.947434E-02	8.992941E-04
8.211863E+03	7.934733E-02	8.981769E-04
8.214070E+03	7.923110E-02	8.971979E-04
8.216278E+03	7.919550E-02	8.971491E-04
8.218486E+03	7.920829E-02	8.976663E-04
8.220694E+03	7.918350E-02	8.977755E-04
8.222902E+03	7.904592E-02	8.966234E-04
8.225109E+03	7.872837E-02	8.934462E-04
8.227318E+03	7.820133E-02	8.879058E-04
8.229525E+03	7.749702E-02	8.803644E-04
8.231733E+03	7.669603E-02	8.717347E-04
8.233940E+03	7.589240E-02	8.630841E-04
8.236148E+03	7.511031E-02	8.546872E-04
8.238356E+03	7.426917E-02	8.456268E-04
8.240564E+03	7.337163E-02	8.359312E-04
8.242771E+03	7.258697E-02	8.275286E-04
8.244979E+03	7.201457E-02	8.215550E-04
8.247186E+03	7.165713E-02	8.180458E-04
8.249395E+03	7.156834E-02	8.176197E-04
8.251602E+03	7.171063E-02	8.198536E-04
8.253810E+03	7.185027E-02	8.220795E-04
8.256017E+03	7.181801E-02	8.223599E-04
8.258226E+03	7.163804E-02	8.209675E-04
8.260433E+03	7.140437E-02	8.189763E-04
8.262641E+03	7.125132E-02	8.179268E-04
8.264848E+03	7.130248E-02	8.192415E-04
8.267057E+03	7.152560E-02	8.225565E-04
8.269264E+03	7.179174E-02	8.263924E-04
8.271472E+03	7.204987E-02	8.301639E-04
8.273680E+03	7.223815E-02	8.331577E-04
8.275887E+03	7.223576E-02	8.339768E-04
8.278096E+03	7.206684E-02	8.328942E-04
8.280303E+03	7.191138E-02	8.319857E-04
8.282511E+03	7.185000E-02	8.321859E-04
8.284718E+03	7.183429E-02	8.329372E-04
8.286926E+03	7.184284E-02	8.339929E-04
8.289134E+03	7.189169E-02	8.355413E-04
8.291342E+03	7.194058E-02	8.371149E-04
8.293549E+03	7.194116E-02	8.381510E-04
8.295757E+03	7.190683E-02	8.388040E-04
8.297965E+03	7.189674E-02	8.397641E-04
8.300173E+03	7.195921E-02	8.415966E-04
8.302380E+03	7.211039E-02	8.444945E-04
8.304588E+03	7.234489E-02	8.483995E-04
8.306796E+03	7.261973E-02	8.528117E-04
8.309004E+03	7.289730E-02	8.572900E-04
8.311211E+03	7.316418E-02	8.616777E-04
8.313419E+03	7.341766E-02	8.659428E-04
8.315626E+03	7.365775E-02	8.700849E-04
8.317835E+03	7.391131E-02	8.744224E-04
8.320042E+03	7.420793E-02	8.793057E-04
8.322250E+03	7.456100E-02	8.848974E-04
8.324458E+03	7.498669E-02	8.913932E-04
8.326665E+03	7.550110E-02	8.989893E-04
8.328874E+03	7.606661E-02	9.072436E-04
8.331081E+03	7.659187E-02	9.150668E-04
8.333289E+03	7.695596E-02	9.210105E-04
8.335496E+03	7.711588E-02	9.245493E-04
8.337705E+03	7.710923E-02	9.261228E-04
8.339912E+03	7.699782E-02	9.264624E-04
8.342120E+03	7.686493E-02	9.265657E-04
8.344327E+03	7.681002E-02	9.276323E-04
8.346536E+03	7.684383E-02	9.297978E-04
8.349421E+03	6.441641E-02	7.813865E-04
8.359073E+03	6.387956E-02	7.816490E-04
8.368726E+03	6.338588E-02	7.827466E-04
8.378378E+03	6.293978E-02	7.847300E-04
8.388031E+03	6.254411E-02	7.876339E-04
8.397683E+03	6.219378E-02	7.913951E-04
8.407336E+03	6.188290E-02	7.959390E-04
8.416988E+03	6.160611E-02	8.011960E-04
8.426641E+03	6.135643E-02	8.070735E-04
8.436293E+03	6.112782E-02	8.134883E-04
8.445946E+03	6.091201E-02	8.203241E-04
8.455598E+03	6.070435E-02	8.275095E-04
8.465251E+03	6.049721E-02	8.349292E-04
8.474903E+03	6.028573E-02	8.425018E-04
8.484556E+03	6.006582E-02	8.501536E-04
8.494208E+03	5.983300E-02	8.578024E-04
8.503861E+03	5.958477E-02	8.653917E-04
8.513514E+03	5.931953E-02	8.728759E-04
8.523166E+03	5.903416E-02	8.801861E-04
8.532819E+03	5.872983E-02	8.873153E-04
8.542471E+03	5.840610E-02	8.942325E-04
8.552124E+03	5.806200E-02	9.008989E-04
8.561776E+03	5.769721E-02	9.072847E-04
8.571429E+03	5.731540E-02	9.134233E-04
8.581081E+03	5.691481E-02	9.192643E-04
8.590734E+03	5.649877E-02	9.248384E-04
8.600386E+03	5.606960E-02	9.301632E-04
8.610039E+03	5.562858E-02	9.352409E-04
8.619691E+03	5.517925E-02	9.401135E-04
8.629344E+03	5.472143E-02	9.447629E-04
8.638996E+03	5.425819E-02	9.492271E-04
8.648649E+03	5.379226E-02	9.535418E-04
8.658301E+03	5.332248E-02	9.576759E-04
8.667954E+03	5.285083E-02	9.616542E-04
8.677606E+03	5.237776E-02	9.654756E-04
8.687259E+03	5.190345E-02	9.691354E-04
8.725869E+03	4.999761E-02	9.820743E-04
8.764479E+03	4.807267E-02	9.918604E-04
8.803089E+03	4.614560E-02	9.984750E-04
8.841699E+03	4.425400E-02	1.002499E-03
8.880309E+03	4.244304E-02	1.004901E-03
8.918919E+03	4.076795E-02	1.007132E-03
8.957529E+03	3.929763E-02	1.011260E-03
8.996139E+03	3.810030E-02	1.019651E-03
9.034749E+03	3.724421E-02	1.034972E-03
9.073359E+03	3.675363E-02	1.058920E-03
9.111969E+03	3.660408E-02	1.091837E-03
9.150579E+03	3.673562E-02	1.132872E-03
9.189189E+03	3.707344E-02	1.180449E-03
9.227799E+03	3.754770E-02	1.232852E-03
9.266409E+03	3.809288E-02	1.288227E-03
9.305019E+03	3.864582E-02	1.344542E-03
9.343629E+03	3.914497E-02	1.399576E-03
9.382239E+03	3.953853E-02	1.451234E-03
9.420849E+03	3.978112E-02	1.497474E-03
9.459459E+03	3.984075E-02	1.536612E-03
9.498069E+03	3.970042E-02	1.567452E-03
9.536680E+03	3.935139E-02	1.589088E-03
9.575290E+03	3.880877E-02	1.601584E-03
9.613900E+03	3.812428E-02	1.606618E-03
9.652510E+03	3.735700E-02	1.606381E-03
9.691120E+03	3.654805E-02	1.602489E-03
9.729730E+03	3.572897E-02	1.596277E-03
9.768340E+03	3.491097E-02	1.588260E-03
9.806950E+03	3.410370E-02	1.578922E-03
9.845560E+03	3.330598E-02	1.568266E-03
9.884170E+03	3.252768E-02	1.556820E-03
9.922780E+03	3.176442E-02	1.544452E-03
9.961390E+03	3.102145E-02	1.531488E-03
