#wls	flux	fluxerr
1.544402E+03	4.588227E-03	1.506550E-04
1.583012E+03	4.614940E-03	1.511123E-04
1.621622E+03	4.643048E-03	1.515996E-04
1.660232E+03	4.671762E-03	1.520904E-04
1.698842E+03	4.701904E-03	1.526107E-04
1.737452E+03	4.733497E-03	1.531606E-04
1.776062E+03	4.766569E-03	1.537399E-04
1.814672E+03	4.801151E-03	1.543488E-04
1.853282E+03	4.838091E-03	1.550135E-04
1.891892E+03	4.876634E-03	1.557085E-04
1.930502E+03	4.917639E-03	1.564601E-04
1.969112E+03	4.961173E-03	1.572690E-04
2.007722E+03	5.007314E-03	1.581362E-04
2.046332E+03	5.056146E-03	1.590627E-04
2.084942E+03	5.107773E-03	1.600503E-04
2.123552E+03	5.163117E-03	1.611259E-04
2.162162E+03	5.221501E-03	1.622663E-04
2.200772E+03	5.284705E-03	1.635247E-04
2.239382E+03	5.352086E-03	1.648784E-04
2.277992E+03	5.423833E-03	1.663307E-04
2.316602E+03	5.500995E-03	1.679108E-04
2.355212E+03	5.583821E-03	1.696230E-04
2.393822E+03	5.672595E-03	1.714723E-04
2.432432E+03	5.768463E-03	1.734895E-04
2.471042E+03	5.871798E-03	1.756812E-04
2.509653E+03	5.983010E-03	1.780548E-04
2.548263E+03	6.102558E-03	1.806188E-04
2.586873E+03	6.232647E-03	1.834326E-04
2.625483E+03	6.373034E-03	1.864821E-04
2.664093E+03	6.526079E-03	1.898290E-04
2.702703E+03	6.690838E-03	1.934377E-04
2.741313E+03	6.869853E-03	1.973730E-04
2.779923E+03	7.064951E-03	2.016771E-04
2.818533E+03	7.276325E-03	2.063444E-04
2.857143E+03	7.506925E-03	2.114463E-04
2.895753E+03	7.758094E-03	2.170065E-04
2.905405E+03	7.824077E-03	2.184658E-04
2.915058E+03	7.891740E-03	2.199636E-04
2.924710E+03	7.961117E-03	2.215005E-04
2.934363E+03	8.031326E-03	2.230517E-04
2.944015E+03	8.104206E-03	2.246681E-04
2.953668E+03	8.177975E-03	2.262998E-04
2.963320E+03	8.252651E-03	2.279472E-04
2.972973E+03	8.330096E-03	2.296613E-04
2.982625E+03	8.408507E-03	2.313922E-04
2.992278E+03	8.489753E-03	2.331910E-04
3.001931E+03	8.572028E-03	2.350076E-04
3.011583E+03	8.655354E-03	2.368425E-04
3.021236E+03	8.741624E-03	2.387470E-04
3.030888E+03	8.829947E-03	2.406964E-04
3.040541E+03	8.919418E-03	2.426657E-04
3.050193E+03	9.011011E-03	2.446812E-04
3.059846E+03	9.105709E-03	2.467689E-04
3.069498E+03	9.201662E-03	2.488784E-04
3.079151E+03	9.299854E-03	2.510359E-04
3.088803E+03	9.400324E-03	2.532421E-04
3.098456E+03	9.503117E-03	2.554977E-04
3.108108E+03	9.607307E-03	2.577774E-04
3.117761E+03	9.714867E-03	2.601338E-04
3.127413E+03	9.824880E-03	2.625418E-04
3.137066E+03	9.937393E-03	2.650020E-04
3.146718E+03	1.005147E-02	2.674891E-04
3.156371E+03	1.016911E-02	2.700562E-04
3.166023E+03	1.028940E-02	2.726778E-04
3.175676E+03	1.041139E-02	2.753285E-04
3.185328E+03	1.053711E-02	2.780616E-04
3.194981E+03	1.066562E-02	2.808518E-04
3.204633E+03	1.079698E-02	2.836997E-04
3.214286E+03	1.093124E-02	2.866065E-04
3.223938E+03	1.106846E-02	2.895727E-04
3.233591E+03	1.120869E-02	2.925994E-04
3.243243E+03	1.135199E-02	2.956874E-04
3.252896E+03	1.149842E-02	2.988376E-04
3.262548E+03	1.164907E-02	3.020779E-04
3.272201E+03	1.180194E-02	3.053554E-04
3.281853E+03	1.195918E-02	3.087250E-04
3.291506E+03	1.211980E-02	3.121608E-04
3.301158E+03	1.228387E-02	3.156636E-04
3.310811E+03	1.245146E-02	3.192345E-04
3.320463E+03	1.262370E-02	3.229021E-04
3.330116E+03	1.279853E-02	3.266122E-04
3.339768E+03	1.297818E-02	3.304212E-04
3.349421E+03	1.316163E-02	3.343026E-04
3.359073E+03	1.334896E-02	3.382574E-04
3.368726E+03	1.354135E-02	3.423148E-04
3.378378E+03	1.373780E-02	3.464481E-04
3.388031E+03	1.393837E-02	3.506584E-04
3.397683E+03	1.414315E-02	3.549467E-04
3.407336E+03	1.435221E-02	3.593143E-04
3.416988E+03	1.456679E-02	3.637911E-04
3.426641E+03	1.478584E-02	3.683498E-04
3.436293E+03	1.501062E-02	3.730206E-04
3.445946E+03	1.523889E-02	3.777470E-04
3.455598E+03	1.547309E-02	3.825883E-04
3.465251E+03	1.571331E-02	3.875460E-04
3.474903E+03	1.595730E-02	3.925631E-04
3.484556E+03	1.620754E-02	3.976994E-04
3.494208E+03	1.646413E-02	4.029568E-04
3.503861E+03	1.672477E-02	4.082770E-04
3.513514E+03	1.699198E-02	4.137209E-04
3.523166E+03	1.726587E-02	4.192898E-04
3.532819E+03	1.754531E-02	4.249549E-04
3.542471E+03	1.783038E-02	4.307169E-04
3.552124E+03	1.812116E-02	4.365763E-04
3.561776E+03	1.841896E-02	4.425638E-04
3.571429E+03	1.872258E-02	4.486487E-04
3.581081E+03	1.903333E-02	4.548613E-04
3.590734E+03	1.934991E-02	4.611692E-04
3.600386E+03	1.967228E-02	4.675701E-04
3.610039E+03	2.000170E-02	4.740924E-04
3.619691E+03	2.033672E-02	4.807005E-04
3.629344E+03	2.067717E-02	4.873891E-04
3.638996E+03	2.102418E-02	4.941837E-04
3.648649E+03	2.137613E-02	5.010449E-04
3.658301E+03	2.173409E-02	5.079963E-04
3.667954E+03	2.209491E-02	5.149636E-04
3.677606E+03	2.246236E-02	5.220336E-04
3.687259E+03	2.283182E-02	5.290975E-04
3.696911E+03	2.320563E-02	5.362092E-04
3.706564E+03	2.358191E-02	5.433244E-04
3.716216E+03	2.396166E-02	5.504654E-04
3.725869E+03	2.434301E-02	5.575886E-04
3.735521E+03	2.472557E-02	5.646846E-04
3.745174E+03	2.510900E-02	5.717454E-04
3.754826E+03	2.549449E-02	5.787979E-04
3.764479E+03	2.588037E-02	5.858037E-04
3.774131E+03	2.626652E-02	5.927599E-04
3.783784E+03	2.665279E-02	5.996630E-04
3.793436E+03	2.704068E-02	6.065468E-04
3.803089E+03	2.742862E-02	6.133754E-04
3.812741E+03	2.781654E-02	6.201479E-04
3.822394E+03	2.820441E-02	6.268629E-04
3.832046E+03	2.859200E-02	6.335157E-04
3.841699E+03	2.898062E-02	6.401352E-04
3.851351E+03	2.936681E-02	6.466450E-04
3.861004E+03	2.975311E-02	6.531015E-04
3.870656E+03	3.013725E-02	6.594549E-04
3.880309E+03	3.051676E-02	6.656518E-04
3.889961E+03	3.089373E-02	6.717389E-04
3.899614E+03	3.126536E-02	6.776556E-04
3.909266E+03	3.162867E-02	6.833392E-04
3.918919E+03	3.198536E-02	6.888280E-04
3.928571E+03	3.233074E-02	6.940227E-04
3.938224E+03	3.266483E-02	6.989261E-04
3.947876E+03	3.298617E-02	7.035098E-04
3.957529E+03	3.329329E-02	7.077452E-04
3.967181E+03	3.358338E-02	7.115757E-04
3.976834E+03	3.385855E-02	7.150499E-04
3.986486E+03	3.411479E-02	7.180866E-04
3.996139E+03	3.435148E-02	7.206769E-04
4.005792E+03	3.456994E-02	7.228529E-04
4.015444E+03	3.477019E-02	7.246184E-04
4.025097E+03	3.495078E-02	7.259480E-04
4.034749E+03	3.511386E-02	7.268901E-04
4.044402E+03	3.525845E-02	7.274284E-04
4.054054E+03	3.538547E-02	7.275864E-04
4.063707E+03	3.549751E-02	7.274205E-04
4.073359E+03	3.559411E-02	7.269249E-04
4.083012E+03	3.567800E-02	7.261589E-04
4.092664E+03	3.574739E-02	7.250887E-04
4.102317E+03	3.580665E-02	7.238061E-04
4.111969E+03	3.585557E-02	7.223093E-04
4.121622E+03	3.589554E-02	7.206287E-04
4.131274E+03	3.592789E-02	7.187929E-04
4.140927E+03	3.595404E-02	7.168320E-04
4.150579E+03	3.597533E-02	7.147746E-04
4.160232E+03	3.599313E-02	7.126489E-04
4.169884E+03	3.600873E-02	7.104813E-04
4.179537E+03	3.602192E-02	7.082686E-04
4.189189E+03	3.603542E-02	7.060646E-04
4.198842E+03	3.605032E-02	7.038912E-04
4.208494E+03	3.606774E-02	7.017702E-04
4.218147E+03	3.608731E-02	6.996941E-04
4.227799E+03	3.611011E-02	6.976836E-04
4.237452E+03	3.613998E-02	6.958126E-04
4.247104E+03	3.617386E-02	6.940211E-04
4.256757E+03	3.621572E-02	6.923846E-04
4.266409E+03	3.626682E-02	6.909259E-04
4.276062E+03	3.632575E-02	6.896167E-04
4.285714E+03	3.639682E-02	6.885375E-04
4.295367E+03	3.648167E-02	6.877171E-04
4.305019E+03	3.657938E-02	6.871360E-04
4.314672E+03	3.669338E-02	6.868562E-04
4.324324E+03	3.682714E-02	6.869398E-04
4.333977E+03	3.698173E-02	6.874032E-04
4.343629E+03	3.715831E-02	6.882645E-04
4.353282E+03	3.736235E-02	6.896207E-04
4.362934E+03	3.759404E-02	6.914708E-04
4.372587E+03	3.785914E-02	6.939157E-04
4.382239E+03	3.815816E-02	6.969587E-04
4.391892E+03	3.849568E-02	7.006776E-04
4.401544E+03	3.887501E-02	7.051259E-04
4.411197E+03	3.929798E-02	7.103298E-04
4.420849E+03	3.977047E-02	7.163876E-04
4.430502E+03	4.029259E-02	7.232934E-04
4.440154E+03	4.086678E-02	7.310826E-04
4.449807E+03	4.149651E-02	7.398084E-04
4.459459E+03	4.218313E-02	7.494864E-04
4.469112E+03	4.292586E-02	7.600937E-04
4.478764E+03	4.372583E-02	7.716414E-04
4.488417E+03	4.458012E-02	7.840701E-04
4.498069E+03	4.548760E-02	7.973515E-04
4.507722E+03	4.644271E-02	8.113815E-04
4.517375E+03	4.744142E-02	8.260835E-04
4.527027E+03	4.847513E-02	8.413027E-04
4.536680E+03	4.953668E-02	8.569118E-04
4.546332E+03	5.061265E-02	8.726769E-04
4.555985E+03	5.169462E-02	8.884536E-04
4.565637E+03	5.276995E-02	9.040268E-04
4.575290E+03	5.382354E-02	9.191422E-04
4.584942E+03	5.484166E-02	9.335725E-04
4.594595E+03	5.581088E-02	9.470982E-04
4.604247E+03	5.672052E-02	9.595490E-04
4.613900E+03	5.755783E-02	9.707219E-04
4.623552E+03	5.831384E-02	9.804799E-04
4.633205E+03	5.898199E-02	9.887277E-04
4.642857E+03	5.956021E-02	9.954463E-04
4.652510E+03	6.004568E-02	1.000604E-03
4.662162E+03	6.044020E-02	1.004247E-03
4.671815E+03	6.074860E-02	1.006470E-03
4.681467E+03	6.098028E-02	1.007443E-03
4.691120E+03	6.114319E-02	1.007307E-03
4.700772E+03	6.124874E-02	1.006262E-03
4.710425E+03	6.130920E-02	1.004517E-03
4.720077E+03	6.133902E-02	1.002316E-03
4.729730E+03	6.134680E-02	9.998022E-04
4.739382E+03	6.134812E-02	9.972321E-04
4.749035E+03	6.135217E-02	9.947557E-04
4.758687E+03	6.137090E-02	9.925657E-04
4.768340E+03	6.140940E-02	9.907427E-04
4.777992E+03	6.147862E-02	9.894606E-04
4.787645E+03	6.158218E-02	9.887730E-04
4.797297E+03	6.172538E-02	9.887607E-04
4.806950E+03	6.190597E-02	9.893827E-04
4.816602E+03	6.212665E-02	9.906776E-04
4.826255E+03	6.238250E-02	9.925625E-04
4.835907E+03	6.266997E-02	9.949773E-04
4.845560E+03	6.297793E-02	9.977417E-04
4.855212E+03	6.330047E-02	1.000761E-03
4.864865E+03	6.362637E-02	1.003855E-03
4.874517E+03	6.393923E-02	1.006767E-03
4.884170E+03	6.422893E-02	1.009337E-03
4.893822E+03	6.447921E-02	1.011314E-03
4.903475E+03	6.467736E-02	1.012500E-03
4.913127E+03	6.480755E-02	1.012654E-03
4.922780E+03	6.485702E-02	1.011581E-03
4.932432E+03	6.481668E-02	1.009146E-03
4.942085E+03	6.467458E-02	1.005170E-03
4.951737E+03	6.443104E-02	9.996648E-04
4.961390E+03	6.407899E-02	9.925285E-04
4.971042E+03	6.362609E-02	9.838863E-04
4.980695E+03	6.307290E-02	9.737532E-04
4.990347E+03	6.243249E-02	9.623366E-04
5.000000E+03	6.171570E-02	9.498077E-04
5.009653E+03	6.093919E-02	9.364265E-04
5.019305E+03	6.011795E-02	9.224252E-04
5.028958E+03	5.927134E-02	9.081016E-04
5.038610E+03	5.841553E-02	8.937032E-04
5.048263E+03	5.756825E-02	8.794992E-04
5.057915E+03	5.674776E-02	8.657660E-04
5.067568E+03	5.596954E-02	8.527363E-04
5.077220E+03	5.524608E-02	8.405955E-04
5.086873E+03	5.459125E-02	8.295500E-04
5.096525E+03	5.401425E-02	8.197337E-04
5.106178E+03	5.352413E-02	8.112781E-04
5.115830E+03	5.312982E-02	8.043123E-04
5.125483E+03	5.283730E-02	7.989205E-04
5.135135E+03	5.264972E-02	7.951437E-04
5.144788E+03	5.257197E-02	7.930497E-04
5.154440E+03	5.260495E-02	7.926455E-04
5.164093E+03	5.275142E-02	7.939666E-04
5.173745E+03	5.301190E-02	7.970149E-04
5.183398E+03	5.338455E-02	8.017572E-04
5.193050E+03	5.386824E-02	8.081706E-04
5.202703E+03	5.446401E-02	8.162658E-04
5.212355E+03	5.516639E-02	8.259560E-04
5.222008E+03	5.597209E-02	8.371873E-04
5.231660E+03	5.688036E-02	8.499442E-04
5.241313E+03	5.788369E-02	8.641106E-04
5.250965E+03	5.897705E-02	8.796081E-04
5.260618E+03	6.015824E-02	8.964008E-04
5.270270E+03	6.141818E-02	9.143504E-04
5.279923E+03	6.275052E-02	9.333601E-04
5.289575E+03	6.415220E-02	9.533824E-04
5.299228E+03	6.561291E-02	9.742625E-04
5.308880E+03	6.712739E-02	9.959207E-04
5.318533E+03	6.868842E-02	1.018249E-03
5.328185E+03	7.028866E-02	1.041139E-03
5.337838E+03	7.191852E-02	1.064446E-03
5.347490E+03	7.357207E-02	1.088085E-03
5.357143E+03	7.524115E-02	1.111934E-03
5.366795E+03	7.691720E-02	1.135868E-03
5.376448E+03	7.859105E-02	1.159751E-03
5.386100E+03	8.025066E-02	1.183409E-03
5.395753E+03	8.188948E-02	1.206746E-03
5.405405E+03	8.349118E-02	1.229522E-03
5.415058E+03	8.504482E-02	1.251581E-03
5.424710E+03	8.653600E-02	1.272711E-03
5.434363E+03	8.795159E-02	1.292723E-03
5.444015E+03	8.927031E-02	1.311308E-03
5.453668E+03	9.047746E-02	1.328254E-03
5.463320E+03	9.155586E-02	1.343312E-03
5.472973E+03	9.248893E-02	1.356243E-03
5.482625E+03	9.326131E-02	1.366827E-03
5.492278E+03	9.385976E-02	1.374875E-03
5.501931E+03	9.427376E-02	1.380237E-03
5.511583E+03	9.449630E-02	1.382815E-03
5.521236E+03	9.452688E-02	1.382606E-03
5.530888E+03	9.436160E-02	1.379559E-03
5.540541E+03	9.401136E-02	1.373837E-03
5.550193E+03	9.348112E-02	1.365515E-03
5.559846E+03	9.279018E-02	1.354878E-03
5.569498E+03	9.195375E-02	1.342152E-03
5.579151E+03	9.099250E-02	1.327641E-03
5.588803E+03	8.992927E-02	1.311678E-03
5.598456E+03	8.879073E-02	1.294655E-03
5.608108E+03	8.759925E-02	1.276897E-03
5.617761E+03	8.637950E-02	1.258765E-03
5.627413E+03	8.515527E-02	1.240604E-03
5.637066E+03	8.394890E-02	1.222741E-03
5.646718E+03	8.278297E-02	1.205501E-03
5.656371E+03	8.167305E-02	1.189113E-03
5.666023E+03	8.063416E-02	1.173792E-03
5.675676E+03	7.968048E-02	1.159746E-03
5.685328E+03	7.881838E-02	1.147064E-03
5.694981E+03	7.805317E-02	1.135825E-03
5.704633E+03	7.738874E-02	1.126083E-03
5.714286E+03	7.682127E-02	1.117784E-03
5.723938E+03	7.634572E-02	1.110854E-03
5.733591E+03	7.595601E-02	1.105204E-03
5.743243E+03	7.563896E-02	1.100642E-03
5.752896E+03	7.538292E-02	1.097001E-03
5.762548E+03	7.517017E-02	1.094023E-03
5.772201E+03	7.498354E-02	1.091457E-03
5.781853E+03	7.480715E-02	1.089075E-03
5.791506E+03	7.462103E-02	1.086586E-03
5.801158E+03	7.441009E-02	1.083770E-03
5.810811E+03	7.415660E-02	1.080369E-03
5.820463E+03	7.384909E-02	1.076217E-03
5.830116E+03	7.347465E-02	1.071125E-03
5.839768E+03	7.302738E-02	1.065006E-03
5.849421E+03	7.250047E-02	1.057759E-03
5.859073E+03	7.189428E-02	1.049388E-03
5.868726E+03	7.120806E-02	1.039881E-03
5.878378E+03	7.044778E-02	1.029324E-03
5.888031E+03	6.961783E-02	1.017777E-03
5.897683E+03	6.872862E-02	1.005391E-03
5.907336E+03	6.779036E-02	9.923124E-04
5.916988E+03	6.681275E-02	9.786818E-04
5.926641E+03	6.580859E-02	9.646843E-04
5.936293E+03	6.479507E-02	9.505700E-04
5.945946E+03	6.378057E-02	9.364603E-04
5.955598E+03	6.278446E-02	9.226377E-04
5.965251E+03	6.181667E-02	9.092471E-04
5.974903E+03	6.089173E-02	8.965018E-04
5.984556E+03	6.001961E-02	8.845485E-04
5.994208E+03	5.921215E-02	8.735629E-04
6.003861E+03	5.847781E-02	8.636710E-04
6.013514E+03	5.782147E-02	8.549474E-04
6.023166E+03	5.724925E-02	8.474852E-04
6.032819E+03	5.676372E-02	8.413257E-04
6.042471E+03	5.636381E-02	8.364571E-04
6.052124E+03	5.604990E-02	8.328889E-04
6.061776E+03	5.581899E-02	8.305809E-04
6.071429E+03	5.566649E-02	8.294695E-04
6.081081E+03	5.558472E-02	8.294446E-04
6.090734E+03	5.556776E-02	8.304220E-04
6.100386E+03	5.560680E-02	8.322746E-04
6.110039E+03	5.569028E-02	8.348321E-04
6.119691E+03	5.581038E-02	8.379798E-04
6.129344E+03	5.595208E-02	8.414937E-04
6.138996E+03	5.610456E-02	8.452120E-04
6.148649E+03	5.625523E-02	8.489449E-04
6.158301E+03	5.639162E-02	8.525031E-04
6.167954E+03	5.650032E-02	8.556819E-04
6.177606E+03	5.657253E-02	8.583447E-04
6.187259E+03	5.660127E-02	8.603819E-04
6.196911E+03	5.657723E-02	8.616469E-04
6.206564E+03	5.649909E-02	8.621144E-04
6.216216E+03	5.636755E-02	8.617892E-04
6.225869E+03	5.618716E-02	8.607355E-04
6.235521E+03	5.596456E-02	8.590495E-04
6.245174E+03	5.571446E-02	8.569524E-04
6.254826E+03	5.544918E-02	8.546304E-04
6.264479E+03	5.518261E-02	8.522957E-04
6.274131E+03	5.493419E-02	8.502477E-04
6.283784E+03	5.471826E-02	8.487096E-04
6.293436E+03	5.454834E-02	8.478938E-04
6.303089E+03	5.444110E-02	8.480637E-04
6.312741E+03	5.440623E-02	8.493760E-04
6.322394E+03	5.445093E-02	8.519500E-04
6.332046E+03	5.458425E-02	8.559352E-04
6.341699E+03	5.480730E-02	8.613578E-04
6.351351E+03	5.511954E-02	8.682183E-04
6.361004E+03	5.551720E-02	8.764662E-04
6.370656E+03	5.599305E-02	8.859959E-04
6.380309E+03	5.653837E-02	8.966775E-04
6.389961E+03	5.713640E-02	9.082517E-04
6.399614E+03	5.777243E-02	9.204899E-04
6.409266E+03	5.842944E-02	9.331241E-04
6.418919E+03	5.908493E-02	9.457967E-04
6.428571E+03	5.971674E-02	9.581512E-04
6.438224E+03	6.030194E-02	9.698165E-04
6.447876E+03	6.081960E-02	9.804494E-04
6.457529E+03	6.124429E-02	9.896310E-04
6.467181E+03	6.155964E-02	9.970851E-04
6.476834E+03	6.174649E-02	1.002488E-03
6.486486E+03	6.179272E-02	1.005626E-03
6.496139E+03	6.168459E-02	1.006260E-03
6.505792E+03	6.142010E-02	1.004337E-03
6.515444E+03	6.099616E-02	9.997882E-04
6.525097E+03	6.041595E-02	9.926462E-04
6.534749E+03	5.968867E-02	9.830437E-04
6.544402E+03	5.882358E-02	9.711153E-04
6.554054E+03	5.783487E-02	9.570790E-04
6.563707E+03	5.673931E-02	9.411973E-04
6.573359E+03	5.555699E-02	9.237908E-04
6.583012E+03	5.430551E-02	9.051421E-04
6.592664E+03	5.300614E-02	8.855974E-04
6.602317E+03	5.167478E-02	8.654167E-04
6.611969E+03	5.033281E-02	8.449545E-04
6.621622E+03	4.899540E-02	8.244642E-04
6.631274E+03	4.767887E-02	8.042212E-04
6.640927E+03	4.639464E-02	7.844206E-04
6.650579E+03	4.515341E-02	7.652473E-04
6.660232E+03	4.396371E-02	7.468508E-04
6.669884E+03	4.283337E-02	7.293706E-04
6.679537E+03	4.176544E-02	7.128653E-04
6.689189E+03	4.076396E-02	6.974115E-04
6.698842E+03	3.982754E-02	6.829931E-04
6.708494E+03	3.895855E-02	6.696585E-04
6.718147E+03	3.815575E-02	6.573943E-04
6.727799E+03	3.741480E-02	6.461333E-04
6.737452E+03	3.673546E-02	6.358789E-04
6.747104E+03	3.611358E-02	6.265662E-04
6.756757E+03	3.554708E-02	6.181660E-04
6.766409E+03	3.503049E-02	6.105894E-04
6.776062E+03	3.456282E-02	6.038252E-04
6.785714E+03	3.413989E-02	5.978060E-04
6.795367E+03	3.375992E-02	5.925056E-04
6.805019E+03	3.341917E-02	5.878636E-04
6.814672E+03	3.311424E-02	5.838248E-04
6.824324E+03	3.284613E-02	5.804109E-04
6.833977E+03	3.260982E-02	5.775376E-04
6.843629E+03	3.240460E-02	5.751957E-04
6.853282E+03	3.222991E-02	5.733793E-04
6.862934E+03	3.208331E-02	5.720483E-04
6.872587E+03	3.196336E-02	5.711806E-04
6.882239E+03	3.186880E-02	5.707563E-04
6.891892E+03	3.179929E-02	5.707727E-04
6.901544E+03	3.175166E-02	5.711756E-04
6.911197E+03	3.172669E-02	5.719816E-04
6.920849E+03	3.172132E-02	5.731381E-04
6.930502E+03	3.173664E-02	5.746671E-04
6.940154E+03	3.177083E-02	5.765383E-04
6.949807E+03	3.182338E-02	5.787443E-04
6.959459E+03	3.189399E-02	5.812819E-04
6.969112E+03	3.198261E-02	5.841524E-04
6.978764E+03	3.208945E-02	5.873618E-04
6.988417E+03	3.221504E-02	5.909218E-04
6.998069E+03	3.236004E-02	5.948466E-04
7.007722E+03	3.252528E-02	5.991541E-04
7.017375E+03	3.271171E-02	6.038642E-04
7.027027E+03	3.291931E-02	6.089787E-04
7.036680E+03	3.315109E-02	6.145561E-04
7.046332E+03	3.340686E-02	6.205959E-04
7.055985E+03	3.368628E-02	6.270941E-04
7.065637E+03	3.399197E-02	6.341026E-04
7.075290E+03	3.432200E-02	6.415884E-04
7.084942E+03	3.467740E-02	6.495737E-04
7.094595E+03	3.505782E-02	6.580550E-04
7.104247E+03	3.546253E-02	6.670212E-04
7.113900E+03	3.589043E-02	6.764545E-04
7.123552E+03	3.633889E-02	6.863082E-04
7.133205E+03	3.680716E-02	6.965702E-04
7.142857E+03	3.729303E-02	7.072011E-04
7.152510E+03	3.779382E-02	7.181519E-04
7.162162E+03	3.830529E-02	7.293441E-04
7.171815E+03	3.882536E-02	7.407388E-04
7.181467E+03	3.935047E-02	7.522693E-04
7.191120E+03	3.987563E-02	7.638409E-04
7.200772E+03	4.039970E-02	7.754313E-04
7.210425E+03	4.091510E-02	7.868951E-04
7.220077E+03	4.142242E-02	7.982426E-04
7.229730E+03	4.191596E-02	8.093631E-04
7.239382E+03	4.239460E-02	8.202334E-04
7.249035E+03	4.285501E-02	8.307874E-04
7.258687E+03	4.329735E-02	8.410264E-04
7.268340E+03	4.371946E-02	8.509063E-04
7.277992E+03	4.412258E-02	8.604491E-04
7.287645E+03	4.450687E-02	8.696561E-04
7.297297E+03	4.487120E-02	8.785030E-04
7.306950E+03	4.521726E-02	8.870211E-04
7.316602E+03	4.554378E-02	8.951833E-04
7.326255E+03	4.585207E-02	9.030133E-04
7.335907E+03	4.614012E-02	9.104691E-04
7.345560E+03	4.640697E-02	9.175293E-04
7.355212E+03	4.665434E-02	9.242254E-04
7.364865E+03	4.687571E-02	9.304258E-04
7.374517E+03	4.707202E-02	9.361459E-04
7.384170E+03	4.724089E-02	9.413351E-04
7.393822E+03	4.737820E-02	9.459080E-04
7.403475E+03	4.748316E-02	9.498451E-04
7.413127E+03	4.755060E-02	9.530388E-04
7.422780E+03	4.758384E-02	9.555513E-04
7.432432E+03	4.757913E-02	9.573032E-04
7.442085E+03	4.753683E-02	9.582969E-04
7.451737E+03	4.745839E-02	9.585576E-04
7.461390E+03	4.734813E-02	9.581682E-04
7.471042E+03	4.720819E-02	9.571683E-04
7.480695E+03	4.704499E-02	9.556848E-04
7.490347E+03	4.686256E-02	9.537970E-04
7.500000E+03	4.666870E-02	9.516616E-04
7.509653E+03	4.646828E-02	9.493767E-04
7.519305E+03	4.626774E-02	9.470733E-04
7.528958E+03	4.607317E-02	9.448762E-04
7.538610E+03	4.589165E-02	9.429313E-04
7.548263E+03	4.572609E-02	9.413004E-04
7.557915E+03	4.558159E-02	9.400903E-04
7.567568E+03	4.545882E-02	9.393171E-04
7.577220E+03	4.535874E-02	9.390032E-04
7.586873E+03	4.528255E-02	9.391764E-04
7.596525E+03	4.522550E-02	9.397402E-04
7.606178E+03	4.518946E-02	9.407361E-04
7.615830E+03	4.516586E-02	9.419878E-04
7.625483E+03	4.515310E-02	9.434631E-04
7.635135E+03	4.514418E-02	9.450165E-04
7.644788E+03	4.513469E-02	9.465563E-04
7.654440E+03	4.511530E-02	9.478865E-04
7.664093E+03	4.508290E-02	9.489399E-04
7.673745E+03	4.503132E-02	9.495854E-04
7.683398E+03	4.495161E-02	9.496315E-04
7.693050E+03	4.484164E-02	9.490298E-04
7.702703E+03	4.469680E-02	9.476793E-04
7.712355E+03	4.451019E-02	9.454293E-04
7.722008E+03	4.428213E-02	9.422819E-04
7.731660E+03	4.400935E-02	9.381626E-04
7.741313E+03	4.369279E-02	9.330864E-04
7.750965E+03	4.333152E-02	9.270285E-04
7.760618E+03	4.292724E-02	9.200200E-04
7.770270E+03	4.248287E-02	9.121188E-04
7.779923E+03	4.200371E-02	9.034346E-04
7.789575E+03	4.149301E-02	8.940333E-04
7.799228E+03	4.095611E-02	8.840265E-04
7.808880E+03	4.040034E-02	8.735701E-04
7.818533E+03	3.983027E-02	8.627607E-04
7.828185E+03	3.925201E-02	8.517295E-04
7.837838E+03	3.867294E-02	8.406360E-04
7.847490E+03	3.809716E-02	8.295693E-04
7.857143E+03	3.752971E-02	8.186400E-04
7.866795E+03	3.697644E-02	8.079770E-04
7.876448E+03	3.643969E-02	7.976329E-04
7.886100E+03	3.592242E-02	7.876749E-04
7.895753E+03	3.542827E-02	7.781852E-04
7.905405E+03	3.495740E-02	7.691699E-04
7.915058E+03	3.451067E-02	7.606506E-04
7.924710E+03	3.408966E-02	7.526651E-04
7.934363E+03	3.369273E-02	7.451801E-04
7.944015E+03	3.332039E-02	7.382100E-04
7.953668E+03	3.297031E-02	7.317055E-04
7.963320E+03	3.264106E-02	7.256376E-04
7.972973E+03	3.233107E-02	7.199739E-04
7.982625E+03	3.203981E-02	7.147045E-04
7.992278E+03	3.176548E-02	7.097918E-04
8.001931E+03	3.150382E-02	7.051419E-04
8.011583E+03	3.125543E-02	7.007705E-04
8.021236E+03	3.101855E-02	6.966390E-04
8.030888E+03	3.079019E-02	6.926819E-04
8.040541E+03	3.056873E-02	6.888634E-04
8.050193E+03	3.035374E-02	6.851750E-04
8.059846E+03	3.014247E-02	6.815549E-04
8.069498E+03	2.993461E-02	6.779970E-04
8.079151E+03	2.972758E-02	6.744431E-04
8.088803E+03	2.952130E-02	6.708913E-04
8.098456E+03	2.931343E-02	6.672888E-04
8.108108E+03	2.910304E-02	6.636139E-04
8.117761E+03	2.889051E-02	6.598757E-04
8.127413E+03	2.867429E-02	6.560378E-04
8.137066E+03	2.845543E-02	6.521242E-04
8.146718E+03	2.823309E-02	6.481155E-04
8.156371E+03	2.800917E-02	6.440550E-04
8.166023E+03	2.778489E-02	6.399705E-04
8.175676E+03	2.755973E-02	6.358501E-04
8.185328E+03	2.733927E-02	6.318227E-04
8.194981E+03	2.712278E-02	6.278721E-04
8.204633E+03	2.691670E-02	6.241480E-04
8.214286E+03	2.672216E-02	6.206779E-04
8.223938E+03	2.654276E-02	6.175469E-04
8.233591E+03	2.638339E-02	6.148712E-04
8.243243E+03	2.624673E-02	6.127152E-04
8.252896E+03	2.613877E-02	6.112221E-04
8.262548E+03	2.605975E-02	6.104007E-04
8.272201E+03	2.601532E-02	6.103872E-04
8.281853E+03	2.600857E-02	6.112586E-04
8.291506E+03	2.604122E-02	6.130595E-04
8.301158E+03	2.611680E-02	6.158783E-04
8.310811E+03	2.623745E-02	6.197703E-04
8.320463E+03	2.640370E-02	6.247544E-04
8.330116E+03	2.661807E-02	6.308954E-04
8.339768E+03	2.688035E-02	6.381944E-04
8.349421E+03	2.719231E-02	6.466994E-04
8.359073E+03	2.755409E-02	6.564201E-04
8.368726E+03	2.796409E-02	6.673248E-04
8.378378E+03	2.842268E-02	6.794281E-04
8.388031E+03	2.892831E-02	6.926992E-04
8.397683E+03	2.947747E-02	7.070604E-04
8.407336E+03	3.006851E-02	7.224776E-04
8.416988E+03	3.069795E-02	7.388723E-04
8.426641E+03	3.136172E-02	7.561514E-04
8.436293E+03	3.205377E-02	7.741736E-04
8.445946E+03	3.277053E-02	7.928558E-04
8.455598E+03	3.350668E-02	8.120725E-04
8.465251E+03	3.425495E-02	8.316497E-04
8.474903E+03	3.501097E-02	8.514831E-04
8.484556E+03	3.576871E-02	8.714267E-04
8.494208E+03	3.652200E-02	8.913305E-04
8.503861E+03	3.726458E-02	9.110406E-04
8.513514E+03	3.798847E-02	9.303607E-04
8.523166E+03	3.868922E-02	9.491792E-04
8.532819E+03	3.936287E-02	9.673958E-04
8.542471E+03	3.999984E-02	9.847711E-04
8.552124E+03	4.059462E-02	1.001165E-03
8.561776E+03	4.114614E-02	1.016545E-03
8.571429E+03	4.164789E-02	1.030745E-03
8.581081E+03	4.209378E-02	1.043607E-03
8.590734E+03	4.248454E-02	1.055142E-03
8.600386E+03	4.281322E-02	1.065170E-03
8.610039E+03	4.308200E-02	1.073737E-03
8.619691E+03	4.328521E-02	1.080694E-03
8.629344E+03	4.342657E-02	1.086124E-03
8.638996E+03	4.350171E-02	1.089911E-03
8.648649E+03	4.351359E-02	1.092119E-03
8.658301E+03	4.346591E-02	1.092833E-03
8.667954E+03	4.335614E-02	1.091981E-03
8.677606E+03	4.319143E-02	1.089736E-03
8.687259E+03	4.297036E-02	1.086054E-03
8.725869E+03	4.163056E-02	1.059554E-03
8.764479E+03	3.978076E-02	1.019529E-03
8.803089E+03	3.773273E-02	9.737432E-04
8.841699E+03	3.575276E-02	9.290012E-04
8.880309E+03	3.402588E-02	8.901735E-04
8.918919E+03	3.264424E-02	8.598166E-04
8.957529E+03	3.163358E-02	8.387923E-04
8.996139E+03	3.097183E-02	8.267050E-04
9.034749E+03	3.060141E-02	8.221887E-04
9.073359E+03	3.043574E-02	8.230521E-04
9.111969E+03	3.038307E-02	8.269015E-04
9.150579E+03	3.035358E-02	8.313324E-04
9.189189E+03	3.028023E-02	8.345054E-04
9.227799E+03	3.013075E-02	8.355007E-04
9.266409E+03	2.991390E-02	8.345211E-04
9.305019E+03	2.965296E-02	8.321838E-04
9.343629E+03	2.936171E-02	8.288553E-04
9.382239E+03	2.902191E-02	8.240013E-04
9.420849E+03	2.856019E-02	8.155030E-04
9.459459E+03	2.789456E-02	8.009476E-04
9.498069E+03	2.696273E-02	7.784415E-04
9.536680E+03	2.576272E-02	7.478054E-04
9.575290E+03	2.435990E-02	7.108272E-04
9.613900E+03	2.284928E-02	6.702085E-04
9.652510E+03	2.132356E-02	6.286413E-04
9.691120E+03	1.983466E-02	5.876667E-04
9.729730E+03	1.841760E-02	5.483524E-04
9.768340E+03	1.708458E-02	5.111039E-04
9.806950E+03	1.583973E-02	4.760894E-04
9.845560E+03	1.468623E-02	4.434502E-04
9.884170E+03	1.362119E-02	4.131448E-04
9.922780E+03	1.264040E-02	3.850874E-04
9.961390E+03	1.174147E-02	3.592459E-04
