#wls	flux	fluxerr
1.591660E+03	1.634346E-04	6.057345E-06
1.631451E+03	1.700605E-04	6.302894E-06
1.671243E+03	1.765986E-04	6.545186E-06
1.711034E+03	1.830666E-04	6.784876E-06
1.750826E+03	1.893366E-04	7.017228E-06
1.790617E+03	1.952903E-04	7.237850E-06
1.830409E+03	2.007268E-04	7.439306E-06
1.870200E+03	2.054329E-04	7.613684E-06
1.909992E+03	2.091034E-04	7.749684E-06
1.949783E+03	2.115536E-04	7.840452E-06
1.989575E+03	2.127399E-04	7.884379E-06
2.029366E+03	2.131838E-04	7.900787E-06
2.069158E+03	2.139453E-04	7.928966E-06
2.108949E+03	2.168170E-04	8.035348E-06
2.148741E+03	2.234884E-04	8.282548E-06
2.188532E+03	2.348868E-04	8.704928E-06
2.228324E+03	2.508656E-04	9.297048E-06
2.268115E+03	2.703521E-04	1.001915E-05
2.307907E+03	2.921039E-04	1.082520E-05
2.347698E+03	3.151055E-04	1.167755E-05
2.387490E+03	3.387990E-04	1.255554E-05
2.427281E+03	3.627414E-04	1.344273E-05
2.467073E+03	3.869486E-04	1.433971E-05
2.506864E+03	4.112833E-04	1.524142E-05
2.546656E+03	4.358232E-04	1.615071E-05
2.586447E+03	4.606054E-04	1.706896E-05
2.626239E+03	4.857966E-04	1.800235E-05
2.666030E+03	5.113615E-04	1.894958E-05
2.705821E+03	5.373091E-04	1.991097E-05
2.745613E+03	5.637755E-04	2.089157E-05
2.785404E+03	5.907431E-04	2.189072E-05
2.825196E+03	6.181740E-04	2.290702E-05
2.864987E+03	6.460114E-04	2.393836E-05
2.904779E+03	6.743427E-04	2.498798E-05
2.944570E+03	7.030851E-04	2.605281E-05
2.984362E+03	7.321383E-04	2.712914E-05
2.994310E+03	7.394607E-04	2.740041E-05
3.004258E+03	7.468201E-04	2.767304E-05
3.014206E+03	7.542145E-04	2.794698E-05
3.024153E+03	7.615657E-04	2.821930E-05
3.034101E+03	7.689861E-04	2.849420E-05
3.044049E+03	7.765055E-04	2.877276E-05
3.053997E+03	7.841126E-04	2.905457E-05
3.063945E+03	7.917976E-04	2.933926E-05
3.073893E+03	7.994639E-04	2.962326E-05
3.083841E+03	8.071880E-04	2.990940E-05
3.093789E+03	8.150489E-04	3.020060E-05
3.103736E+03	8.228636E-04	3.049009E-05
3.113684E+03	8.307116E-04	3.078082E-05
3.123632E+03	8.385855E-04	3.107250E-05
3.133580E+03	8.463901E-04	3.136161E-05
3.143528E+03	8.542947E-04	3.165443E-05
3.153476E+03	8.622050E-04	3.194745E-05
3.163424E+03	8.701151E-04	3.224047E-05
3.173372E+03	8.779304E-04	3.252997E-05
3.183319E+03	8.858234E-04	3.282235E-05
3.193267E+03	8.937001E-04	3.311413E-05
3.203215E+03	9.014655E-04	3.340178E-05
3.213163E+03	9.092947E-04	3.369178E-05
3.223111E+03	9.170939E-04	3.398068E-05
3.233059E+03	9.247685E-04	3.426496E-05
3.243007E+03	9.324943E-04	3.455113E-05
3.252955E+03	9.401782E-04	3.483575E-05
3.262902E+03	9.478163E-04	3.511868E-05
3.272850E+03	9.554052E-04	3.539977E-05
3.282798E+03	9.629420E-04	3.567893E-05
3.292746E+03	9.704228E-04	3.595602E-05
3.302694E+03	9.779359E-04	3.623430E-05
3.312642E+03	9.852973E-04	3.650696E-05
3.322590E+03	9.926849E-04	3.678059E-05
3.332538E+03	1.000006E-03	3.705176E-05
3.342485E+03	1.007258E-03	3.732037E-05
3.352433E+03	1.014439E-03	3.758633E-05
3.362381E+03	1.021547E-03	3.784957E-05
3.372329E+03	1.028669E-03	3.811335E-05
3.382277E+03	1.035713E-03	3.837424E-05
3.392225E+03	1.042677E-03	3.863218E-05
3.402173E+03	1.049649E-03	3.889040E-05
3.412120E+03	1.056448E-03	3.914220E-05
3.422068E+03	1.063252E-03	3.939417E-05
3.432016E+03	1.069968E-03	3.964290E-05
3.441964E+03	1.076685E-03	3.989166E-05
3.451912E+03	1.083311E-03	4.013707E-05
3.461860E+03	1.089846E-03	4.037907E-05
3.471808E+03	1.096376E-03	4.062090E-05
3.481756E+03	1.102811E-03	4.085921E-05
3.491703E+03	1.109150E-03	4.109396E-05
3.501651E+03	1.115480E-03	4.132835E-05
3.511599E+03	1.121711E-03	4.155909E-05
3.521547E+03	1.127842E-03	4.178612E-05
3.531495E+03	1.133959E-03	4.201265E-05
3.541443E+03	1.139974E-03	4.223537E-05
3.551391E+03	1.145972E-03	4.245750E-05
3.561339E+03	1.151866E-03	4.267573E-05
3.571286E+03	1.157654E-03	4.289007E-05
3.581234E+03	1.163422E-03	4.310365E-05
3.591182E+03	1.169169E-03	4.331641E-05
3.601130E+03	1.174806E-03	4.352515E-05
3.611078E+03	1.180335E-03	4.372986E-05
3.621026E+03	1.185839E-03	4.393364E-05
3.630974E+03	1.191232E-03	4.413332E-05
3.640922E+03	1.196598E-03	4.433199E-05
3.650869E+03	1.201852E-03	4.452652E-05
3.660817E+03	1.207077E-03	4.471996E-05
3.670765E+03	1.212271E-03	4.491228E-05
3.680713E+03	1.217270E-03	4.509735E-05
3.690661E+03	1.222319E-03	4.528427E-05
3.700609E+03	1.227254E-03	4.546696E-05
3.710557E+03	1.232074E-03	4.564541E-05
3.720505E+03	1.236861E-03	4.582260E-05
3.730452E+03	1.241533E-03	4.599556E-05
3.740400E+03	1.246170E-03	4.616720E-05
3.750348E+03	1.250771E-03	4.633752E-05
3.760296E+03	1.255257E-03	4.650358E-05
3.770244E+03	1.259628E-03	4.666539E-05
3.780192E+03	1.263964E-03	4.682585E-05
3.790140E+03	1.268184E-03	4.698207E-05
3.800088E+03	1.272368E-03	4.713692E-05
3.810035E+03	1.276515E-03	4.729040E-05
3.819983E+03	1.280548E-03	4.743966E-05
3.829931E+03	1.284468E-03	4.758475E-05
3.839879E+03	1.288352E-03	4.772847E-05
3.849827E+03	1.292123E-03	4.786806E-05
3.859775E+03	1.295859E-03	4.800628E-05
3.869723E+03	1.299484E-03	4.814043E-05
3.879671E+03	1.303000E-03	4.827056E-05
3.889618E+03	1.306482E-03	4.839938E-05
3.899566E+03	1.309928E-03	4.852691E-05
3.909514E+03	1.313196E-03	4.864783E-05
3.919462E+03	1.316432E-03	4.876754E-05
3.929410E+03	1.319635E-03	4.888603E-05
3.939358E+03	1.322664E-03	4.899810E-05
3.949306E+03	1.325664E-03	4.910907E-05
3.959254E+03	1.328633E-03	4.921892E-05
3.969201E+03	1.331436E-03	4.932259E-05
3.979149E+03	1.334211E-03	4.942524E-05
3.989097E+03	1.336825E-03	4.952190E-05
3.999045E+03	1.339414E-03	4.961765E-05
4.008993E+03	1.341979E-03	4.971253E-05
4.018941E+03	1.344389E-03	4.980164E-05
4.028889E+03	1.346713E-03	4.988757E-05
4.038836E+03	1.348953E-03	4.997039E-05
4.048784E+03	1.351176E-03	5.005258E-05
4.058732E+03	1.353255E-03	5.012942E-05
4.068680E+03	1.355257E-03	5.020341E-05
4.078628E+03	1.357183E-03	5.027462E-05
4.088576E+03	1.359038E-03	5.034317E-05
4.098524E+03	1.360823E-03	5.040911E-05
4.108472E+03	1.362540E-03	5.047258E-05
4.118419E+03	1.364132E-03	5.053136E-05
4.128367E+03	1.365661E-03	5.058786E-05
4.138315E+03	1.367071E-03	5.063992E-05
4.148263E+03	1.368486E-03	5.069218E-05
4.158211E+03	1.369728E-03	5.073802E-05
4.168159E+03	1.370980E-03	5.078422E-05
4.178107E+03	1.372066E-03	5.082429E-05
4.188055E+03	1.373169E-03	5.086495E-05
4.198002E+03	1.374113E-03	5.089975E-05
4.207950E+03	1.375020E-03	5.093321E-05
4.217898E+03	1.375836E-03	5.096325E-05
4.227846E+03	1.376564E-03	5.099006E-05
4.237794E+03	1.377265E-03	5.101586E-05
4.247742E+03	1.377829E-03	5.103659E-05
4.257690E+03	1.378374E-03	5.105659E-05
4.267638E+03	1.378845E-03	5.107388E-05
4.277585E+03	1.379192E-03	5.108658E-05
4.287533E+03	1.379530E-03	5.109891E-05
4.297481E+03	1.379752E-03	5.110697E-05
4.307429E+03	1.379917E-03	5.111292E-05
4.317377E+03	1.380030E-03	5.111691E-05
4.327325E+03	1.380040E-03	5.111712E-05
4.337273E+03	1.380057E-03	5.111759E-05
4.347221E+03	1.379928E-03	5.111266E-05
4.357168E+03	1.379762E-03	5.110635E-05
4.367116E+03	1.379563E-03	5.109879E-05
4.377064E+03	1.379282E-03	5.108823E-05
4.387012E+03	1.378976E-03	5.107670E-05
4.396960E+03	1.378546E-03	5.106062E-05
4.406908E+03	1.378098E-03	5.104386E-05
4.416856E+03	1.377586E-03	5.102474E-05
4.426804E+03	1.377063E-03	5.100519E-05
4.436751E+03	1.376435E-03	5.098176E-05
4.446699E+03	1.375755E-03	5.095638E-05
4.456647E+03	1.375074E-03	5.093101E-05
4.466595E+03	1.374301E-03	5.090220E-05
4.476543E+03	1.373535E-03	5.087365E-05
4.486491E+03	1.372683E-03	5.084195E-05
4.496439E+03	1.371799E-03	5.080904E-05
4.506387E+03	1.370838E-03	5.077328E-05
4.516334E+03	1.369898E-03	5.073828E-05
4.526282E+03	1.368887E-03	5.070069E-05
4.536230E+03	1.367858E-03	5.066239E-05
4.546178E+03	1.366766E-03	5.062180E-05
4.556126E+03	1.365662E-03	5.058072E-05
4.566074E+03	1.364502E-03	5.053760E-05
4.576022E+03	1.363335E-03	5.049420E-05
4.585970E+03	1.362119E-03	5.044902E-05
4.595917E+03	1.360901E-03	5.040375E-05
4.605865E+03	1.359641E-03	5.035691E-05
4.615813E+03	1.358384E-03	5.031019E-05
4.625761E+03	1.357090E-03	5.026209E-05
4.635709E+03	1.355760E-03	5.021269E-05
4.645657E+03	1.354398E-03	5.016209E-05
4.655605E+03	1.353049E-03	5.011196E-05
4.665553E+03	1.351672E-03	5.006081E-05
4.675500E+03	1.350269E-03	5.000869E-05
4.685448E+03	1.348843E-03	4.995570E-05
4.695396E+03	1.347437E-03	4.990345E-05
4.705344E+03	1.345969E-03	4.984893E-05
4.715292E+03	1.344524E-03	4.979527E-05
4.725240E+03	1.343063E-03	4.974099E-05
4.735188E+03	1.341586E-03	4.968614E-05
4.745135E+03	1.340096E-03	4.963080E-05
4.755083E+03	1.338634E-03	4.957649E-05
4.765031E+03	1.337121E-03	4.952030E-05
4.774979E+03	1.335598E-03	4.946376E-05
4.784927E+03	1.334107E-03	4.940837E-05
4.794875E+03	1.332569E-03	4.935127E-05
4.804823E+03	1.331065E-03	4.929540E-05
4.814771E+03	1.329555E-03	4.923933E-05
4.824718E+03	1.328003E-03	4.918171E-05
4.834666E+03	1.326487E-03	4.912540E-05
4.844614E+03	1.324968E-03	4.906902E-05
4.854562E+03	1.323449E-03	4.901261E-05
4.864510E+03	1.321930E-03	4.895619E-05
4.874458E+03	1.320410E-03	4.889978E-05
4.884406E+03	1.318893E-03	4.884343E-05
4.894354E+03	1.317377E-03	4.878713E-05
4.904301E+03	1.315863E-03	4.873093E-05
4.914249E+03	1.314352E-03	4.867482E-05
4.924197E+03	1.312843E-03	4.861882E-05
4.934145E+03	1.311375E-03	4.856431E-05
4.944093E+03	1.309874E-03	4.850856E-05
4.954041E+03	1.308412E-03	4.845429E-05
4.963989E+03	1.306954E-03	4.840012E-05
4.973937E+03	1.305498E-03	4.834609E-05
4.983884E+03	1.304046E-03	4.829216E-05
4.993832E+03	1.302597E-03	4.823835E-05
5.003780E+03	1.301149E-03	4.818461E-05
5.013728E+03	1.299740E-03	4.813228E-05
5.023676E+03	1.298296E-03	4.807867E-05
5.033624E+03	1.296889E-03	4.802643E-05
5.043572E+03	1.295482E-03	4.797420E-05
5.053520E+03	1.294076E-03	4.792198E-05
5.063467E+03	1.292703E-03	4.787101E-05
5.073415E+03	1.291293E-03	4.781866E-05
5.083363E+03	1.289916E-03	4.776754E-05
5.093311E+03	1.288536E-03	4.771628E-05
5.103259E+03	1.287186E-03	4.766616E-05
5.113207E+03	1.285796E-03	4.761455E-05
5.123155E+03	1.284434E-03	4.756400E-05
5.133103E+03	1.283066E-03	4.751320E-05
5.143050E+03	1.281723E-03	4.746335E-05
5.152998E+03	1.280371E-03	4.741316E-05
5.162946E+03	1.279009E-03	4.736258E-05
5.172894E+03	1.277636E-03	4.731159E-05
5.182842E+03	1.276284E-03	4.726141E-05
5.192790E+03	1.274918E-03	4.721071E-05
5.202738E+03	1.273538E-03	4.715947E-05
5.212686E+03	1.272176E-03	4.710891E-05
5.222633E+03	1.270796E-03	4.705770E-05
5.232581E+03	1.269432E-03	4.700706E-05
5.242529E+03	1.268049E-03	4.695571E-05
5.252477E+03	1.266644E-03	4.690359E-05
5.262425E+03	1.265252E-03	4.685192E-05
5.272373E+03	1.263837E-03	4.679939E-05
5.282321E+03	1.262431E-03	4.674721E-05
5.292269E+03	1.261000E-03	4.669409E-05
5.302216E+03	1.259542E-03	4.664000E-05
5.312164E+03	1.258090E-03	4.658612E-05
5.322112E+03	1.256642E-03	4.653239E-05
5.332060E+03	1.255164E-03	4.647754E-05
5.342008E+03	1.253656E-03	4.642157E-05
5.351956E+03	1.252148E-03	4.636562E-05
5.361904E+03	1.250639E-03	4.630965E-05
5.371851E+03	1.249097E-03	4.625241E-05
5.381799E+03	1.247551E-03	4.619507E-05
5.391747E+03	1.245969E-03	4.613637E-05
5.401695E+03	1.244349E-03	4.607629E-05
5.411643E+03	1.242756E-03	4.601718E-05
5.421591E+03	1.241123E-03	4.595660E-05
5.431539E+03	1.239449E-03	4.589452E-05
5.441487E+03	1.237766E-03	4.583210E-05
5.451434E+03	1.236073E-03	4.576929E-05
5.461382E+03	1.234336E-03	4.570487E-05
5.471330E+03	1.232586E-03	4.563999E-05
5.481278E+03	1.230823E-03	4.557460E-05
5.491226E+03	1.229046E-03	4.550868E-05
5.501174E+03	1.227221E-03	4.544102E-05
5.511122E+03	1.225379E-03	4.537273E-05
5.521070E+03	1.223489E-03	4.530265E-05
5.531017E+03	1.221613E-03	4.523307E-05
5.540965E+03	1.219685E-03	4.516160E-05
5.550913E+03	1.217738E-03	4.508941E-05
5.560861E+03	1.215738E-03	4.501528E-05
5.570809E+03	1.213749E-03	4.494151E-05
5.580757E+03	1.211705E-03	4.486574E-05
5.590705E+03	1.209638E-03	4.478913E-05
5.600653E+03	1.207547E-03	4.471161E-05
5.610600E+03	1.205431E-03	4.463319E-05
5.620548E+03	1.203290E-03	4.455382E-05
5.630496E+03	1.201123E-03	4.447349E-05
5.640444E+03	1.198928E-03	4.439215E-05
5.650392E+03	1.196676E-03	4.430865E-05
5.660340E+03	1.194425E-03	4.422524E-05
5.670288E+03	1.192115E-03	4.413962E-05
5.680236E+03	1.189806E-03	4.405405E-05
5.690183E+03	1.187466E-03	4.396735E-05
5.700131E+03	1.185065E-03	4.387836E-05
5.710079E+03	1.182664E-03	4.378937E-05
5.720027E+03	1.180230E-03	4.369918E-05
5.729975E+03	1.177763E-03	4.360778E-05
5.739923E+03	1.175263E-03	4.351515E-05
5.749871E+03	1.172730E-03	4.342127E-05
5.759819E+03	1.170162E-03	4.332612E-05
5.769766E+03	1.167559E-03	4.322969E-05
5.779714E+03	1.164952E-03	4.313309E-05
5.789662E+03	1.162308E-03	4.303514E-05
5.799610E+03	1.159629E-03	4.293587E-05
5.809558E+03	1.156912E-03	4.283522E-05
5.819506E+03	1.154158E-03	4.273320E-05
5.829454E+03	1.151397E-03	4.263090E-05
5.839402E+03	1.148597E-03	4.252719E-05
5.849349E+03	1.145759E-03	4.242204E-05
5.859297E+03	1.142882E-03	4.231546E-05
5.869245E+03	1.139995E-03	4.220852E-05
5.879193E+03	1.137068E-03	4.210012E-05
5.889141E+03	1.134101E-03	4.199022E-05
5.899089E+03	1.131124E-03	4.187992E-05
5.909037E+03	1.128104E-03	4.176809E-05
5.918985E+03	1.125074E-03	4.165583E-05
5.928932E+03	1.121971E-03	4.154091E-05
5.938880E+03	1.118856E-03	4.142553E-05
5.948828E+03	1.115728E-03	4.130967E-05
5.958776E+03	1.112556E-03	4.119222E-05
5.968724E+03	1.109341E-03	4.107315E-05
5.978672E+03	1.106112E-03	4.095356E-05
5.988620E+03	1.102839E-03	4.083234E-05
5.998568E+03	1.099550E-03	4.071053E-05
6.008515E+03	1.096216E-03	4.058707E-05
6.018463E+03	1.092867E-03	4.046302E-05
6.028411E+03	1.089471E-03	4.033727E-05
6.038359E+03	1.086058E-03	4.021089E-05
6.048307E+03	1.082599E-03	4.008280E-05
6.058255E+03	1.079093E-03	3.995297E-05
6.068203E+03	1.075569E-03	3.982246E-05
6.078150E+03	1.072025E-03	3.969124E-05
6.088098E+03	1.068434E-03	3.955827E-05
6.098046E+03	1.064823E-03	3.942454E-05
6.107994E+03	1.061163E-03	3.928902E-05
6.117942E+03	1.057481E-03	3.915272E-05
6.127890E+03	1.053751E-03	3.901459E-05
6.137838E+03	1.049998E-03	3.887564E-05
6.147786E+03	1.046223E-03	3.873588E-05
6.157733E+03	1.042397E-03	3.859421E-05
6.167681E+03	1.038548E-03	3.845169E-05
6.177629E+03	1.034646E-03	3.830724E-05
6.187577E+03	1.030721E-03	3.816191E-05
6.197525E+03	1.026770E-03	3.801563E-05
6.207473E+03	1.022766E-03	3.786738E-05
6.217421E+03	1.018735E-03	3.771817E-05
6.227369E+03	1.014678E-03	3.756796E-05
6.237316E+03	1.010566E-03	3.741573E-05
6.247264E+03	1.006427E-03	3.726250E-05
6.257212E+03	1.002259E-03	3.710820E-05
6.267160E+03	9.980352E-04	3.695183E-05
6.277108E+03	9.938091E-04	3.679538E-05
6.287056E+03	9.895265E-04	3.663684E-05
6.297004E+03	9.851866E-04	3.647619E-05
6.306952E+03	9.808431E-04	3.631540E-05
6.316899E+03	9.764427E-04	3.615250E-05
6.326847E+03	9.720108E-04	3.598844E-05
6.336795E+03	9.675485E-04	3.582326E-05
6.346743E+03	9.630286E-04	3.565594E-05
6.356691E+03	9.585047E-04	3.548848E-05
6.366639E+03	9.539241E-04	3.531892E-05
6.376587E+03	9.493134E-04	3.514825E-05
6.386535E+03	9.446737E-04	3.497651E-05
6.396482E+03	9.400051E-04	3.480370E-05
6.406430E+03	9.353094E-04	3.462988E-05
6.416378E+03	9.305873E-04	3.445509E-05
6.426326E+03	9.258149E-04	3.427844E-05
6.436274E+03	9.210445E-04	3.410186E-05
6.446222E+03	9.162525E-04	3.392449E-05
6.456170E+03	9.114150E-04	3.374543E-05
6.466118E+03	9.065855E-04	3.356667E-05
6.476065E+03	9.017148E-04	3.338638E-05
6.486013E+03	8.968556E-04	3.320652E-05
6.495961E+03	8.919600E-04	3.302532E-05
6.505909E+03	8.870804E-04	3.284471E-05
6.515857E+03	8.821687E-04	3.266291E-05
6.525805E+03	8.772774E-04	3.248186E-05
6.535753E+03	8.723838E-04	3.230073E-05
6.545701E+03	8.674895E-04	3.211958E-05
6.555648E+03	8.625974E-04	3.193851E-05
6.565596E+03	8.577095E-04	3.175759E-05
6.575544E+03	8.528277E-04	3.157690E-05
6.585492E+03	8.479787E-04	3.139743E-05
6.595440E+03	8.431157E-04	3.121743E-05
6.605388E+03	8.382886E-04	3.103877E-05
6.615336E+03	8.334760E-04	3.086065E-05
6.625284E+03	8.286793E-04	3.068311E-05
6.635231E+03	8.239236E-04	3.050709E-05
6.645179E+03	8.191635E-04	3.033091E-05
6.655127E+03	8.144476E-04	3.015637E-05
6.665075E+03	8.097543E-04	2.998266E-05
6.675023E+03	8.051083E-04	2.981071E-05
6.684971E+03	8.004868E-04	2.963966E-05
6.694919E+03	7.958695E-04	2.946877E-05
6.704866E+03	7.913257E-04	2.930060E-05
6.714814E+03	7.867884E-04	2.913267E-05
6.724762E+03	7.823036E-04	2.896668E-05
6.734710E+03	7.778505E-04	2.880187E-05
6.744658E+03	7.734523E-04	2.863909E-05
6.754606E+03	7.690876E-04	2.847756E-05
6.764554E+03	7.647571E-04	2.831729E-05
6.774502E+03	7.604843E-04	2.815915E-05
6.784449E+03	7.562253E-04	2.800153E-05
6.794397E+03	7.520476E-04	2.784691E-05
6.804345E+03	7.478852E-04	2.769286E-05
6.814293E+03	7.437838E-04	2.754107E-05
6.824241E+03	7.397431E-04	2.739153E-05
6.834189E+03	7.357205E-04	2.724266E-05
6.844137E+03	7.317599E-04	2.709609E-05
6.854085E+03	7.278616E-04	2.695182E-05
6.864032E+03	7.240051E-04	2.680909E-05
6.873980E+03	7.201910E-04	2.666794E-05
6.883928E+03	7.164192E-04	2.652836E-05
6.893876E+03	7.127117E-04	2.639115E-05
6.903824E+03	7.090689E-04	2.625634E-05
6.913772E+03	7.054492E-04	2.612239E-05
6.923720E+03	7.018944E-04	2.599083E-05
6.933668E+03	6.983845E-04	2.586095E-05
6.943615E+03	6.949401E-04	2.573348E-05
6.953563E+03	6.915417E-04	2.560772E-05
6.963511E+03	6.882090E-04	2.548439E-05
6.973459E+03	6.849018E-04	2.536201E-05
6.983407E+03	6.816614E-04	2.524210E-05
6.993355E+03	6.784676E-04	2.512391E-05
7.003303E+03	6.753411E-04	2.500822E-05
7.013251E+03	6.722610E-04	2.489424E-05
7.023198E+03	6.692282E-04	2.478202E-05
7.033146E+03	6.662432E-04	2.467157E-05
7.043094E+03	6.633254E-04	2.456360E-05
7.053042E+03	6.604552E-04	2.445739E-05
7.062990E+03	6.576334E-04	2.435298E-05
7.072938E+03	6.548790E-04	2.425106E-05
7.082886E+03	6.521534E-04	2.415022E-05
7.092834E+03	6.494954E-04	2.405187E-05
7.102781E+03	6.468862E-04	2.395533E-05
7.112729E+03	6.443258E-04	2.386059E-05
7.122677E+03	6.418137E-04	2.376765E-05
7.132625E+03	6.393506E-04	2.367652E-05
7.142573E+03	6.369559E-04	2.358792E-05
7.152521E+03	6.346102E-04	2.350113E-05
7.162469E+03	6.322944E-04	2.341545E-05
7.172417E+03	6.300466E-04	2.333229E-05
7.182364E+03	6.278485E-04	2.325097E-05
7.192312E+03	6.256993E-04	2.317147E-05
7.202260E+03	6.235810E-04	2.309310E-05
7.212208E+03	6.215311E-04	2.301727E-05
7.222156E+03	6.195307E-04	2.294327E-05
7.232104E+03	6.175794E-04	2.287109E-05
7.242052E+03	6.156783E-04	2.280076E-05
7.252000E+03	6.138082E-04	2.273159E-05
7.261947E+03	6.120065E-04	2.266495E-05
7.271895E+03	6.102361E-04	2.259946E-05
7.281843E+03	6.085341E-04	2.253651E-05
7.291791E+03	6.068634E-04	2.247472E-05
7.301739E+03	6.052423E-04	2.241477E-05
7.311687E+03	6.036718E-04	2.235668E-05
7.321635E+03	6.021513E-04	2.230046E-05
7.331583E+03	6.006620E-04	2.224538E-05
7.341530E+03	5.992229E-04	2.219216E-05
7.351478E+03	5.978341E-04	2.214081E-05
7.361426E+03	5.964956E-04	2.209132E-05
7.371374E+03	5.952076E-04	2.204370E-05
7.381322E+03	5.939509E-04	2.199724E-05
7.391270E+03	5.927448E-04	2.195265E-05
7.401218E+03	5.915706E-04	2.190924E-05
7.411165E+03	5.904466E-04	2.186770E-05
7.421113E+03	5.893732E-04	2.182802E-05
7.431061E+03	5.883502E-04	2.179022E-05
7.441009E+03	5.873593E-04	2.175360E-05
7.450957E+03	5.864188E-04	2.171884E-05
7.460905E+03	5.855105E-04	2.168529E-05
7.470853E+03	5.846528E-04	2.165360E-05
7.480801E+03	5.838273E-04	2.162310E-05
7.490748E+03	5.830520E-04	2.159447E-05
7.500696E+03	5.823274E-04	2.156771E-05
7.510644E+03	5.816353E-04	2.154216E-05
7.520592E+03	5.809752E-04	2.151779E-05
7.530540E+03	5.803837E-04	2.149596E-05
7.540488E+03	5.798066E-04	2.147467E-05
7.550436E+03	5.792799E-04	2.145524E-05
7.560384E+03	5.788038E-04	2.143768E-05
7.570331E+03	5.783599E-04	2.142132E-05
7.580279E+03	5.779483E-04	2.140616E-05
7.590227E+03	5.775870E-04	2.139285E-05
7.600175E+03	5.772581E-04	2.138075E-05
7.610123E+03	5.769790E-04	2.137049E-05
7.620071E+03	5.767324E-04	2.136143E-05
7.630019E+03	5.765178E-04	2.135357E-05
7.639967E+03	5.763538E-04	2.134757E-05
7.649914E+03	5.762214E-04	2.134274E-05
7.659862E+03	5.761391E-04	2.133977E-05
7.669810E+03	5.760701E-04	2.133730E-05
7.679758E+03	5.760698E-04	2.133736E-05
7.689706E+03	5.760825E-04	2.133791E-05
7.699654E+03	5.761450E-04	2.134030E-05
7.709602E+03	5.762578E-04	2.134456E-05
7.719550E+03	5.763828E-04	2.134927E-05
7.729497E+03	5.765577E-04	2.135583E-05
7.739445E+03	5.767633E-04	2.136352E-05
7.749393E+03	5.770185E-04	2.137305E-05
7.759341E+03	5.773044E-04	2.138372E-05
7.769289E+03	5.776207E-04	2.139551E-05
7.779237E+03	5.779672E-04	2.140842E-05
7.789185E+03	5.783626E-04	2.142314E-05
7.799133E+03	5.787879E-04	2.143898E-05
7.809080E+03	5.792427E-04	2.145590E-05
7.819028E+03	5.797460E-04	2.147462E-05
7.828976E+03	5.802590E-04	2.149370E-05
7.838924E+03	5.808206E-04	2.151458E-05
7.848872E+03	5.814294E-04	2.153721E-05
7.858820E+03	5.820475E-04	2.156018E-05
7.868768E+03	5.827129E-04	2.158491E-05
7.878716E+03	5.834062E-04	2.161066E-05
7.888663E+03	5.841459E-04	2.163814E-05
7.898611E+03	5.848936E-04	2.166591E-05
7.908559E+03	5.856869E-04	2.169538E-05
7.918507E+03	5.865068E-04	2.172582E-05
7.928455E+03	5.873523E-04	2.175722E-05
7.938403E+03	5.882431E-04	2.179030E-05
7.948351E+03	5.891587E-04	2.182429E-05
7.958299E+03	5.900991E-04	2.185920E-05
7.968246E+03	5.910630E-04	2.189498E-05
7.978194E+03	5.920713E-04	2.193241E-05
7.988142E+03	5.930816E-04	2.196991E-05
7.998090E+03	5.941556E-04	2.200977E-05
8.008038E+03	5.952307E-04	2.204967E-05
8.017986E+03	5.963270E-04	2.209036E-05
8.027934E+03	5.974651E-04	2.213260E-05
8.037882E+03	5.986225E-04	2.217555E-05
8.047829E+03	5.998209E-04	2.222002E-05
8.057777E+03	6.010167E-04	2.226439E-05
8.067725E+03	6.022520E-04	2.231023E-05
8.077673E+03	6.035044E-04	2.235670E-05
8.087621E+03	6.047946E-04	2.240457E-05
8.097569E+03	6.060793E-04	2.245224E-05
8.107517E+03	6.074004E-04	2.250126E-05
8.117464E+03	6.087574E-04	2.255160E-05
8.127412E+03	6.101067E-04	2.260166E-05
8.137360E+03	6.114896E-04	2.265297E-05
8.147308E+03	6.128844E-04	2.270472E-05
8.157256E+03	6.142903E-04	2.275688E-05
8.167204E+03	6.157275E-04	2.281019E-05
8.177152E+03	6.171739E-04	2.286385E-05
8.187100E+03	6.186507E-04	2.291864E-05
8.197047E+03	6.201121E-04	2.297285E-05
8.206995E+03	6.216016E-04	2.302811E-05
8.216943E+03	6.231186E-04	2.308438E-05
8.226891E+03	6.246170E-04	2.313997E-05
8.236839E+03	6.261402E-04	2.319647E-05
8.246787E+03	6.276885E-04	2.325391E-05
8.256735E+03	6.292140E-04	2.331050E-05
8.266683E+03	6.307618E-04	2.336792E-05
8.276630E+03	6.323306E-04	2.342611E-05
8.286578E+03	6.338732E-04	2.348333E-05
8.296526E+03	6.354584E-04	2.354214E-05
8.306474E+03	6.370136E-04	2.359982E-05
8.316422E+03	6.385863E-04	2.365817E-05
8.326370E+03	6.401498E-04	2.371616E-05
8.336318E+03	6.417285E-04	2.377473E-05
8.346266E+03	6.432954E-04	2.383285E-05
8.356213E+03	6.448748E-04	2.389144E-05
8.366161E+03	6.464400E-04	2.394950E-05
8.376109E+03	6.479897E-04	2.400699E-05
8.386057E+03	6.495479E-04	2.406479E-05
8.396005E+03	6.510876E-04	2.412191E-05
8.405953E+03	6.526325E-04	2.417922E-05
8.415901E+03	6.541560E-04	2.423574E-05
8.425849E+03	6.556567E-04	2.429141E-05
8.435796E+03	6.571587E-04	2.434713E-05
8.445744E+03	6.586606E-04	2.440285E-05
8.455692E+03	6.601353E-04	2.445756E-05
8.465640E+03	6.615804E-04	2.451117E-05
8.475588E+03	6.630210E-04	2.456462E-05
8.485536E+03	6.644561E-04	2.461786E-05
8.495484E+03	6.658568E-04	2.466983E-05
8.505432E+03	6.672219E-04	2.472048E-05
8.515379E+03	6.685768E-04	2.477075E-05
8.525327E+03	6.699198E-04	2.482058E-05
8.535275E+03	6.712225E-04	2.486892E-05
8.545223E+03	6.724824E-04	2.491567E-05
8.555171E+03	6.737538E-04	2.496285E-05
8.565119E+03	6.749517E-04	2.500730E-05
8.575067E+03	6.761582E-04	2.505208E-05
8.585015E+03	6.773159E-04	2.509504E-05
8.594962E+03	6.784225E-04	2.513611E-05
8.604910E+03	6.795051E-04	2.517629E-05
8.614858E+03	6.805621E-04	2.521553E-05
8.624806E+03	6.815636E-04	2.525271E-05
8.634754E+03	6.825365E-04	2.528883E-05
8.644702E+03	6.834796E-04	2.532384E-05
8.654650E+03	6.843621E-04	2.535661E-05
8.664598E+03	6.852112E-04	2.538814E-05
8.674545E+03	6.859963E-04	2.541729E-05
8.684493E+03	6.867756E-04	2.544624E-05
8.694441E+03	6.874874E-04	2.547268E-05
8.704389E+03	6.881302E-04	2.549657E-05
8.714337E+03	6.887634E-04	2.552010E-05
8.724285E+03	6.893240E-04	2.554094E-05
8.734233E+03	6.898423E-04	2.556021E-05
8.744180E+03	6.902846E-04	2.557667E-05
8.754128E+03	6.907133E-04	2.559262E-05
8.764076E+03	6.910629E-04	2.560564E-05
8.774024E+03	6.913648E-04	2.561689E-05
8.783972E+03	6.915846E-04	2.562510E-05
8.793920E+03	6.917862E-04	2.563264E-05
8.803868E+03	6.919360E-04	2.563826E-05
8.813816E+03	6.920003E-04	2.564070E-05
8.823763E+03	6.920097E-04	2.564112E-05
8.833711E+03	6.919637E-04	2.563948E-05
8.843659E+03	6.918613E-04	2.563575E-05
8.853607E+03	6.917011E-04	2.562988E-05
8.863555E+03	6.914824E-04	2.562184E-05
8.873503E+03	6.912043E-04	2.561160E-05
8.883451E+03	6.908315E-04	2.559785E-05
8.893399E+03	6.904305E-04	2.558306E-05
8.903346E+03	6.899675E-04	2.556596E-05
8.913294E+03	6.894068E-04	2.554525E-05
8.923242E+03	6.888157E-04	2.552341E-05
8.933190E+03	6.881601E-04	2.549918E-05
8.943138E+03	6.874384E-04	2.547250E-05
8.953086E+03	6.866506E-04	2.544337E-05
8.992877E+03	6.828189E-04	2.530163E-05
9.032669E+03	6.779806E-04	2.512258E-05
9.072460E+03	6.722358E-04	2.490993E-05
9.112252E+03	6.654474E-04	2.465861E-05
9.152043E+03	6.577349E-04	2.437303E-05
9.191835E+03	6.491034E-04	2.405339E-05
9.231626E+03	6.396440E-04	2.370306E-05
9.271418E+03	6.293404E-04	2.332143E-05
9.311209E+03	6.183020E-04	2.291257E-05
9.351001E+03	6.066069E-04	2.247935E-05
9.390792E+03	5.942995E-04	2.202344E-05
9.430584E+03	5.814299E-04	2.154668E-05
9.470375E+03	5.680515E-04	2.105106E-05
9.510167E+03	5.543040E-04	2.054175E-05
9.549958E+03	5.402063E-04	2.001944E-05
9.589750E+03	5.258615E-04	1.948798E-05
9.629541E+03	5.112923E-04	1.894818E-05
9.669333E+03	4.966024E-04	1.840390E-05
9.709124E+03	4.818144E-04	1.785598E-05
9.748916E+03	4.670300E-04	1.730818E-05
9.788707E+03	4.522693E-04	1.676125E-05
9.828499E+03	4.375905E-04	1.621734E-05
9.868290E+03	4.230490E-04	1.567851E-05
9.908082E+03	4.086586E-04	1.514528E-05
9.947873E+03	3.945074E-04	1.462090E-05
9.987665E+03	3.806028E-04	1.410566E-05
1.002746E+04	3.669872E-04	1.360112E-05
1.006725E+04	3.536624E-04	1.310735E-05
1.010704E+04	3.406995E-04	1.262698E-05
1.014683E+04	3.280581E-04	1.215853E-05
1.018662E+04	3.158014E-04	1.170432E-05
1.022641E+04	3.039523E-04	1.126522E-05
1.026621E+04	2.924633E-04	1.083946E-05
