#wls	flux	flux_err
3628.2834	2.3064e-15	6.0784e-17
3630.5709	2.3011e-15	6.0784e-17
3632.8583	2.2959e-15	6.0784e-17
3635.1458	2.2914e-15	6.0784e-17
3637.4332	2.2878e-15	6.0784e-17
3639.7207	2.2850e-15	6.0784e-17
3642.0081	2.2822e-15	6.0784e-17
3644.2956	2.2787e-15	6.0784e-17
3646.5830	2.2748e-15	6.0784e-17
3648.8705	2.2723e-15	6.0784e-17
3651.1580	2.2698e-15	6.0784e-17
3653.4454	2.2680e-15	6.1032e-17
3655.7329	2.2677e-15	5.7590e-17
3658.0203	2.2680e-15	5.4073e-17
3660.3078	2.2673e-15	5.8372e-17
3662.5952	2.2661e-15	6.4382e-17
3664.8827	2.2649e-15	6.6777e-17
3667.1701	2.2638e-15	6.9039e-17
3669.4576	2.2635e-15	6.8590e-17
3671.7450	2.2650e-15	6.8635e-17
3674.0325	2.2684e-15	6.7707e-17
3676.3199	2.2738e-15	6.7482e-17
3678.6074	2.2820e-15	6.7157e-17
3680.8949	2.2918e-15	6.6292e-17
3683.1823	2.3032e-15	6.2292e-17
3685.4698	2.3155e-15	6.0396e-17
3687.7572	2.3287e-15	5.7496e-17
3690.0447	2.3420e-15	5.4480e-17
3692.3321	2.3556e-15	5.2826e-17
3694.6196	2.3696e-15	5.3629e-17
3696.9070	2.3839e-15	5.4122e-17
3699.1945	2.3988e-15	5.4231e-17
3701.4819	2.4139e-15	5.5141e-17
3703.7694	2.4307e-15	5.7147e-17
3706.0568	2.4482e-15	5.5584e-17
3708.3443	2.4664e-15	5.0445e-17
3710.6318	2.4841e-15	4.2481e-17
3712.9192	2.5017e-15	3.8384e-17
3715.2067	2.5179e-15	3.5491e-17
3717.4941	2.5334e-15	3.8612e-17
3719.7816	2.5479e-15	3.9749e-17
3722.0690	2.5621e-15	4.0796e-17
3724.3565	2.5755e-15	4.6106e-17
3726.6439	2.5878e-15	5.0113e-17
3728.9314	2.5984e-15	5.4816e-17
3731.2188	2.6076e-15	6.5054e-17
3733.5063	2.6144e-15	7.6020e-17
3735.7937	2.6193e-15	7.9414e-17
3738.0812	2.6228e-15	7.9871e-17
3740.3686	2.6245e-15	7.9167e-17
3742.6561	2.6238e-15	7.8843e-17
3744.9436	2.6217e-15	8.2402e-17
3747.2310	2.6177e-15	8.7290e-17
3749.5185	2.6134e-15	9.0132e-17
3751.8059	2.6082e-15	9.2000e-17
3754.0934	2.6034e-15	9.1647e-17
3756.3808	2.5988e-15	9.0308e-17
3758.6683	2.5952e-15	8.9324e-17
3760.9557	2.5908e-15	8.9232e-17
3763.2432	2.5860e-15	8.9064e-17
3765.5306	2.5814e-15	8.8705e-17
3767.8181	2.5760e-15	8.9240e-17
3770.1055	2.5697e-15	9.0489e-17
3772.3930	2.5624e-15	9.1588e-17
3774.6805	2.5545e-15	9.2538e-17
3776.9679	2.5449e-15	9.2827e-17
3779.2554	2.5342e-15	8.4151e-17
3781.5428	2.5214e-15	6.7234e-17
3783.8303	2.5078e-15	5.4677e-17
3786.1177	2.4938e-15	4.7040e-17
3788.4052	2.4793e-15	4.7061e-17
3790.6926	2.4650e-15	4.8005e-17
3792.9801	2.4514e-15	4.7900e-17
3795.2675	2.4365e-15	4.5851e-17
3797.5550	2.4210e-15	4.4495e-17
3799.8424	2.4050e-15	4.4614e-17
3802.1299	2.3875e-15	4.9674e-17
3804.4173	2.3692e-15	5.4414e-17
3806.7048	2.3511e-15	6.4273e-17
3808.9923	2.3331e-15	7.5646e-17
3811.2797	2.3148e-15	8.3244e-17
3813.5672	2.2961e-15	8.8167e-17
3815.8546	2.2778e-15	8.9623e-17
3818.1421	2.2603e-15	8.7657e-17
3820.4295	2.2430e-15	8.5191e-17
3822.7170	2.2261e-15	8.4002e-17
3825.0044	2.2117e-15	8.2751e-17
3827.2919	2.1995e-15	8.6390e-17
3829.5793	2.1888e-15	9.0266e-17
3831.8668	2.1799e-15	9.4479e-17
3834.1542	2.1730e-15	9.7532e-17
3836.4417	2.1680e-15	1.0026e-16
3838.7292	2.1634e-15	1.0367e-16
3841.0166	2.1602e-15	1.0546e-16
3843.3041	2.1597e-15	1.0699e-16
3845.5915	2.1614e-15	1.0848e-16
3847.8790	2.1629e-15	1.0884e-16
3850.1664	2.1654e-15	1.0715e-16
3852.4539	2.1685e-15	1.0485e-16
3854.7413	2.1707e-15	9.8392e-17
3857.0288	2.1720e-15	8.7068e-17
3859.3162	2.1741e-15	7.2234e-17
3861.6037	2.1766e-15	5.3958e-17
3863.8911	2.1797e-15	3.3976e-17
3866.1786	2.1839e-15	3.6925e-17
3868.4661	2.1893e-15	5.9141e-17
3870.7535	2.1955e-15	7.6359e-17
3873.0410	2.2031e-15	9.0719e-17
3875.3284	2.2109e-15	1.0320e-16
3877.6159	2.2174e-15	1.0894e-16
3879.9033	2.2232e-15	1.1137e-16
3882.1908	2.2282e-15	1.1316e-16
3884.4782	2.2327e-15	1.1405e-16
3886.7657	2.2373e-15	1.1212e-16
3889.0531	2.2421e-15	1.1036e-16
3891.3406	2.2470e-15	1.0793e-16
3893.6280	2.2521e-15	1.0425e-16
3895.9155	2.2577e-15	1.0080e-16
3898.2029	2.2635e-15	9.9371e-17
3900.4904	2.2708e-15	9.8762e-17
3902.7779	2.2774e-15	9.6571e-17
3905.0653	2.2843e-15	9.3117e-17
3907.3528	2.2894e-15	9.6013e-17
3909.6402	2.2937e-15	1.0151e-16
3911.9277	2.2959e-15	1.0463e-16
3914.2151	2.2977e-15	1.1034e-16
3916.5026	2.2982e-15	1.1154e-16
3918.7900	2.2978e-15	1.0931e-16
3921.0775	2.2962e-15	1.0363e-16
3923.3649	2.2945e-15	9.4348e-17
3925.6524	2.2927e-15	8.7287e-17
3927.9398	2.2899e-15	8.1433e-17
3930.2273	2.2853e-15	7.4931e-17
3932.5148	2.2788e-15	6.8195e-17
3934.8022	2.2709e-15	6.4693e-17
3937.0897	2.2606e-15	6.2672e-17
3939.3771	2.2490e-15	6.0669e-17
3941.6646	2.2384e-15	6.0301e-17
3943.9520	2.2280e-15	6.1214e-17
3946.2395	2.2180e-15	6.2160e-17
3948.5269	2.2092e-15	6.4641e-17
3950.8144	2.2018e-15	6.5740e-17
3953.1018	2.1945e-15	6.4555e-17
3955.3893	2.1881e-15	5.9764e-17
3957.6767	2.1824e-15	5.3868e-17
3959.9642	2.1777e-15	5.0412e-17
3962.2517	2.1738e-15	4.4143e-17
3964.5391	2.1708e-15	3.9435e-17
3966.8266	2.1685e-15	3.8320e-17
3969.1140	2.1670e-15	3.9440e-17
3971.4015	2.1667e-15	4.0318e-17
3973.6889	2.1667e-15	4.2161e-17
3975.9764	2.1680e-15	4.2662e-17
3978.2638	2.1715e-15	4.2649e-17
3980.5513	2.1779e-15	4.4100e-17
3982.8387	2.1854e-15	4.4606e-17
3985.1262	2.1940e-15	4.6129e-17
3987.4136	2.2041e-15	4.6883e-17
3989.7011	2.2143e-15	4.7318e-17
3991.9885	2.2228e-15	4.7038e-17
3994.2760	2.2309e-15	4.7497e-17
3996.5635	2.2383e-15	4.7321e-17
3998.8509	2.2444e-15	4.6301e-17
4001.1384	2.2497e-15	4.6402e-17
4003.4258	2.2551e-15	4.6687e-17
4005.7133	2.2598e-15	4.7848e-17
4008.0007	2.2643e-15	4.9311e-17
4010.2882	2.2690e-15	5.1321e-17
4012.5756	2.2744e-15	5.0646e-17
4014.8631	2.2802e-15	4.8900e-17
4017.1505	2.2865e-15	4.6747e-17
4019.4380	2.2933e-15	4.5217e-17
4021.7254	2.3011e-15	4.5438e-17
4024.0129	2.3086e-15	4.7578e-17
4026.3004	2.3157e-15	4.8957e-17
4028.5878	2.3235e-15	4.9963e-17
4030.8753	2.3325e-15	4.9336e-17
4033.1627	2.3419e-15	4.6347e-17
4035.4502	2.3519e-15	4.3915e-17
4037.7376	2.3629e-15	4.2290e-17
4040.0251	2.3735e-15	4.1944e-17
4042.3125	2.3838e-15	4.1705e-17
4044.6000	2.3935e-15	4.0539e-17
4046.8874	2.4032e-15	4.0295e-17
4049.1749	2.4131e-15	3.9947e-17
4051.4623	2.4224e-15	3.9614e-17
4053.7498	2.4314e-15	3.7238e-17
4056.0373	2.4401e-15	3.2018e-17
4058.3247	2.4483e-15	2.4298e-17
4060.6122	2.4555e-15	2.4178e-17
4062.8996	2.4621e-15	2.6810e-17
4065.1871	2.4681e-15	3.5367e-17
4067.4745	2.4734e-15	4.1963e-17
4069.7620	2.4783e-15	4.5297e-17
4072.0494	2.4823e-15	4.8702e-17
4074.3369	2.4863e-15	5.0466e-17
4076.6243	2.4898e-15	4.8251e-17
4078.9118	2.4933e-15	4.6476e-17
4081.1992	2.4960e-15	4.6708e-17
4083.4867	2.4982e-15	4.8242e-17
4085.7741	2.4993e-15	4.9747e-17
4088.0616	2.4998e-15	5.0828e-17
4090.3491	2.4999e-15	5.1042e-17
4092.6365	2.4995e-15	5.0546e-17
4094.9240	2.4987e-15	5.0168e-17
4097.2114	2.4978e-15	4.9429e-17
4099.4989	2.4960e-15	4.8553e-17
4101.7863	2.4934e-15	4.8482e-17
4104.0738	2.4891e-15	4.9096e-17
4106.3612	2.4838e-15	4.9664e-17
4108.6487	2.4775e-15	5.0487e-17
4110.9361	2.4708e-15	5.0225e-17
4113.2236	2.4636e-15	4.7361e-17
4115.5110	2.4565e-15	4.3659e-17
4117.7985	2.4499e-15	3.9108e-17
4120.0860	2.4438e-15	3.1528e-17
4122.3734	2.4372e-15	2.4461e-17
4124.6609	2.4293e-15	2.3119e-17
4126.9483	2.4214e-15	2.3464e-17
4129.2358	2.4125e-15	2.3637e-17
4131.5232	2.4028e-15	2.2350e-17
4133.8107	2.3928e-15	2.0141e-17
4136.0981	2.3833e-15	1.9048e-17
4138.3856	2.3746e-15	1.8941e-17
4140.6730	2.3663e-15	1.8888e-17
4142.9605	2.3585e-15	1.9464e-17
4145.2479	2.3517e-15	1.7956e-17
4147.5354	2.3459e-15	1.7494e-17
4149.8229	2.3397e-15	1.9104e-17
4152.1103	2.3346e-15	2.0580e-17
4154.3978	2.3304e-15	2.3529e-17
4156.6852	2.3264e-15	2.3934e-17
4158.9727	2.3229e-15	2.4490e-17
4161.2601	2.3204e-15	2.4028e-17
4163.5476	2.3182e-15	2.4266e-17
4165.8350	2.3167e-15	2.4201e-17
4168.1225	2.3162e-15	2.4190e-17
4170.4099	2.3164e-15	2.3880e-17
4172.6974	2.3183e-15	2.3864e-17
4174.9848	2.3213e-15	2.3254e-17
4177.2723	2.3257e-15	2.2321e-17
4179.5597	2.3310e-15	2.2189e-17
4181.8472	2.3369e-15	2.2497e-17
4184.1347	2.3432e-15	2.2663e-17
4186.4221	2.3502e-15	2.2673e-17
4188.7096	2.3568e-15	2.2587e-17
4190.9970	2.3635e-15	2.1510e-17
4193.2845	2.3706e-15	1.9841e-17
4195.5719	2.3777e-15	1.9906e-17
4197.8594	2.3849e-15	1.9237e-17
4200.1468	2.3934e-15	1.8490e-17
4202.4343	2.4026e-15	1.4998e-17
4204.7217	2.4122e-15	1.3207e-17
4207.0092	2.4216e-15	1.1613e-17
4209.2966	2.4312e-15	1.0487e-17
4211.5841	2.4405e-15	8.2601e-18
4213.8716	2.4495e-15	9.2157e-18
4216.1590	2.4582e-15	1.4066e-17
4218.4465	2.4662e-15	1.6288e-17
4220.7339	2.4730e-15	1.8213e-17
4223.0214	2.4796e-15	2.1813e-17
4225.3088	2.4854e-15	2.2906e-17
4227.5963	2.4901e-15	2.4183e-17
4229.8837	2.4938e-15	2.6606e-17
4232.1712	2.4968e-15	2.8287e-17
4234.4586	2.4976e-15	2.9797e-17
4236.7461	2.4969e-15	3.0518e-17
4239.0335	2.4954e-15	3.1049e-17
4241.3210	2.4931e-15	3.0692e-17
4243.6085	2.4897e-15	2.9926e-17
4245.8959	2.4857e-15	2.9543e-17
4248.1834	2.4811e-15	2.8693e-17
4250.4708	2.4768e-15	2.8466e-17
4252.7583	2.4719e-15	2.7935e-17
4255.0457	2.4662e-15	2.7526e-17
4257.3332	2.4596e-15	2.9399e-17
4259.6206	2.4528e-15	3.2165e-17
4261.9081	2.4454e-15	3.5795e-17
4264.1955	2.4380e-15	3.8903e-17
4266.4830	2.4317e-15	4.3045e-17
4268.7704	2.4255e-15	4.5507e-17
4271.0579	2.4178e-15	4.5132e-17
4273.3453	2.4092e-15	4.5284e-17
4275.6328	2.3998e-15	4.4389e-17
4277.9203	2.3892e-15	4.1611e-17
4280.2077	2.3786e-15	3.8652e-17
4282.4952	2.3686e-15	3.5229e-17
4284.7826	2.3590e-15	3.2111e-17
4287.0701	2.3493e-15	2.7646e-17
4289.3575	2.3398e-15	2.2891e-17
4291.6450	2.3300e-15	2.1797e-17
4293.9324	2.3206e-15	2.3431e-17
4296.2199	2.3120e-15	2.8172e-17
4298.5073	2.3042e-15	3.5154e-17
4300.7948	2.2966e-15	3.9474e-17
4303.0822	2.2893e-15	4.3080e-17
4305.3697	2.2815e-15	4.6366e-17
4307.6572	2.2730e-15	4.8354e-17
4309.9446	2.2642e-15	4.8080e-17
4312.2321	2.2557e-15	4.7084e-17
4314.5195	2.2471e-15	4.4068e-17
4316.8070	2.2390e-15	4.1271e-17
4319.0944	2.2312e-15	3.9523e-17
4321.3819	2.2234e-15	3.7893e-17
4323.6693	2.2163e-15	3.7276e-17
4325.9568	2.2096e-15	3.7288e-17
4328.2442	2.2033e-15	3.7128e-17
4330.5317	2.1975e-15	3.6364e-17
4332.8191	2.1913e-15	3.4263e-17
4335.1066	2.1851e-15	3.2516e-17
4337.3941	2.1785e-15	3.2846e-17
4339.6815	2.1717e-15	3.3761e-17
4341.9690	2.1646e-15	3.3791e-17
4344.2564	2.1576e-15	3.3320e-17
4346.5439	2.1496e-15	3.1048e-17
4348.8313	2.1409e-15	2.9269e-17
4351.1188	2.1320e-15	2.7430e-17
4353.4062	2.1224e-15	2.5824e-17
4355.6937	2.1122e-15	2.4166e-17
4357.9811	2.1016e-15	2.2906e-17
4360.2686	2.0906e-15	2.1197e-17
4362.5560	2.0789e-15	2.0264e-17
4364.8435	2.0664e-15	1.8755e-17
4367.1309	2.0533e-15	1.8433e-17
4369.4184	2.0396e-15	1.8376e-17
4371.7059	2.0252e-15	1.8758e-17
4373.9933	2.0101e-15	2.1652e-17
4376.2808	1.9943e-15	2.4986e-17
4378.5682	1.9779e-15	3.0383e-17
4380.8557	1.9618e-15	3.2647e-17
4383.1431	1.9462e-15	3.2498e-17
4385.4306	1.9307e-15	3.1361e-17
4387.7180	1.9160e-15	3.0753e-17
4390.0055	1.9028e-15	3.1049e-17
4392.2929	1.8899e-15	3.1206e-17
4394.5804	1.8767e-15	3.1632e-17
4396.8678	1.8645e-15	3.3195e-17
4399.1553	1.8524e-15	3.4040e-17
4401.4428	1.8401e-15	3.3463e-17
4403.7302	1.8291e-15	3.2390e-17
4406.0177	1.8199e-15	3.2198e-17
4408.3051	1.8118e-15	3.2512e-17
4410.5926	1.8049e-15	3.3631e-17
4412.8800	1.7991e-15	3.4295e-17
4415.1675	1.7933e-15	3.4398e-17
4417.4549	1.7881e-15	3.4625e-17
4419.7424	1.7828e-15	3.4512e-17
4422.0298	1.7768e-15	3.2993e-17
4424.3173	1.7709e-15	3.0745e-17
4426.6047	1.7656e-15	2.2934e-17
4428.8922	1.7603e-15	1.5473e-17
4431.1797	1.7552e-15	1.3403e-17
4433.4671	1.7512e-15	1.4987e-17
4435.7546	1.7477e-15	1.9686e-17
4438.0420	1.7446e-15	2.5814e-17
4440.3295	1.7413e-15	3.1455e-17
4442.6169	1.7389e-15	3.5605e-17
4444.9044	1.7376e-15	3.7940e-17
4447.1918	1.7367e-15	3.9503e-17
4449.4793	1.7357e-15	4.0150e-17
4451.7667	1.7352e-15	3.9464e-17
4454.0542	1.7353e-15	3.8945e-17
4456.3416	1.7352e-15	3.8284e-17
4458.6291	1.7354e-15	3.6575e-17
4460.9165	1.7360e-15	3.6114e-17
4463.2040	1.7369e-15	3.6206e-17
4465.4915	1.7376e-15	3.5234e-17
4467.7789	1.7385e-15	3.5508e-17
4470.0664	1.7404e-15	3.7102e-17
4472.3538	1.7428e-15	3.7370e-17
4474.6413	1.7463e-15	3.9342e-17
4476.9287	1.7510e-15	4.4525e-17
4479.2162	1.7567e-15	4.8250e-17
4481.5036	1.7629e-15	4.9920e-17
4483.7911	1.7699e-15	5.0760e-17
4486.0785	1.7773e-15	4.9538e-17
4488.3660	1.7856e-15	4.6428e-17
4490.6534	1.7950e-15	4.2786e-17
4492.9409	1.8044e-15	3.8407e-17
4495.2284	1.8140e-15	3.3922e-17
4497.5158	1.8240e-15	2.9415e-17
4499.8033	1.8339e-15	2.6566e-17
4502.0907	1.8427e-15	2.5349e-17
4504.3782	1.8521e-15	2.4649e-17
4506.6656	1.8620e-15	2.4223e-17
4508.9531	1.8718e-15	2.5103e-17
4511.2405	1.8812e-15	2.7474e-17
4513.5280	1.8909e-15	2.9198e-17
4515.8154	1.9005e-15	3.1118e-17
4518.1029	1.9093e-15	3.3585e-17
4520.3903	1.9178e-15	3.7717e-17
4522.6778	1.9253e-15	4.1310e-17
4524.9653	1.9317e-15	4.1709e-17
4527.2527	1.9374e-15	4.1906e-17
4529.5402	1.9422e-15	4.2972e-17
4531.8276	1.9464e-15	4.1873e-17
4534.1151	1.9502e-15	4.0292e-17
4536.4025	1.9534e-15	3.9270e-17
4538.6900	1.9549e-15	3.7853e-17
4540.9774	1.9558e-15	3.7249e-17
4543.2649	1.9551e-15	3.7187e-17
4545.5523	1.9535e-15	3.6180e-17
4547.8398	1.9515e-15	3.4158e-17
4550.1272	1.9488e-15	3.3223e-17
4552.4147	1.9451e-15	3.3118e-17
4554.7021	1.9411e-15	3.4651e-17
4556.9896	1.9364e-15	3.7726e-17
4559.2771	1.9308e-15	3.9883e-17
4561.5645	1.9244e-15	4.3152e-17
4563.8520	1.9174e-15	4.5743e-17
4566.1394	1.9099e-15	4.6989e-17
4568.4269	1.9018e-15	4.9738e-17
4570.7143	1.8929e-15	5.1363e-17
4573.0018	1.8831e-15	4.9809e-17
4575.2892	1.8729e-15	4.6600e-17
4577.5767	1.8624e-15	4.2827e-17
4579.8641	1.8519e-15	3.7753e-17
4582.1516	1.8416e-15	3.2825e-17
4584.4390	1.8321e-15	2.9217e-17
4586.7265	1.8231e-15	2.6923e-17
4589.0140	1.8142e-15	2.4614e-17
4591.3014	1.8061e-15	2.4980e-17
4593.5889	1.7994e-15	2.5411e-17
4595.8763	1.7936e-15	2.6569e-17
4598.1638	1.7892e-15	2.7527e-17
4600.4512	1.7863e-15	2.8411e-17
4602.7387	1.7849e-15	2.9429e-17
4605.0261	1.7842e-15	3.0571e-17
4607.3136	1.7850e-15	3.2357e-17
4609.6010	1.7866e-15	3.3662e-17
4611.8885	1.7890e-15	3.6249e-17
4614.1759	1.7918e-15	3.7441e-17
4616.4634	1.7953e-15	3.6054e-17
4618.7508	1.7994e-15	3.2405e-17
4621.0383	1.8052e-15	3.0604e-17
4623.3258	1.8126e-15	2.8949e-17
4625.6132	1.8208e-15	2.4886e-17
4627.9007	1.8300e-15	2.4091e-17
4630.1881	1.8396e-15	2.3644e-17
4632.4756	1.8487e-15	2.2300e-17
4634.7630	1.8573e-15	2.0341e-17
4637.0505	1.8661e-15	1.9957e-17
4639.3379	1.8749e-15	2.0260e-17
4641.6254	1.8835e-15	2.1864e-17
4643.9128	1.8913e-15	2.4881e-17
4646.2003	1.8983e-15	2.8029e-17
4648.4877	1.9045e-15	2.9422e-17
4650.7752	1.9095e-15	2.9856e-17
4653.0627	1.9134e-15	2.9817e-17
4655.3501	1.9170e-15	2.9992e-17
4657.6376	1.9197e-15	3.0357e-17
4659.9250	1.9216e-15	3.0065e-17
4662.2125	1.9227e-15	3.0304e-17
4664.4999	1.9225e-15	3.0428e-17
4666.7874	1.9216e-15	3.0870e-17
4669.0748	1.9198e-15	3.1386e-17
4671.3623	1.9173e-15	3.1467e-17
4673.6497	1.9139e-15	3.1364e-17
4675.9372	1.9101e-15	3.1053e-17
4678.2246	1.9056e-15	3.0534e-17
4680.5121	1.9007e-15	3.0667e-17
4682.7996	1.8955e-15	3.0742e-17
4685.0870	1.8909e-15	3.1197e-17
4687.3745	1.8858e-15	3.1210e-17
4689.6619	1.8800e-15	3.1414e-17
4691.9494	1.8749e-15	2.9420e-17
4694.2368	1.8696e-15	2.5541e-17
4696.5243	1.8635e-15	2.0898e-17
4698.8117	1.8581e-15	1.6034e-17
4701.0992	1.8539e-15	1.3818e-17
4703.3866	1.8499e-15	1.5328e-17
4705.6741	1.8463e-15	1.7495e-17
4707.9615	1.8432e-15	1.7659e-17
4710.2490	1.8412e-15	1.7622e-17
4712.5364	1.8394e-15	1.7679e-17
4714.8239	1.8385e-15	1.7700e-17
4717.1114	1.8389e-15	1.7885e-17
4719.3988	1.8406e-15	1.8024e-17
4721.6863	1.8437e-15	1.8256e-17
4723.9737	1.8482e-15	1.8221e-17
4726.2612	1.8525e-15	1.8265e-17
4728.5486	1.8570e-15	1.8225e-17
4730.8361	1.8619e-15	1.8478e-17
4733.1235	1.8668e-15	1.8840e-17
4735.4110	1.8721e-15	1.9252e-17
4737.6984	1.8787e-15	1.8047e-17
4739.9859	1.8858e-15	1.6255e-17
4742.2733	1.8935e-15	1.3280e-17
4744.5608	1.9015e-15	1.1412e-17
4746.8483	1.9101e-15	1.0593e-17
4749.1357	1.9189e-15	1.0867e-17
4751.4232	1.9281e-15	1.0610e-17
4753.7106	1.9371e-15	8.9843e-18
4755.9981	1.9459e-15	8.9945e-18
4758.2855	1.9543e-15	1.0739e-17
4760.5730	1.9617e-15	1.6635e-17
4762.8604	1.9683e-15	2.0699e-17
4765.1479	1.9743e-15	2.3844e-17
4767.4353	1.9788e-15	2.6084e-17
4769.7228	1.9819e-15	2.6262e-17
4772.0102	1.9847e-15	2.6068e-17
4774.2977	1.9862e-15	2.5049e-17
4776.5852	1.9869e-15	2.4000e-17
4778.8726	1.9875e-15	2.3748e-17
4781.1601	1.9882e-15	2.3933e-17
4783.4475	1.9882e-15	2.5308e-17
4785.7350	1.9877e-15	2.7518e-17
4788.0224	1.9862e-15	3.1248e-17
4790.3099	1.9833e-15	3.3826e-17
4792.5973	1.9785e-15	3.5033e-17
4794.8848	1.9724e-15	3.5526e-17
4797.1722	1.9652e-15	3.5527e-17
4799.4597	1.9577e-15	3.6036e-17
4801.7471	1.9493e-15	3.6058e-17
4804.0346	1.9406e-15	3.6601e-17
4806.3220	1.9311e-15	3.6947e-17
4808.6095	1.9207e-15	3.6867e-17
4810.8970	1.9098e-15	3.5466e-17
4813.1844	1.8992e-15	3.2029e-17
4815.4719	1.8884e-15	2.7874e-17
4817.7593	1.8777e-15	2.6311e-17
4820.0468	1.8667e-15	2.6977e-17
4822.3342	1.8555e-15	2.7689e-17
4824.6217	1.8435e-15	2.8205e-17
4826.9091	1.8307e-15	2.9055e-17
4829.1966	1.8176e-15	3.0246e-17
4831.4840	1.8051e-15	3.1256e-17
4833.7715	1.7929e-15	3.1042e-17
4836.0589	1.7809e-15	2.8608e-17
4838.3464	1.7695e-15	2.6612e-17
4840.6339	1.7581e-15	2.5567e-17
4842.9213	1.7471e-15	2.5345e-17
4845.2088	1.7363e-15	2.6104e-17
4847.4962	1.7263e-15	2.4761e-17
4849.7837	1.7174e-15	2.5866e-17
4852.0711	1.7095e-15	2.8270e-17
4854.3586	1.7019e-15	2.9453e-17
4856.6460	1.6948e-15	2.7630e-17
4858.9335	1.6880e-15	2.5808e-17
4861.2209	1.6817e-15	2.7045e-17
4863.5084	1.6764e-15	2.8866e-17
4865.7958	1.6716e-15	3.0353e-17
4868.0833	1.6674e-15	3.0188e-17
4870.3708	1.6638e-15	2.9923e-17
4872.6582	1.6604e-15	2.9587e-17
4874.9457	1.6572e-15	2.8716e-17
4877.2331	1.6545e-15	2.7801e-17
4879.5206	1.6526e-15	2.6976e-17
4881.8080	1.6507e-15	2.6727e-17
4884.0955	1.6485e-15	2.6723e-17
4886.3829	1.6461e-15	2.6926e-17
4888.6704	1.6439e-15	2.7103e-17
4890.9578	1.6414e-15	2.7132e-17
4893.2453	1.6393e-15	2.6686e-17
4895.5327	1.6378e-15	2.6953e-17
4897.8202	1.6359e-15	2.5829e-17
4900.1076	1.6336e-15	2.1815e-17
4902.3951	1.6308e-15	1.7810e-17
4904.6826	1.6281e-15	1.7163e-17
4906.9700	1.6256e-15	1.6892e-17
4909.2575	1.6235e-15	1.6042e-17
4911.5449	1.6227e-15	1.3982e-17
4913.8324	1.6221e-15	1.1080e-17
4916.1198	1.6216e-15	1.1526e-17
4918.4073	1.6211e-15	1.2199e-17
4920.6947	1.6200e-15	1.3807e-17
4922.9822	1.6176e-15	1.5732e-17
4925.2696	1.6157e-15	1.6734e-17
4927.5571	1.6139e-15	1.6910e-17
4929.8445	1.6121e-15	1.6827e-17
4932.1320	1.6110e-15	1.6828e-17
4934.4195	1.6102e-15	1.6625e-17
4936.7069	1.6090e-15	1.6394e-17
4938.9944	1.6078e-15	1.6304e-17
4941.2818	1.6066e-15	1.5876e-17
4943.5693	1.6053e-15	1.4991e-17
4945.8567	1.6038e-15	1.3947e-17
4948.1442	1.6021e-15	1.2666e-17
4950.4316	1.5998e-15	1.2381e-17
4952.7191	1.5970e-15	1.1914e-17
4955.0065	1.5935e-15	1.1468e-17
4957.2940	1.5897e-15	1.1501e-17
4959.5814	1.5860e-15	1.1767e-17
4961.8689	1.5820e-15	1.2271e-17
4964.1564	1.5773e-15	1.4018e-17
4966.4438	1.5725e-15	1.6151e-17
4968.7313	1.5678e-15	1.6752e-17
4971.0187	1.5623e-15	1.7085e-17
4973.3062	1.5569e-15	1.7331e-17
4975.5936	1.5519e-15	1.7258e-17
4977.8811	1.5465e-15	1.6910e-17
4980.1685	1.5401e-15	1.6871e-17
4982.4560	1.5334e-15	1.7624e-17
4984.7434	1.5258e-15	1.8659e-17
4987.0309	1.5179e-15	1.8680e-17
4989.3183	1.5098e-15	1.8943e-17
4991.6058	1.5025e-15	1.8975e-17
4993.8932	1.4955e-15	1.8976e-17
4996.1807	1.4887e-15	1.9004e-17
4998.4682	1.4819e-15	1.9026e-17
5000.7556	1.4750e-15	1.8703e-17
5003.0431	1.4676e-15	1.9015e-17
5005.3305	1.4598e-15	2.0653e-17
5007.6180	1.4519e-15	2.3044e-17
5009.9054	1.4435e-15	2.5641e-17
5012.1929	1.4352e-15	2.7383e-17
5014.4803	1.4275e-15	2.7531e-17
5016.7678	1.4201e-15	2.6601e-17
5019.0552	1.4127e-15	2.4261e-17
5021.3427	1.4052e-15	2.1671e-17
5023.6301	1.3972e-15	2.0175e-17
5025.9176	1.3892e-15	1.9976e-17
5028.2051	1.3807e-15	2.0830e-17
5030.4925	1.3719e-15	2.1956e-17
5032.7800	1.3630e-15	2.2857e-17
5035.0674	1.3542e-15	2.3940e-17
5037.3549	1.3452e-15	2.5098e-17
5039.6423	1.3368e-15	2.6397e-17
5041.9298	1.3290e-15	2.7839e-17
5044.2172	1.3218e-15	2.9314e-17
5046.5047	1.3153e-15	3.0542e-17
5048.7921	1.3093e-15	3.1113e-17
5051.0796	1.3033e-15	3.0906e-17
5053.3670	1.2975e-15	2.9980e-17
5055.6545	1.2919e-15	2.8610e-17
5057.9420	1.2866e-15	2.7422e-17
5060.2294	1.2815e-15	2.6251e-17
5062.5169	1.2766e-15	2.5348e-17
5064.8043	1.2719e-15	2.5213e-17
5067.0918	1.2673e-15	2.5443e-17
5069.3792	1.2632e-15	2.5673e-17
5071.6667	1.2597e-15	2.5874e-17
5073.9541	1.2568e-15	2.5899e-17
5076.2416	1.2548e-15	2.5750e-17
5078.5290	1.2534e-15	2.5544e-17
5080.8165	1.2521e-15	2.5378e-17
5083.1039	1.2510e-15	2.5721e-17
5085.3914	1.2498e-15	2.6729e-17
5087.6788	1.2484e-15	2.6915e-17
5089.9663	1.2467e-15	2.5168e-17
5092.2538	1.2450e-15	2.2423e-17
5094.5412	1.2431e-15	2.1280e-17
5096.8287	1.2412e-15	2.2646e-17
5099.1161	1.2397e-15	2.4801e-17
5101.4036	1.2386e-15	2.6922e-17
5103.6910	1.2377e-15	2.8250e-17
5105.9785	1.2373e-15	2.8087e-17
5108.2659	1.2374e-15	2.7211e-17
5110.5534	1.2374e-15	2.6377e-17
5112.8408	1.2377e-15	2.5780e-17
5115.1283	1.2378e-15	2.5535e-17
5117.4157	1.2374e-15	2.5517e-17
5119.7032	1.2366e-15	2.5523e-17
5121.9907	1.2357e-15	2.5510e-17
5124.2781	1.2349e-15	2.5553e-17
5126.5656	1.2345e-15	2.5613e-17
5128.8530	1.2346e-15	2.5603e-17
5131.1405	1.2352e-15	2.4861e-17
5133.4279	1.2361e-15	2.2327e-17
5135.7154	1.2369e-15	1.9094e-17
5138.0028	1.2374e-15	1.7669e-17
5140.2903	1.2375e-15	1.8331e-17
5142.5777	1.2373e-15	1.9122e-17
5144.8652	1.2370e-15	1.8477e-17
5147.1526	1.2369e-15	1.6618e-17
5149.4401	1.2370e-15	1.4154e-17
5151.7276	1.2372e-15	1.2352e-17
5154.0150	1.2373e-15	1.2435e-17
5156.3025	1.2371e-15	1.3540e-17
5158.5899	1.2364e-15	1.4690e-17
5160.8774	1.2352e-15	1.5117e-17
5163.1648	1.2335e-15	1.4815e-17
5165.4523	1.2315e-15	1.4450e-17
5167.7397	1.2292e-15	1.4415e-17
5170.0272	1.2270e-15	1.5085e-17
5172.3146	1.2248e-15	1.5921e-17
5174.6021	1.2225e-15	1.6330e-17
5176.8895	1.2203e-15	1.6458e-17
5179.1770	1.2183e-15	1.6393e-17
5181.4644	1.2169e-15	1.6390e-17
5183.7519	1.2158e-15	1.6530e-17
5186.0394	1.2150e-15	1.6571e-17
5188.3268	1.2147e-15	1.6417e-17
5190.6143	1.2147e-15	1.5899e-17
5192.9017	1.2146e-15	1.5297e-17
5195.1892	1.2146e-15	1.5188e-17
5197.4766	1.2146e-15	1.5546e-17
5199.7641	1.2143e-15	1.5558e-17
5202.0515	1.2140e-15	1.4591e-17
5204.3390	1.2139e-15	1.3551e-17
5206.6264	1.2143e-15	1.4108e-17
5208.9139	1.2154e-15	1.6047e-17
5211.2013	1.2171e-15	1.7636e-17
5213.4888	1.2188e-15	1.8084e-17
5215.7763	1.2202e-15	1.8069e-17
5218.0637	1.2212e-15	1.8235e-17
5220.3512	1.2218e-15	1.8358e-17
5222.6386	1.2221e-15	1.8267e-17
5224.9261	1.2225e-15	1.8140e-17
5227.2135	1.2231e-15	1.8387e-17
5229.5010	1.2242e-15	1.9009e-17
5231.7884	1.2260e-15	1.9355e-17
5234.0759	1.2285e-15	1.9277e-17
5236.3633	1.2318e-15	1.9187e-17
5238.6508	1.2353e-15	1.9291e-17
5240.9382	1.2389e-15	1.9549e-17
5243.2257	1.2420e-15	1.9553e-17
5245.5132	1.2446e-15	1.9081e-17
5247.8006	1.2467e-15	1.8558e-17
5250.0881	1.2489e-15	1.8588e-17
5252.3755	1.2511e-15	1.9148e-17
5254.6630	1.2534e-15	1.9179e-17
5256.9504	1.2555e-15	1.8290e-17
5259.2379	1.2574e-15	1.7432e-17
5261.5253	1.2593e-15	1.7171e-17
5263.8128	1.2611e-15	1.7170e-17
5266.1002	1.2631e-15	1.7095e-17
5268.3877	1.2654e-15	1.7177e-17
5270.6751	1.2678e-15	1.7808e-17
5272.9626	1.2703e-15	1.8667e-17
5275.2500	1.2724e-15	1.8964e-17
5277.5375	1.2740e-15	1.8428e-17
5279.8250	1.2750e-15	1.7872e-17
5282.1124	1.2754e-15	1.7831e-17
5284.3999	1.2754e-15	1.8072e-17
5286.6873	1.2753e-15	1.8372e-17
5288.9748	1.2753e-15	1.8428e-17
5291.2622	1.2754e-15	1.8258e-17
5293.5497	1.2758e-15	1.8160e-17
5295.8371	1.2764e-15	1.8251e-17
5298.1246	1.2767e-15	1.8901e-17
5300.4120	1.2768e-15	2.0105e-17
5302.6995	1.2767e-15	2.1344e-17
5304.9869	1.2765e-15	2.2237e-17
5307.2744	1.2763e-15	2.2287e-17
5309.5619	1.2759e-15	2.1855e-17
5311.8493	1.2755e-15	2.1919e-17
5314.1368	1.2752e-15	2.2669e-17
5316.4242	1.2748e-15	2.3555e-17
5318.7117	1.2745e-15	2.3686e-17
5320.9991	1.2743e-15	2.3220e-17
5323.2866	1.2741e-15	2.2857e-17
5325.5740	1.2737e-15	2.2527e-17
5327.8615	1.2730e-15	2.2110e-17
5330.1489	1.2718e-15	2.1945e-17
5332.4364	1.2701e-15	2.1963e-17
5334.7238	1.2682e-15	2.1719e-17
5337.0113	1.2662e-15	2.1369e-17
5339.2987	1.2644e-15	2.1338e-17
5341.5862	1.2629e-15	2.1518e-17
5343.8737	1.2616e-15	2.1635e-17
5346.1611	1.2604e-15	2.1316e-17
5348.4486	1.2592e-15	2.0437e-17
5350.7360	1.2579e-15	1.8961e-17
5353.0235	1.2566e-15	1.6815e-17
5355.3109	1.2553e-15	1.5115e-17
5357.5984	1.2542e-15	1.4865e-17
5359.8858	1.2532e-15	1.5302e-17
5362.1733	1.2521e-15	1.5120e-17
5364.4607	1.2510e-15	1.3894e-17
5366.7482	1.2498e-15	1.2950e-17
5369.0356	1.2485e-15	1.2841e-17
5371.3231	1.2471e-15	1.2805e-17
5373.6106	1.2460e-15	1.2724e-17
5375.8980	1.2452e-15	1.2722e-17
5378.1855	1.2446e-15	1.2458e-17
5380.4729	1.2443e-15	1.1951e-17
5382.7604	1.2442e-15	1.1847e-17
5385.0478	1.2443e-15	1.1970e-17
5387.3353	1.2442e-15	1.1801e-17
5389.6227	1.2438e-15	1.1692e-17
5391.9102	1.2429e-15	1.2019e-17
5394.1976	1.2415e-15	1.2767e-17
5396.4851	1.2398e-15	1.3345e-17
5398.7725	1.2377e-15	1.3584e-17
5401.0600	1.2353e-15	1.4066e-17
5403.3475	1.2325e-15	1.5142e-17
5405.6349	1.2294e-15	1.6441e-17
5407.9224	1.2259e-15	1.7195e-17
5410.2098	1.2218e-15	1.7062e-17
5412.4973	1.2173e-15	1.6161e-17
5414.7847	1.2124e-15	1.5243e-17
5417.0722	1.2071e-15	1.5268e-17
5419.3596	1.2016e-15	1.6066e-17
5421.6471	1.1960e-15	1.7132e-17
5423.9345	1.1904e-15	1.7946e-17
5426.2220	1.1848e-15	1.8110e-17
5428.5094	1.1790e-15	1.7728e-17
5430.7969	1.1732e-15	1.6992e-17
5433.0843	1.1673e-15	1.6339e-17
5435.3718	1.1611e-15	1.6097e-17
5437.6593	1.1545e-15	1.6190e-17
5439.9467	1.1476e-15	1.6639e-17
5442.2342	1.1407e-15	1.7461e-17
5444.5216	1.1340e-15	1.8475e-17
5446.8091	1.1277e-15	1.9172e-17
5449.0965	1.1215e-15	1.9300e-17
5451.3840	1.1154e-15	1.8872e-17
5453.6714	1.1092e-15	1.7859e-17
5455.9589	1.1029e-15	1.6260e-17
5458.2463	1.0967e-15	1.4206e-17
5460.5338	1.0906e-15	1.2559e-17
5462.8212	1.0845e-15	1.2274e-17
5465.1087	1.0785e-15	1.2713e-17
5467.3962	1.0724e-15	1.3097e-17
5469.6836	1.0662e-15	1.3274e-17
5471.9711	1.0599e-15	1.3510e-17
5474.2585	1.0536e-15	1.4106e-17
5476.5460	1.0475e-15	1.4835e-17
5478.8334	1.0416e-15	1.5521e-17
5481.1209	1.0362e-15	1.6214e-17
5483.4083	1.0314e-15	1.7084e-17
5485.6958	1.0272e-15	1.8107e-17
5487.9832	1.0234e-15	1.9038e-17
5490.2707	1.0197e-15	1.9555e-17
5492.5581	1.0161e-15	1.9245e-17
5494.8456	1.0127e-15	1.8296e-17
5497.1331	1.0097e-15	1.7078e-17
5499.4205	1.0070e-15	1.5578e-17
5501.7080	1.0047e-15	1.4415e-17
5503.9954	1.0027e-15	1.4851e-17
5506.2829	1.0009e-15	1.6180e-17
5508.5703	9.9944e-16	1.7351e-17
5510.8578	9.9816e-16	1.8382e-17
5513.1452	9.9705e-16	1.9186e-17
5515.4327	9.9616e-16	1.9680e-17
5517.7201	9.9548e-16	2.0154e-17
5520.0076	9.9497e-16	2.0788e-17
5522.2950	9.9458e-16	2.1235e-17
5524.5825	9.9420e-16	2.1254e-17
5526.8699	9.9369e-16	2.0851e-17
5529.1574	9.9295e-16	2.0173e-17
5531.4449	9.9201e-16	1.9750e-17
5533.7323	9.9099e-16	1.9715e-17
5536.0198	9.9012e-16	1.9707e-17
5538.3072	9.8968e-16	1.9298e-17
5540.5947	9.8976e-16	1.8509e-17
5542.8821	9.9026e-16	1.7779e-17
5545.1696	9.9113e-16	1.7277e-17
5547.4570	9.9227e-16	1.7104e-17
5549.7445	9.9348e-16	1.7081e-17
5552.0319	9.9459e-16	1.6475e-17
5554.3194	9.9542e-16	1.5499e-17
5556.6068	9.9583e-16	1.4812e-17
5558.8943	9.9592e-16	1.4237e-17
5561.1818	9.9597e-16	1.3754e-17
5563.4692	9.9616e-16	1.3427e-17
5565.7567	9.9668e-16	1.3027e-17
5568.0441	9.9768e-16	1.2254e-17
5570.3316	9.9899e-16	1.1305e-17
5572.6190	1.0003e-15	1.0647e-17
5574.9065	1.0016e-15	1.0441e-17
5577.1939	1.0029e-15	1.0562e-17
5579.4814	1.0040e-15	1.0189e-17
5581.7688	1.0050e-15	9.1367e-18
5584.0563	1.0059e-15	7.6612e-18
5586.3437	1.0067e-15	6.2034e-18
5588.6312	1.0074e-15	5.6010e-18
5590.9187	1.0081e-15	5.5933e-18
5593.2061	1.0085e-15	5.9620e-18
5595.4936	1.0087e-15	6.6808e-18
5597.7810	1.0086e-15	7.6038e-18
5600.0685	1.0082e-15	8.4247e-18
5602.3559	1.0074e-15	8.6267e-18
5604.6434	1.0064e-15	8.2524e-18
5606.9308	1.0048e-15	8.0630e-18
5609.2183	1.0026e-15	8.3033e-18
5611.5057	9.9979e-16	8.7242e-18
5613.7932	9.9647e-16	8.9308e-18
5616.0806	9.9285e-16	8.9083e-18
5618.3681	9.8910e-16	8.9500e-18
5620.6555	9.8518e-16	8.9708e-18
5622.9430	9.8095e-16	8.9185e-18
5625.2305	9.7646e-16	8.9004e-18
5627.5179	9.7175e-16	9.2498e-18
5629.8054	9.6681e-16	9.5333e-18
5632.0928	9.6170e-16	9.1889e-18
5634.3803	9.5666e-16	9.0131e-18
5636.6677	9.5183e-16	9.6431e-18
5638.9552	9.4725e-16	1.0888e-17
5641.2426	9.4299e-16	1.1745e-17
5643.5301	9.3901e-16	1.1645e-17
5645.8175	9.3525e-16	1.1074e-17
5648.1050	9.3167e-16	1.0283e-17
5650.3924	9.2814e-16	9.5318e-18
5652.6799	9.2437e-16	9.2256e-18
5654.9674	9.2034e-16	9.4965e-18
5657.2548	9.1623e-16	1.0388e-17
5659.5423	9.1221e-16	1.1413e-17
5661.8297	9.0855e-16	1.1969e-17
5664.1172	9.0562e-16	1.2161e-17
5666.4046	9.0352e-16	1.2256e-17
5668.6921	9.0219e-16	1.2288e-17
5670.9795	9.0163e-16	1.2118e-17
5673.2670	9.0171e-16	1.1560e-17
5675.5544	9.0237e-16	1.0339e-17
5677.8419	9.0365e-16	8.8917e-18
5680.1293	9.0541e-16	8.7455e-18
5682.4168	9.0742e-16	9.3747e-18
5684.7043	9.0957e-16	9.5781e-18
5686.9917	9.1195e-16	9.3078e-18
5689.2792	9.1461e-16	9.0568e-18
5691.5666	9.1750e-16	9.2382e-18
5693.8541	9.2046e-16	1.0291e-17
5696.1415	9.2350e-16	1.2883e-17
5698.4290	9.2664e-16	1.5747e-17
5700.7164	9.2990e-16	1.7565e-17
5703.0039	9.3338e-16	1.7990e-17
5705.2913	9.3721e-16	1.7359e-17
5707.5788	9.4136e-16	1.6307e-17
5709.8662	9.4572e-16	1.5477e-17
5712.1537	9.5017e-16	1.4961e-17
5714.4411	9.5457e-16	1.4598e-17
5716.7286	9.5874e-16	1.4395e-17
5719.0161	9.6252e-16	1.4128e-17
5721.3035	9.6578e-16	1.3655e-17
5723.5910	9.6856e-16	1.3179e-17
5725.8784	9.7109e-16	1.2910e-17
5728.1659	9.7367e-16	1.2806e-17
5730.4533	9.7646e-16	1.3247e-17
5732.7408	9.7945e-16	1.4547e-17
5735.0282	9.8258e-16	1.6924e-17
5737.3157	9.8576e-16	1.9997e-17
5739.6031	9.8881e-16	2.2904e-17
5741.8906	9.9169e-16	2.4977e-17
5744.1780	9.9442e-16	2.5552e-17
5746.4655	9.9694e-16	2.4801e-17
5748.7530	9.9910e-16	2.3734e-17
5751.0404	1.0008e-15	2.3124e-17
5753.3279	1.0022e-15	2.2988e-17
5755.6153	1.0034e-15	2.3115e-17
5757.9028	1.0045e-15	2.3334e-17
5760.1902	1.0057e-15	2.3512e-17
5762.4777	1.0070e-15	2.3438e-17
5764.7651	1.0083e-15	2.2921e-17
5767.0526	1.0096e-15	2.2184e-17
5769.3400	1.0106e-15	2.1294e-17
5771.6275	1.0117e-15	2.0057e-17
5773.9149	1.0128e-15	1.8827e-17
5776.2024	1.0139e-15	1.8300e-17
5778.4899	1.0150e-15	1.8334e-17
5780.7773	1.0161e-15	1.8431e-17
5783.0648	1.0173e-15	1.8025e-17
5785.3522	1.0182e-15	1.6853e-17
5787.6397	1.0191e-15	1.5345e-17
5789.9271	1.0203e-15	1.3861e-17
5792.2146	1.0217e-15	1.2541e-17
5794.5020	1.0232e-15	1.1311e-17
5796.7895	1.0251e-15	1.0058e-17
5799.0769	1.0271e-15	9.5599e-18
5801.3644	1.0292e-15	1.0425e-17
5803.6518	1.0310e-15	1.1581e-17
5805.9393	1.0326e-15	1.2326e-17
5808.2267	1.0342e-15	1.2765e-17
5810.5142	1.0358e-15	1.2952e-17
5812.8017	1.0373e-15	1.2981e-17
5815.0891	1.0387e-15	1.3033e-17
5817.3766	1.0399e-15	1.3122e-17
5819.6640	1.0406e-15	1.3119e-17
5821.9515	1.0409e-15	1.3059e-17
5824.2389	1.0410e-15	1.3014e-17
5826.5264	1.0414e-15	1.3004e-17
5828.8138	1.0421e-15	1.3020e-17
5831.1013	1.0430e-15	1.3004e-17
5833.3887	1.0440e-15	1.2861e-17
5835.6762	1.0451e-15	1.2361e-17
5837.9636	1.0458e-15	1.1171e-17
5840.2511	1.0460e-15	9.2228e-18
5842.5386	1.0457e-15	7.2936e-18
5844.8260	1.0449e-15	6.4827e-18
5847.1135	1.0433e-15	6.8752e-18
5849.4009	1.0412e-15	7.7716e-18
5851.6884	1.0389e-15	8.2447e-18
5853.9758	1.0367e-15	8.2506e-18
5856.2633	1.0347e-15	7.9998e-18
5858.5507	1.0331e-15	7.6918e-18
5860.8382	1.0317e-15	8.2297e-18
5863.1256	1.0304e-15	9.2507e-18
5865.4131	1.0293e-15	9.7902e-18
5867.7005	1.0282e-15	1.0056e-17
5869.9880	1.0270e-15	1.0151e-17
5872.2755	1.0259e-15	1.0056e-17
5874.5629	1.0247e-15	1.0242e-17
5876.8504	1.0234e-15	1.0854e-17
5879.1378	1.0222e-15	1.1395e-17
5881.4253	1.0211e-15	1.1744e-17
5883.7127	1.0200e-15	1.1791e-17
5886.0002	1.0191e-15	1.1525e-17
5888.2876	1.0182e-15	1.1395e-17
5890.5751	1.0173e-15	1.1376e-17
5892.8625	1.0162e-15	1.1399e-17
5895.1500	1.0150e-15	1.1563e-17
5897.4374	1.0138e-15	1.1690e-17
5899.7249	1.0124e-15	1.1655e-17
5902.0123	1.0109e-15	1.1503e-17
5904.2998	1.0094e-15	1.1399e-17
5906.5873	1.0078e-15	1.1418e-17
5908.8747	1.0058e-15	1.1375e-17
5911.1622	1.0035e-15	1.1741e-17
5913.4496	1.0006e-15	1.2780e-17
5915.7371	9.9743e-16	1.4179e-17
5918.0245	9.9419e-16	1.5472e-17
5920.3120	9.9127e-16	1.6184e-17
5922.5994	9.8887e-16	1.6292e-17
5924.8869	9.8693e-16	1.6094e-17
5927.1743	9.8520e-16	1.5949e-17
5929.4618	9.8339e-16	1.5864e-17
5931.7492	9.8139e-16	1.5830e-17
5934.0367	9.7919e-16	1.5874e-17
5936.3242	9.7680e-16	1.5827e-17
5938.6116	9.7445e-16	1.5840e-17
5940.8991	9.7234e-16	1.6105e-17
5943.1865	9.7042e-16	1.6480e-17
5945.4740	9.6862e-16	1.6741e-17
5947.7614	9.6692e-16	1.7231e-17
5950.0489	9.6522e-16	1.8142e-17
5952.3363	9.6343e-16	1.9052e-17
5954.6238	9.6159e-16	1.9773e-17
5956.9112	9.5986e-16	2.0093e-17
5959.1987	9.5833e-16	1.9602e-17
5961.4861	9.5708e-16	1.8554e-17
5963.7736	9.5604e-16	1.7219e-17
5966.0611	9.5510e-16	1.5825e-17
5968.3485	9.5413e-16	1.5032e-17
5970.6360	9.5298e-16	1.5043e-17
5972.9234	9.5157e-16	1.5417e-17
5975.2109	9.5003e-16	1.5828e-17
5977.4983	9.4852e-16	1.6267e-17
5979.7858	9.4712e-16	1.6866e-17
5982.0732	9.4599e-16	1.7580e-17
5984.3607	9.4527e-16	1.8107e-17
5986.6481	9.4485e-16	1.8263e-17
5988.9356	9.4441e-16	1.8084e-17
5991.2230	9.4387e-16	1.7822e-17
5993.5105	9.4328e-16	1.7463e-17
5995.7979	9.4248e-16	1.6577e-17
5998.0854	9.4130e-16	1.5064e-17
6000.3729	9.3988e-16	1.3330e-17
6002.6603	9.3842e-16	1.1736e-17
6004.9478	9.3688e-16	1.0414e-17
6007.2352	9.3521e-16	9.7445e-18
6009.5227	9.3357e-16	1.0025e-17
6011.8101	9.3200e-16	1.1171e-17
6014.0976	9.3038e-16	1.2402e-17
6016.3850	9.2868e-16	1.3063e-17
6018.6725	9.2709e-16	1.3237e-17
6020.9599	9.2573e-16	1.3145e-17
6023.2474	9.2456e-16	1.3003e-17
6025.5348	9.2347e-16	1.2839e-17
6027.8223	9.2248e-16	1.2439e-17
6030.1098	9.2155e-16	1.1783e-17
6032.3972	9.2048e-16	1.1210e-17
6034.6847	9.1918e-16	1.0991e-17
6036.9721	9.1771e-16	1.0996e-17
6039.2596	9.1610e-16	1.0875e-17
6041.5470	9.1439e-16	1.0571e-17
6043.8345	9.1276e-16	1.0453e-17
6046.1219	9.1135e-16	1.0431e-17
6048.4094	9.1010e-16	9.9071e-18
6050.6968	9.0882e-16	8.6722e-18
6052.9843	9.0747e-16	7.3915e-18
6055.2717	9.0623e-16	6.7827e-18
6057.5592	9.0519e-16	6.7531e-18
6059.8467	9.0433e-16	6.5711e-18
6062.1341	9.0372e-16	6.0836e-18
6064.4216	9.0338e-16	5.7119e-18
6066.7090	9.0325e-16	5.6971e-18
6068.9965	9.0343e-16	5.9333e-18
6071.2839	9.0396e-16	5.9114e-18
6073.5714	9.0479e-16	5.6569e-18
6075.8588	9.0588e-16	5.5823e-18
6078.1463	9.0717e-16	5.7538e-18
6080.4337	9.0848e-16	5.9166e-18
6082.7212	9.0980e-16	5.9604e-18
6085.0086	9.1126e-16	6.1416e-18
6087.2961	9.1284e-16	6.3790e-18
6089.5835	9.1450e-16	6.5260e-18
6091.8710	9.1626e-16	6.6032e-18
6094.1585	9.1813e-16	6.5803e-18
6096.4459	9.2010e-16	6.3632e-18
6098.7334	9.2217e-16	5.7570e-18
6101.0208	9.2420e-16	4.8334e-18
6103.3083	9.2597e-16	4.0198e-18
6105.5957	9.2744e-16	3.7975e-18
6107.8832	9.2880e-16	4.2077e-18
6110.1706	9.3018e-16	4.6465e-18
6112.4581	9.3163e-16	4.9996e-18
6114.7455	9.3332e-16	5.2370e-18
6117.0330	9.3535e-16	5.2623e-18
6119.3204	9.3749e-16	5.2437e-18
6121.6079	9.3951e-16	5.2891e-18
6123.8954	9.4130e-16	5.3696e-18
6126.1828	9.4283e-16	5.3471e-18
6128.4703	9.4414e-16	5.5780e-18
6130.7577	9.4533e-16	5.7018e-18
6133.0452	9.4656e-16	5.4641e-18
6135.3326	9.4794e-16	5.0442e-18
6137.6201	9.4938e-16	4.7315e-18
6139.9075	9.5068e-16	4.6794e-18
6142.1950	9.5167e-16	4.7254e-18
6144.4824	9.5229e-16	5.0961e-18
6146.7699	9.5259e-16	5.7603e-18
6149.0573	9.5273e-16	6.1707e-18
6151.3448	9.5285e-16	6.3347e-18
6153.6322	9.5300e-16	6.2621e-18
6155.9197	9.5330e-16	6.3490e-18
6158.2072	9.5371e-16	6.8939e-18
6160.4946	9.5405e-16	7.1082e-18
6162.7821	9.5425e-16	7.0499e-18
6165.0695	9.5440e-16	7.0057e-18
6167.3570	9.5454e-16	7.0472e-18
6169.6444	9.5455e-16	7.0883e-18
6171.9319	9.5447e-16	7.2089e-18
6174.2193	9.5429e-16	7.7209e-18
6176.5068	9.5392e-16	8.0560e-18
6178.7942	9.5336e-16	7.8721e-18
6181.0817	9.5268e-16	7.6161e-18
6183.3691	9.5191e-16	7.5189e-18
6185.6566	9.5114e-16	7.6650e-18
6187.9441	9.5044e-16	8.3621e-18
6190.2315	9.4982e-16	9.3904e-18
6192.5190	9.4926e-16	9.8214e-18
6194.8064	9.4870e-16	9.6936e-18
6197.0939	9.4807e-16	9.4771e-18
6199.3813	9.4726e-16	9.3229e-18
6201.6688	9.4622e-16	9.4281e-18
6203.9562	9.4500e-16	9.4693e-18
6206.2437	9.4374e-16	9.0748e-18
6208.5311	9.4261e-16	8.8046e-18
6210.8186	9.4167e-16	8.8038e-18
6213.1060	9.4084e-16	8.9211e-18
6215.3935	9.4004e-16	8.9838e-18
6217.6810	9.3924e-16	8.9429e-18
6219.9684	9.3842e-16	9.0200e-18
6222.2559	9.3758e-16	9.0428e-18
6224.5433	9.3674e-16	8.7407e-18
6226.8308	9.3593e-16	8.7090e-18
6229.1182	9.3518e-16	9.0492e-18
6231.4057	9.3449e-16	9.2320e-18
6233.6931	9.3383e-16	9.2587e-18
6235.9806	9.3321e-16	9.0966e-18
6238.2680	9.3257e-16	8.5962e-18
6240.5555	9.3190e-16	8.4756e-18
6242.8429	9.3111e-16	8.9311e-18
6245.1304	9.3012e-16	9.5517e-18
6247.4178	9.2901e-16	1.0168e-17
6249.7053	9.2806e-16	1.0487e-17
6251.9928	9.2741e-16	1.0468e-17
6254.2802	9.2690e-16	1.0429e-17
6256.5677	9.2648e-16	1.0495e-17
6258.8551	9.2610e-16	1.0512e-17
6261.1426	9.2557e-16	1.0298e-17
6263.4300	9.2478e-16	1.0101e-17
6265.7175	9.2367e-16	1.0252e-17
6268.0049	9.2206e-16	1.0697e-17
6270.2924	9.1990e-16	1.1049e-17
6272.5798	9.1734e-16	1.0903e-17
6274.8673	9.1445e-16	1.0290e-17
6277.1547	9.1136e-16	9.3798e-18
6279.4422	9.0834e-16	8.9103e-18
6281.7297	9.0541e-16	9.1908e-18
6284.0171	9.0235e-16	9.3327e-18
6286.3046	8.9906e-16	9.2845e-18
6288.5920	8.9550e-16	9.2859e-18
6290.8795	8.9159e-16	9.1270e-18
6293.1669	8.8729e-16	8.8364e-18
6295.4544	8.8256e-16	8.4564e-18
6297.7418	8.7724e-16	8.1840e-18
6300.0293	8.7136e-16	8.2077e-18
6302.3167	8.6515e-16	8.1687e-18
6304.6042	8.5873e-16	7.8026e-18
6306.8916	8.5201e-16	7.2397e-18
6309.1791	8.4508e-16	6.8822e-18
6311.4666	8.3809e-16	6.8255e-18
6313.7540	8.3098e-16	6.8762e-18
6316.0415	8.2358e-16	6.6715e-18
6318.3289	8.1595e-16	6.1892e-18
6320.6164	8.0821e-16	6.3919e-18
6322.9038	8.0032e-16	7.4112e-18
6325.1913	7.9221e-16	8.4192e-18
6327.4787	7.8399e-16	8.9672e-18
6329.7662	7.7574e-16	8.9916e-18
6332.0536	7.6741e-16	8.8952e-18
6334.3411	7.5896e-16	9.0068e-18
6336.6285	7.5044e-16	9.4209e-18
6338.9160	7.4198e-16	1.0028e-17
6341.2034	7.3366e-16	1.0535e-17
6343.4909	7.2560e-16	1.0672e-17
6345.7784	7.1783e-16	1.0584e-17
6348.0658	7.1032e-16	1.0563e-17
6350.3533	7.0310e-16	1.0820e-17
6352.6407	6.9624e-16	1.1323e-17
6354.9282	6.8970e-16	1.1695e-17
6357.2156	6.8344e-16	1.1812e-17
6359.5031	6.7750e-16	1.1805e-17
6361.7905	6.7186e-16	1.1758e-17
6364.0780	6.6641e-16	1.1755e-17
6366.3654	6.6116e-16	1.1847e-17
6368.6529	6.5623e-16	1.1919e-17
6370.9403	6.5168e-16	1.1737e-17
6373.2278	6.4761e-16	1.1310e-17
6375.5153	6.4409e-16	1.0848e-17
6377.8027	6.4113e-16	1.0557e-17
6380.0902	6.3867e-16	1.0563e-17
6382.3776	6.3667e-16	1.0552e-17
6384.6651	6.3502e-16	1.0217e-17
6386.9525	6.3360e-16	9.5604e-18
6389.2400	6.3241e-16	8.7649e-18
6391.5274	6.3142e-16	8.3095e-18
6393.8149	6.3065e-16	8.2714e-18
6396.1023	6.3022e-16	8.2366e-18
6398.3898	6.3016e-16	7.8622e-18
6400.6772	6.3042e-16	6.9027e-18
6402.9647	6.3104e-16	5.6695e-18
6405.2522	6.3201e-16	4.5661e-18
6407.5396	6.3320e-16	3.6304e-18
6409.8271	6.3454e-16	3.0688e-18
6412.1145	6.3607e-16	2.9137e-18
6414.4020	6.3780e-16	2.9447e-18
6416.6894	6.3973e-16	2.9639e-18
6418.9769	6.4185e-16	2.8740e-18
6421.2643	6.4415e-16	2.8419e-18
6423.5518	6.4665e-16	2.8410e-18
6425.8392	6.4952e-16	2.8947e-18
6428.1267	6.5280e-16	3.0453e-18
6430.4141	6.5632e-16	3.3279e-18
6432.7016	6.5995e-16	3.6022e-18
6434.9890	6.6360e-16	3.8592e-18
6437.2765	6.6714e-16	4.3989e-18
6439.5640	6.7052e-16	5.1020e-18
6441.8514	6.7392e-16	5.7111e-18
6444.1389	6.7759e-16	6.2122e-18
6446.4263	6.8161e-16	6.3932e-18
6448.7138	6.8594e-16	6.3507e-18
6451.0012	6.9044e-16	6.3204e-18
6453.2887	6.9496e-16	6.2330e-18
6455.5761	6.9936e-16	6.1455e-18
6457.8636	7.0352e-16	6.1601e-18
6460.1510	7.0742e-16	6.1510e-18
6462.4385	7.1114e-16	5.9908e-18
6464.7259	7.1480e-16	5.8294e-18
6467.0134	7.1856e-16	5.8829e-18
6469.3009	7.2252e-16	6.2995e-18
6471.5883	7.2670e-16	7.1393e-18
6473.8758	7.3102e-16	8.1653e-18
6476.1632	7.3539e-16	8.8673e-18
6478.4507	7.3970e-16	9.0746e-18
6480.7381	7.4385e-16	8.9956e-18
6483.0256	7.4774e-16	8.8110e-18
6485.3130	7.5133e-16	8.5210e-18
6487.6005	7.5473e-16	8.0648e-18
6489.8879	7.5800e-16	7.5732e-18
6492.1754	7.6113e-16	7.3320e-18
6494.4628	7.6412e-16	7.6730e-18
6496.7503	7.6711e-16	8.6859e-18
6499.0378	7.7009e-16	9.8095e-18
6501.3252	7.7291e-16	1.0217e-17
6503.6127	7.7557e-16	1.0209e-17
6505.9001	7.7818e-16	1.0456e-17
6508.1876	7.8066e-16	1.1024e-17
6510.4750	7.8283e-16	1.1662e-17
6512.7625	7.8470e-16	1.1882e-17
6515.0499	7.8632e-16	1.1862e-17
6517.3374	7.8762e-16	1.1838e-17
6519.6248	7.8857e-16	1.1620e-17
6521.9123	7.8924e-16	1.1073e-17
6524.1997	7.8974e-16	1.0474e-17
6526.4872	7.9009e-16	1.0176e-17
6528.7746	7.9025e-16	1.0099e-17
6531.0621	7.9024e-16	1.0096e-17
6533.3496	7.9011e-16	1.0099e-17
6535.6370	7.8983e-16	1.0169e-17
6537.9245	7.8936e-16	1.0272e-17
6540.2119	7.8866e-16	1.0242e-17
6542.4994	7.8768e-16	9.9796e-18
6544.7868	7.8643e-16	9.3912e-18
6547.0743	7.8496e-16	8.6784e-18
6549.3617	7.8327e-16	8.6434e-18
6551.6492	7.8134e-16	9.1117e-18
6553.9366	7.7920e-16	9.3699e-18
6556.2241	7.7684e-16	9.1602e-18
6558.5115	7.7427e-16	8.4632e-18
6560.7990	7.7162e-16	8.1832e-18
6563.0865	7.6894e-16	8.4226e-18
6565.3739	7.6621e-16	8.6269e-18
6567.6614	7.6343e-16	8.9290e-18
6569.9488	7.6055e-16	9.3650e-18
6572.2363	7.5756e-16	9.6270e-18
6574.5237	7.5451e-16	9.6923e-18
6576.8112	7.5148e-16	9.7319e-18
6579.0986	7.4846e-16	9.7376e-18
6581.3861	7.4546e-16	9.8383e-18
6583.6735	7.4250e-16	1.0225e-17
6585.9610	7.3965e-16	1.0548e-17
6588.2484	7.3687e-16	1.0676e-17
6590.5359	7.3403e-16	1.0684e-17
6592.8234	7.3106e-16	1.0685e-17
6595.1108	7.2794e-16	1.0749e-17
6597.3983	7.2467e-16	1.0742e-17
6599.6857	7.2131e-16	1.0631e-17
6601.9732	7.1800e-16	1.0369e-17
6604.2606	7.1480e-16	1.0050e-17
6606.5481	7.1168e-16	1.0008e-17
6608.8355	7.0865e-16	1.0090e-17
6611.1230	7.0579e-16	1.0051e-17
6613.4104	7.0315e-16	1.0028e-17
6615.6979	7.0076e-16	9.9832e-18
6617.9853	6.9859e-16	9.8201e-18
6620.2728	6.9668e-16	9.7923e-18
6622.5602	6.9502e-16	9.9430e-18
6624.8477	6.9345e-16	1.0083e-17
6627.1352	6.9186e-16	1.0217e-17
6629.4226	6.9024e-16	1.0319e-17
6631.7101	6.8861e-16	1.0016e-17
6633.9975	6.8697e-16	9.4439e-18
6636.2850	6.8546e-16	8.9218e-18
6638.5724	6.8432e-16	8.6296e-18
6640.8599	6.8363e-16	8.6287e-18
6643.1473	6.8342e-16	8.6347e-18
6645.4348	6.8362e-16	8.6060e-18
6647.7222	6.8399e-16	8.6354e-18
6650.0097	6.8443e-16	8.6102e-18
6652.2971	6.8498e-16	8.5462e-18
6654.5846	6.8567e-16	8.5017e-18
6656.8721	6.8653e-16	8.5098e-18
6659.1595	6.8773e-16	8.6074e-18
6661.4470	6.8930e-16	8.6200e-18
6663.7344	6.9109e-16	8.5096e-18
6666.0219	6.9300e-16	8.4096e-18
6668.3093	6.9493e-16	8.2651e-18
6670.5968	6.9678e-16	8.0055e-18
6672.8842	6.9858e-16	7.6666e-18
6675.1717	7.0035e-16	7.2955e-18
6677.4591	7.0211e-16	6.9601e-18
6679.7466	7.0387e-16	6.7908e-18
6682.0340	7.0576e-16	6.7100e-18
6684.3215	7.0782e-16	6.6514e-18
6686.6090	7.0988e-16	6.7131e-18
6688.8964	7.1186e-16	7.0261e-18
6691.1839	7.1387e-16	7.4391e-18
6693.4713	7.1601e-16	7.5947e-18
6695.7588	7.1826e-16	7.2882e-18
6698.0462	7.2065e-16	6.6820e-18
6700.3337	7.2321e-16	5.9595e-18
6702.6211	7.2575e-16	5.1124e-18
6704.9086	7.2803e-16	4.1932e-18
6707.1960	7.2996e-16	3.3906e-18
6709.4835	7.3169e-16	3.3586e-18
6711.7709	7.3335e-16	4.6156e-18
6714.0584	7.3495e-16	6.3421e-18
6716.3458	7.3650e-16	7.5499e-18
6718.6333	7.3790e-16	7.8691e-18
6720.9208	7.3905e-16	7.8183e-18
6723.2082	7.3996e-16	7.8508e-18
6725.4957	7.4074e-16	7.8737e-18
6727.7831	7.4146e-16	7.8592e-18
6730.0706	7.4217e-16	7.8521e-18
6732.3580	7.4284e-16	7.9113e-18
6734.6455	7.4340e-16	7.9301e-18
6736.9329	7.4379e-16	7.7855e-18
6739.2204	7.4398e-16	7.4879e-18
6741.5078	7.4393e-16	7.1301e-18
6743.7953	7.4364e-16	6.9303e-18
6746.0827	7.4313e-16	6.9737e-18
6748.3702	7.4244e-16	7.1349e-18
6750.6577	7.4170e-16	7.3506e-18
6752.9451	7.4089e-16	7.6139e-18
6755.2326	7.3995e-16	7.9370e-18
6757.5200	7.3879e-16	8.2331e-18
6759.8075	7.3736e-16	7.9769e-18
6762.0949	7.3573e-16	6.7607e-18
6764.3824	7.3402e-16	5.8598e-18
6766.6698	7.3229e-16	7.0899e-18
6768.9573	7.3055e-16	9.1845e-18
6771.2447	7.2877e-16	1.0741e-17
6773.5322	7.2701e-16	1.1507e-17
6775.8196	7.2544e-16	1.1774e-17
6778.1071	7.2435e-16	1.1918e-17
6780.3946	7.2391e-16	1.2065e-17
6782.6820	7.2412e-16	1.2224e-17
6784.9695	7.2476e-16	1.2236e-17
6787.2569	7.2550e-16	1.2136e-17
6789.5444	7.2606e-16	1.2263e-17
6791.8318	7.2630e-16	1.2601e-17
6794.1193	7.2617e-16	1.2810e-17
6796.4067	7.2574e-16	1.2723e-17
6798.6942	7.2512e-16	1.2470e-17
6800.9816	7.2438e-16	1.2133e-17
6803.2691	7.2357e-16	1.1673e-17
6805.5565	7.2275e-16	1.1078e-17
6807.8440	7.2192e-16	1.0614e-17
6810.1314	7.2102e-16	1.0719e-17
6812.4189	7.1995e-16	1.1225e-17
6814.7064	7.1867e-16	1.1392e-17
6816.9938	7.1723e-16	1.0788e-17
6819.2813	7.1574e-16	9.7635e-18
6821.5687	7.1430e-16	8.9827e-18
6823.8562	7.1286e-16	8.6854e-18
6826.1436	7.1128e-16	8.9409e-18
6828.4311	7.0948e-16	9.7607e-18
6830.7185	7.0745e-16	1.0449e-17
6833.0060	7.0523e-16	1.0656e-17
6835.2934	7.0300e-16	1.0650e-17
6837.5809	7.0084e-16	1.0637e-17
6839.8683	6.9859e-16	1.0692e-17
6842.1558	6.9602e-16	1.1047e-17
6844.4433	6.9301e-16	1.2266e-17
6846.7307	6.8973e-16	1.5028e-17
6849.0182	6.8637e-16	1.9333e-17
6851.3056	6.8307e-16	2.3963e-17
6853.5931	6.7999e-16	2.7368e-17
6855.8805	6.7721e-16	2.8885e-17
6858.1680	6.7455e-16	2.9054e-17
6860.4554	6.7180e-16	2.8989e-17
6862.7429	6.6893e-16	2.9412e-17
6865.0303	6.6597e-16	3.0128e-17
6867.3178	6.6288e-16	3.0653e-17
6869.6052	6.5969e-16	3.0866e-17
6871.8927	6.5647e-16	3.0814e-17
6874.1802	6.5323e-16	3.0469e-17
6876.4676	6.4993e-16	2.9694e-17
6878.7551	6.4656e-16	2.8631e-17
6881.0425	6.4320e-16	2.7641e-17
6883.3300	6.3998e-16	2.6964e-17
6885.6174	6.3700e-16	2.6604e-17
6887.9049	6.3436e-16	2.6433e-17
6890.1923	6.3212e-16	2.6395e-17
6892.4798	6.3025e-16	2.6359e-17
6894.7672	6.2870e-16	2.5811e-17
6897.0547	6.2747e-16	2.3999e-17
6899.3421	6.2651e-16	2.0541e-17
6901.6296	6.2577e-16	1.6183e-17
6903.9170	6.2521e-16	1.2860e-17
6906.2045	6.2481e-16	1.1883e-17
6908.4920	6.2451e-16	1.1893e-17
6910.7794	6.2432e-16	1.1105e-17
6913.0669	6.2425e-16	9.5679e-18
6915.3543	6.2436e-16	8.1309e-18
6917.6418	6.2471e-16	7.2475e-18
6919.9292	6.2533e-16	7.3883e-18
6922.2167	6.2621e-16	8.4298e-18
6924.5041	6.2726e-16	9.7499e-18
6926.7916	6.2839e-16	1.0825e-17
6929.0790	6.2954e-16	1.1243e-17
6931.3665	6.3069e-16	1.1237e-17
6933.6539	6.3174e-16	1.1343e-17
6935.9414	6.3260e-16	1.1621e-17
6938.2289	6.3334e-16	1.1945e-17
6940.5163	6.3410e-16	1.2218e-17
6942.8038	6.3488e-16	1.2463e-17
6945.0912	6.3564e-16	1.2732e-17
6947.3787	6.3629e-16	1.2931e-17
6949.6661	6.3660e-16	1.2987e-17
6951.9536	6.3638e-16	1.2851e-17
6954.2410	6.3565e-16	1.2694e-17
6956.5285	6.3449e-16	1.2645e-17
6958.8159	6.3299e-16	1.2600e-17
6961.1034	6.3126e-16	1.2502e-17
6963.3908	6.2932e-16	1.2426e-17
6965.6783	6.2722e-16	1.2448e-17
6967.9657	6.2520e-16	1.2293e-17
6970.2532	6.2352e-16	1.1631e-17
6972.5407	6.2233e-16	1.0309e-17
6974.8281	6.2154e-16	8.5724e-18
6977.1156	6.2091e-16	7.2998e-18
6979.4030	6.2016e-16	7.0432e-18
6981.6905	6.1903e-16	7.4774e-18
6983.9779	6.1740e-16	8.3815e-18
6986.2654	6.1543e-16	9.1386e-18
6988.5528	6.1335e-16	9.2388e-18
6990.8403	6.1130e-16	8.7993e-18
6993.1277	6.0925e-16	8.1192e-18
6995.4152	6.0726e-16	7.3058e-18
6997.7026	6.0540e-16	6.5157e-18
6999.9901	6.0359e-16	6.0984e-18
7002.2776	6.0181e-16	6.0447e-18
7004.5650	6.0011e-16	6.0742e-18
7006.8525	5.9843e-16	6.0773e-18
7009.1399	5.9668e-16	6.0278e-18
7011.4274	5.9488e-16	6.0466e-18
7013.7148	5.9316e-16	6.1345e-18
7016.0023	5.9161e-16	6.1628e-18
7018.2897	5.9015e-16	6.1632e-18
7020.5772	5.8869e-16	6.3666e-18
7022.8646	5.8722e-16	6.9151e-18
7025.1521	5.8583e-16	7.7194e-18
7027.4395	5.8453e-16	8.5986e-18
7029.7270	5.8342e-16	9.1953e-18
7032.0145	5.8256e-16	9.0170e-18
7034.3019	5.8182e-16	8.2185e-18
7036.5894	5.8097e-16	7.4115e-18
7038.8768	5.7993e-16	6.9622e-18
7041.1643	5.7880e-16	6.8455e-18
7043.4517	5.7769e-16	6.8545e-18
7045.7392	5.7671e-16	6.8485e-18
7048.0266	5.7591e-16	6.8555e-18
7050.3141	5.7526e-16	6.8415e-18
7052.6015	5.7466e-16	6.8385e-18
7054.8890	5.7402e-16	7.0146e-18
7057.1764	5.7327e-16	7.5333e-18
7059.4639	5.7246e-16	8.2609e-18
7061.7513	5.7161e-16	8.7339e-18
7064.0388	5.7074e-16	8.8173e-18
7066.3263	5.6985e-16	8.8185e-18
7068.6137	5.6896e-16	8.8285e-18
7070.9012	5.6813e-16	8.5997e-18
7073.1886	5.6742e-16	8.0641e-18
7075.4761	5.6695e-16	7.4233e-18
7077.7635	5.6673e-16	6.8933e-18
7080.0510	5.6656e-16	6.8351e-18
7082.3384	5.6623e-16	7.1044e-18
7084.6259	5.6573e-16	7.1744e-18
7086.9133	5.6510e-16	7.1488e-18
7089.2008	5.6438e-16	7.2680e-18
7091.4882	5.6365e-16	7.5462e-18
7093.7757	5.6299e-16	7.9762e-18
7096.0632	5.6228e-16	8.4852e-18
7098.3506	5.6142e-16	8.9661e-18
7100.6381	5.6044e-16	9.3223e-18
7102.9255	5.5945e-16	9.4703e-18
7105.2130	5.5854e-16	9.3897e-18
7107.5004	5.5779e-16	9.5049e-18
7109.7879	5.5719e-16	1.0466e-17
7112.0753	5.5679e-16	1.1984e-17
7114.3628	5.5662e-16	1.3269e-17
7116.6502	5.5665e-16	1.3973e-17
7118.9377	5.5678e-16	1.4204e-17
7121.2251	5.5681e-16	1.4253e-17
7123.5126	5.5658e-16	1.4253e-17
7125.8001	5.5607e-16	1.4240e-17
7128.0875	5.5529e-16	1.4167e-17
7130.3750	5.5434e-16	1.4035e-17
7132.6624	5.5341e-16	1.4014e-17
7134.9499	5.5263e-16	1.4067e-17
7137.2373	5.5198e-16	1.4067e-17
7139.5248	5.5144e-16	1.4020e-17
7141.8122	5.5096e-16	1.4000e-17
7144.0997	5.5048e-16	1.4000e-17
7146.3871	5.4995e-16	1.3939e-17
7148.6746	5.4938e-16	1.3724e-17
7150.9620	5.4873e-16	1.3420e-17
7153.2495	5.4803e-16	1.3400e-17
7155.5369	5.4735e-16	1.3531e-17
7157.8244	5.4670e-16	1.3146e-17
7160.1119	5.4606e-16	1.2128e-17
7162.3993	5.4542e-16	1.0824e-17
7164.6868	5.4485e-16	9.7183e-18
7166.9742	5.4428e-16	9.1200e-18
7169.2617	5.4356e-16	8.8562e-18
7171.5491	5.4261e-16	8.7498e-18
7173.8366	5.4145e-16	8.7239e-18
7176.1240	5.4010e-16	8.7285e-18
7178.4115	5.3864e-16	8.7746e-18
7180.6989	5.3725e-16	8.9715e-18
7182.9864	5.3612e-16	9.4619e-18
7185.2738	5.3525e-16	1.0113e-17
7187.5613	5.3454e-16	1.0425e-17
7189.8488	5.3391e-16	1.0242e-17
7192.1362	5.3332e-16	1.0275e-17
7194.4237	5.3271e-16	1.1379e-17
7196.7111	5.3198e-16	1.3001e-17
7198.9986	5.3109e-16	1.4196e-17
7201.2860	5.2999e-16	1.4653e-17
7203.5735	5.2868e-16	1.4554e-17
7205.8609	5.2720e-16	1.4408e-17
7208.1484	5.2562e-16	1.4398e-17
7210.4358	5.2403e-16	1.4508e-17
7212.7233	5.2254e-16	1.4705e-17
7215.0107	5.2116e-16	1.4898e-17
7217.2982	5.1987e-16	1.5070e-17
7219.5857	5.1871e-16	1.5195e-17
7221.8731	5.1775e-16	1.5247e-17
7224.1606	5.1690e-16	1.5245e-17
7226.4480	5.1597e-16	1.5192e-17
7228.7355	5.1479e-16	1.5001e-17
7231.0229	5.1321e-16	1.4503e-17
7233.3104	5.1119e-16	1.3702e-17
7235.5978	5.0883e-16	1.3053e-17
7237.8853	5.0638e-16	1.2960e-17
7240.1727	5.0403e-16	1.3032e-17
7242.4602	5.0183e-16	1.2503e-17
7244.7476	4.9961e-16	1.1341e-17
7247.0351	4.9723e-16	1.0261e-17
7249.3225	4.9471e-16	9.6684e-18
7251.6100	4.9203e-16	9.5235e-18
7253.8975	4.8920e-16	9.9368e-18
7256.1849	4.8642e-16	1.0947e-17
7258.4724	4.8385e-16	1.1972e-17
7260.7598	4.8144e-16	1.2525e-17
7263.0473	4.7913e-16	1.2599e-17
7265.3347	4.7700e-16	1.2459e-17
7267.6222	4.7507e-16	1.2324e-17
7269.9096	4.7325e-16	1.2271e-17
7272.1971	4.7150e-16	1.2283e-17
7274.4845	4.6984e-16	1.2286e-17
7276.7720	4.6826e-16	1.2273e-17
7279.0594	4.6673e-16	1.2276e-17
7281.3469	4.6524e-16	1.2258e-17
7283.6344	4.6384e-16	1.2230e-17
7285.9218	4.6257e-16	1.2219e-17
7288.2093	4.6149e-16	1.1935e-17
7290.4967	4.6068e-16	1.1145e-17
7292.7842	4.6016e-16	1.0010e-17
7295.0716	4.5994e-16	8.8271e-18
7297.3591	4.5999e-16	8.1682e-18
7299.6465	4.6024e-16	8.5691e-18
7301.9340	4.6057e-16	9.0027e-18
7304.2214	4.6103e-16	8.4783e-18
7306.5089	4.6177e-16	7.1798e-18
7308.7963	4.6282e-16	5.9372e-18
7311.0838	4.6398e-16	5.5771e-18
7313.3713	4.6515e-16	5.6195e-18
7315.6587	4.6624e-16	5.6893e-18
7317.9462	4.6711e-16	6.4038e-18
7320.2336	4.6775e-16	7.3349e-18
7322.5211	4.6839e-16	7.9248e-18
7324.8085	4.6920e-16	8.1751e-18
7327.0960	4.7019e-16	8.1760e-18
7329.3834	4.7139e-16	8.2719e-18
7331.6709	4.7285e-16	8.3461e-18
7333.9583	4.7461e-16	8.0568e-18
7336.2458	4.7659e-16	7.6823e-18
7338.5332	4.7862e-16	7.3832e-18
7340.8207	4.8059e-16	7.0631e-18
7343.1081	4.8244e-16	6.8486e-18
7345.3956	4.8409e-16	7.1183e-18
7347.6831	4.8559e-16	7.6136e-18
7349.9705	4.8704e-16	7.7624e-18
7352.2580	4.8846e-16	7.6728e-18
7354.5454	4.8980e-16	7.6695e-18
7356.8329	4.9105e-16	7.6139e-18
7359.1203	4.9216e-16	7.3708e-18
7361.4078	4.9306e-16	7.3183e-18
7363.6952	4.9367e-16	7.6049e-18
7365.9827	4.9390e-16	7.2882e-18
7368.2701	4.9376e-16	6.1612e-18
7370.5576	4.9334e-16	5.3405e-18
7372.8450	4.9276e-16	5.9025e-18
7375.1325	4.9213e-16	7.4553e-18
7377.4200	4.9153e-16	8.3864e-18
7379.7074	4.9102e-16	8.6175e-18
7381.9949	4.9059e-16	8.7891e-18
7384.2823	4.9020e-16	8.8522e-18
7386.5698	4.8982e-16	8.8731e-18
7388.8572	4.8944e-16	9.0154e-18
7391.1447	4.8904e-16	9.0960e-18
7393.4321	4.8860e-16	9.0941e-18
7395.7196	4.8803e-16	9.1129e-18
7398.0070	4.8733e-16	9.3806e-18
7400.2945	4.8655e-16	9.8250e-18
7402.5819	4.8572e-16	1.0360e-17
7404.8694	4.8492e-16	1.0950e-17
7407.1569	4.8425e-16	1.1248e-17
7409.4443	4.8376e-16	1.1242e-17
7411.7318	4.8335e-16	1.1184e-17
7414.0192	4.8288e-16	1.1168e-17
7416.3067	4.8225e-16	1.1245e-17
7418.5941	4.8144e-16	1.1182e-17
7420.8816	4.8044e-16	1.0670e-17
7423.1690	4.7935e-16	9.5885e-18
7425.4565	4.7835e-16	8.4736e-18
7427.7439	4.7763e-16	7.7676e-18
7430.0314	4.7733e-16	7.2520e-18
7432.3188	4.7744e-16	7.1233e-18
7434.6063	4.7783e-16	7.5530e-18
7436.8937	4.7831e-16	8.0828e-18
7439.1812	4.7866e-16	8.6716e-18
7441.4687	4.7873e-16	9.1306e-18
7443.7561	4.7848e-16	9.1461e-18
7446.0436	4.7803e-16	8.8517e-18
7448.3310	4.7751e-16	8.4310e-18
7450.6185	4.7701e-16	7.5848e-18
7452.9059	4.7667e-16	6.3013e-18
7455.1934	4.7648e-16	5.7952e-18
7457.4808	4.7636e-16	6.6085e-18
7459.7683	4.7625e-16	7.5586e-18
7462.0557	4.7617e-16	8.0922e-18
7464.3432	4.7602e-16	8.2185e-18
7466.6306	4.7576e-16	8.2069e-18
7468.9181	4.7554e-16	8.2033e-18
7471.2056	4.7547e-16	8.1430e-18
7473.4930	4.7543e-16	8.0809e-18
7475.7805	4.7530e-16	8.0658e-18
7478.0679	4.7521e-16	8.0712e-18
7480.3554	4.7523e-16	8.0613e-18
7482.6428	4.7534e-16	8.1920e-18
7484.9303	4.7560e-16	8.6602e-18
7487.2177	4.7608e-16	9.4456e-18
7489.5052	4.7666e-16	1.0057e-17
7491.7926	4.7702e-16	1.0082e-17
7494.0801	4.7695e-16	1.0114e-17
7496.3675	4.7630e-16	1.0933e-17
7498.6550	4.7499e-16	1.2486e-17
7500.9425	4.7318e-16	1.4220e-17
7503.2299	4.7115e-16	1.5406e-17
7505.5174	4.6918e-16	1.5760e-17
7507.8048	4.6765e-16	1.5668e-17
7510.0923	4.6701e-16	1.5547e-17
7512.3797	4.6745e-16	1.5575e-17
7514.6672	4.6889e-16	1.5790e-17
7516.9546	4.7112e-16	1.6064e-17
7519.2421	4.7377e-16	1.6180e-17
7521.5295	4.7626e-16	1.6189e-17
7523.8170	4.7808e-16	1.6188e-17
7526.1044	4.7899e-16	1.6223e-17
7528.3919	4.7897e-16	1.6242e-17
7530.6793	4.7810e-16	1.5990e-17
7532.9668	4.7656e-16	1.5374e-17
7535.2543	4.7466e-16	1.4528e-17
7537.5417	4.7272e-16	1.3981e-17
7539.8292	4.7099e-16	1.4226e-17
7542.1166	4.6953e-16	1.4662e-17
7544.4041	4.6827e-16	1.4533e-17
7546.6915	4.6699e-16	1.3572e-17
7548.9790	4.6544e-16	1.1714e-17
7551.2664	4.6349e-16	9.4813e-18
7553.5539	4.6116e-16	8.1111e-18
7555.8413	4.5857e-16	8.1224e-18
7558.1288	4.5580e-16	8.8358e-18
7560.4162	4.5288e-16	1.0015e-17
7562.7037	4.4976e-16	1.1854e-17
7564.9912	4.4639e-16	1.4003e-17
7567.2786	4.4277e-16	1.5601e-17
7569.5661	4.3897e-16	1.6055e-17
7571.8535	4.3506e-16	1.5588e-17
7574.1410	4.3113e-16	1.5960e-17
7576.4284	4.2733e-16	2.0516e-17
7578.7159	4.2372e-16	2.9437e-17
7581.0033	4.2034e-16	3.9551e-17
7583.2908	4.1724e-16	4.8183e-17
7585.5782	4.1440e-16	5.3769e-17
7587.8657	4.1176e-16	5.5903e-17
7590.1531	4.0922e-16	5.5855e-17
7592.4406	4.0674e-16	5.5994e-17
7594.7281	4.0434e-16	5.7891e-17
7597.0155	4.0208e-16	6.1213e-17
7599.3030	3.9999e-16	6.4368e-17
7601.5904	3.9803e-16	6.6125e-17
7603.8779	3.9606e-16	6.6505e-17
7606.1653	3.9405e-16	6.6257e-17
7608.4528	3.9201e-16	6.5895e-17
7610.7402	3.8983e-16	6.5336e-17
7613.0277	3.8756e-16	6.4352e-17
7615.3151	3.8559e-16	6.3117e-17
7617.6026	3.8417e-16	6.2228e-17
7619.8900	3.8329e-16	6.2187e-17
7622.1775	3.8298e-16	6.2763e-17
7624.4649	3.8334e-16	6.2766e-17
7626.7524	3.8415e-16	6.0674e-17
7629.0399	3.8509e-16	5.5744e-17
7631.3273	3.8605e-16	4.8337e-17
7633.6148	3.8712e-16	4.0054e-17
7635.9022	3.8826e-16	3.3872e-17
7638.1897	3.8936e-16	3.1820e-17
7640.4771	3.9049e-16	3.1889e-17
7642.7646	3.9183e-16	3.0776e-17
7645.0520	3.9341e-16	2.7027e-17
7647.3395	3.9515e-16	2.1490e-17
7649.6269	3.9709e-16	1.6826e-17
7651.9144	3.9928e-16	1.5277e-17
7654.2018	4.0152e-16	1.5790e-17
7656.4893	4.0357e-16	1.6135e-17
7658.7768	4.0537e-16	1.5625e-17
7661.0642	4.0690e-16	1.4779e-17
7663.3517	4.0816e-16	1.4398e-17
7665.6391	4.0928e-16	1.4398e-17
7667.9266	4.1032e-16	1.4063e-17
7670.2140	4.1125e-16	1.3361e-17
7672.5015	4.1207e-16	1.2986e-17
7674.7889	4.1273e-16	1.3569e-17
7677.0764	4.1305e-16	1.4640e-17
7679.3638	4.1293e-16	1.5471e-17
7681.6513	4.1234e-16	1.6010e-17
7683.9387	4.1120e-16	1.6291e-17
7686.2262	4.0940e-16	1.6211e-17
7688.5136	4.0694e-16	1.6220e-17
7690.8011	4.0399e-16	1.6467e-17
7693.0886	4.0076e-16	1.6707e-17
7695.3760	3.9750e-16	1.6992e-17
7697.6635	3.9450e-16	1.7143e-17
7699.9509	3.9207e-16	1.6841e-17
7702.2384	3.9043e-16	1.6207e-17
7704.5258	3.8964e-16	1.5336e-17
7706.8133	3.8956e-16	1.4482e-17
7709.1007	3.8990e-16	1.3918e-17
7711.3882	3.9028e-16	1.3750e-17
7713.6756	3.9030e-16	1.3892e-17
7715.9631	3.8964e-16	1.4097e-17
7718.2505	3.8812e-16	1.4011e-17
7720.5380	3.8581e-16	1.3510e-17
7722.8255	3.8298e-16	1.2485e-17
7725.1129	3.7995e-16	1.0946e-17
7727.4004	3.7705e-16	9.4043e-18
7729.6878	3.7464e-16	8.1106e-18
7731.9753	3.7289e-16	7.0021e-18
7734.2627	3.7174e-16	6.8640e-18
7736.5502	3.7100e-16	7.0961e-18
7738.8376	3.7055e-16	6.8850e-18
7741.1251	3.7015e-16	6.4698e-18
7743.4125	3.6960e-16	5.5795e-18
7745.7000	3.6890e-16	4.4453e-18
7747.9874	3.6826e-16	4.2155e-18
7750.2749	3.6786e-16	4.3972e-18
7752.5624	3.6764e-16	4.5832e-18
7754.8498	3.6749e-16	4.6244e-18
7757.1373	3.6742e-16	4.6151e-18
7759.4247	3.6729e-16	4.6796e-18
7761.7122	3.6698e-16	4.8963e-18
7763.9996	3.6656e-16	5.1176e-18
7766.2871	3.6615e-16	5.3170e-18
7768.5745	3.6568e-16	5.3198e-18
7770.8620	3.6507e-16	5.2846e-18
7773.1494	3.6437e-16	5.6159e-18
7775.4369	3.6374e-16	6.1399e-18
7777.7243	3.6331e-16	6.4871e-18
7780.0118	3.6313e-16	6.6645e-18
7782.2992	3.6324e-16	6.6540e-18
7784.5867	3.6357e-16	6.6280e-18
7786.8742	3.6404e-16	6.6721e-18
7789.1616	3.6460e-16	6.6204e-18
7791.4491	3.6524e-16	6.6289e-18
7793.7365	3.6594e-16	6.7994e-18
7796.0240	3.6662e-16	7.0979e-18
7798.3114	3.6717e-16	7.3200e-18
7800.5989	3.6760e-16	7.3020e-18
7802.8863	3.6791e-16	7.6571e-18
7805.1738	3.6796e-16	8.6401e-18
7807.4612	3.6763e-16	9.6336e-18
7809.7487	3.6722e-16	1.0459e-17
7812.0361	3.6696e-16	1.1120e-17
7814.3236	3.6666e-16	1.1404e-17
7816.6111	3.6622e-16	1.1471e-17
7818.8985	3.6583e-16	1.1480e-17
7821.1860	3.6538e-16	1.1276e-17
7823.4734	3.6454e-16	1.0824e-17
7825.7609	3.6339e-16	1.0455e-17
7828.0483	3.6227e-16	1.0324e-17
7830.3358	3.6122e-16	1.0560e-17
7832.6232	3.6008e-16	1.1469e-17
7834.9107	3.5888e-16	1.2890e-17
7837.1981	3.5778e-16	1.4221e-17
7839.4856	3.5678e-16	1.5327e-17
7841.7730	3.5576e-16	1.6255e-17
7844.0605	3.5476e-16	1.6726e-17
7846.3480	3.5393e-16	1.6721e-17
7848.6354	3.5322e-16	1.6761e-17
7850.9229	3.5251e-16	1.6922e-17
7853.2103	3.5183e-16	1.7135e-17
7855.4978	3.5124e-16	1.7589e-17
7857.7852	3.5066e-16	1.8087e-17
7860.0727	3.5006e-16	1.8493e-17
7862.3601	3.4950e-16	1.9059e-17
7864.6476	3.4898e-16	1.9682e-17
7866.9350	3.4849e-16	2.0073e-17
7869.2225	3.4801e-16	2.0209e-17
7871.5099	3.4749e-16	2.0242e-17
7873.7974	3.4684e-16	2.0202e-17
7876.0848	3.4606e-16	2.0182e-17
7878.3723	3.4517e-16	2.0262e-17
7880.6598	3.4423e-16	2.0058e-17
7882.9472	3.4344e-16	1.9256e-17
7885.2347	3.4295e-16	1.8233e-17
7887.5221	3.4277e-16	1.7288e-17
7889.8096	3.4282e-16	1.6277e-17
7892.0970	3.4299e-16	1.5586e-17
7894.3845	3.4321e-16	1.5889e-17
7896.6719	3.4344e-16	1.6531e-17
7898.9594	3.4366e-16	1.6617e-17
7901.2468	3.4386e-16	1.6179e-17
7903.5343	3.4406e-16	1.5278e-17
7905.8217	3.4427e-16	1.4016e-17
7908.1092	3.4451e-16	1.2523e-17
7910.3967	3.4484e-16	1.0951e-17
7912.6841	3.4522e-16	9.4736e-18
7914.9716	3.4558e-16	8.5847e-18
7917.2590	3.4591e-16	8.8888e-18
7919.5465	3.4615e-16	9.9805e-18
7921.8339	3.4626e-16	1.1009e-17
7924.1214	3.4637e-16	1.1731e-17
7926.4088	3.4664e-16	1.1974e-17
7928.6963	3.4720e-16	1.1841e-17
7930.9837	3.4806e-16	1.1719e-17
7933.2712	3.4919e-16	1.1587e-17
7935.5586	3.5047e-16	1.1227e-17
7937.8461	3.5172e-16	1.0846e-17
7940.1336	3.5284e-16	1.0604e-17
7942.4210	3.5393e-16	1.0260e-17
7944.7085	3.5510e-16	1.0256e-17
7946.9959	3.5630e-16	1.1135e-17
7949.2834	3.5738e-16	1.2112e-17
7951.5708	3.5833e-16	1.2657e-17
7953.8583	3.5915e-16	1.2745e-17
7956.1457	3.5969e-16	1.2744e-17
7958.4332	3.5996e-16	1.2829e-17
7960.7206	3.6006e-16	1.2939e-17
7963.0081	3.5994e-16	1.2935e-17
7965.2955	3.5959e-16	1.2649e-17
7967.5830	3.5918e-16	1.2112e-17
7969.8704	3.5894e-16	1.1524e-17
7972.1579	3.5902e-16	1.0914e-17
7974.4454	3.5942e-16	1.0346e-17
7976.7328	3.6012e-16	1.0030e-17
7979.0203	3.6115e-16	9.9634e-18
7981.3077	3.6241e-16	1.0008e-17
7983.5952	3.6376e-16	1.0240e-17
7985.8826	3.6522e-16	1.0544e-17
7988.1701	3.6677e-16	1.0623e-17
7990.4575	3.6831e-16	1.0376e-17
7992.7450	3.6972e-16	9.6661e-18
7995.0324	3.7101e-16	8.4141e-18
7997.3199	3.7209e-16	6.7582e-18
7999.6073	3.7291e-16	5.1284e-18
8001.8948	3.7346e-16	4.3339e-18
8004.1823	3.7391e-16	4.2747e-18
8006.4697	3.7446e-16	4.5056e-18
8008.7572	3.7507e-16	5.2788e-18
8011.0446	3.7563e-16	6.1331e-18
8013.3321	3.7617e-16	6.7795e-18
8015.6195	3.7675e-16	7.0993e-18
8017.9070	3.7724e-16	7.2011e-18
8020.1944	3.7765e-16	7.3818e-18
8022.4819	3.7808e-16	7.6757e-18
8024.7693	3.7850e-16	7.8764e-18
8027.0568	3.7882e-16	7.9110e-18
8029.3442	3.7913e-16	7.8506e-18
8031.6317	3.7960e-16	7.6597e-18
8033.9192	3.8029e-16	7.4639e-18
8036.2066	3.8115e-16	7.7048e-18
8038.4941	3.8210e-16	8.6792e-18
8040.7815	3.8320e-16	1.0231e-17
8043.0690	3.8442e-16	1.1841e-17
8045.3564	3.8572e-16	1.3090e-17
8047.6439	3.8711e-16	1.3830e-17
8049.9313	3.8853e-16	1.4173e-17
8052.2188	3.8991e-16	1.4283e-17
8054.5062	3.9123e-16	1.4220e-17
8056.7937	3.9246e-16	1.3995e-17
8059.0811	3.9363e-16	1.3738e-17
8061.3686	3.9471e-16	1.3664e-17
8063.6560	3.9563e-16	1.4062e-17
8065.9435	3.9629e-16	1.4804e-17
8068.2310	3.9660e-16	1.5536e-17
8070.5184	3.9662e-16	1.6163e-17
8072.8059	3.9645e-16	1.6609e-17
8075.0933	3.9616e-16	1.6841e-17
8077.3808	3.9581e-16	1.6946e-17
8079.6682	3.9548e-16	1.6943e-17
8081.9557	3.9514e-16	1.6852e-17
8084.2431	3.9469e-16	1.6660e-17
8086.5306	3.9415e-16	1.6202e-17
8088.8180	3.9363e-16	1.5281e-17
8091.1055	3.9321e-16	1.3866e-17
8093.3929	3.9286e-16	1.2165e-17
8095.6804	3.9253e-16	1.0568e-17
8097.9679	3.9223e-16	9.4115e-18
8100.2553	3.9193e-16	9.2566e-18
8102.5428	3.9156e-16	1.0303e-17
8104.8302	3.9121e-16	1.1638e-17
8107.1177	3.9095e-16	1.2597e-17
8109.4051	3.9082e-16	1.2965e-17
8111.6926	3.9077e-16	1.2699e-17
8113.9800	3.9072e-16	1.2009e-17
8116.2675	3.9059e-16	1.1077e-17
8118.5549	3.9039e-16	9.8225e-18
8120.8424	3.9026e-16	8.4781e-18
8123.1298	3.9017e-16	7.4675e-18
8125.4173	3.9007e-16	6.8450e-18
8127.7048	3.8996e-16	6.5440e-18
8129.9922	3.8970e-16	6.5244e-18
8132.2797	3.8920e-16	6.7781e-18
8134.5671	3.8857e-16	7.3363e-18
8136.8546	3.8803e-16	8.3135e-18
8139.1420	3.8771e-16	9.4360e-18
8141.4295	3.8753e-16	1.0216e-17
8143.7169	3.8735e-16	1.0680e-17
8146.0044	3.8708e-16	1.1145e-17
8148.2918	3.8673e-16	1.1567e-17
8150.5793	3.8627e-16	1.1591e-17
8152.8667	3.8580e-16	1.1123e-17
8155.1542	3.8542e-16	1.0427e-17
8157.4416	3.8512e-16	9.8140e-18
8159.7291	3.8486e-16	9.5490e-18
8162.0166	3.8473e-16	9.8032e-18
8164.3040	3.8480e-16	1.0246e-17
8166.5915	3.8507e-16	1.0573e-17
8168.8789	3.8546e-16	1.0779e-17
8171.1664	3.8592e-16	1.0839e-17
8173.4538	3.8642e-16	1.0760e-17
8175.7413	3.8694e-16	1.0678e-17
8178.0287	3.8737e-16	1.0692e-17
8180.3162	3.8771e-16	1.0743e-17
8182.6036	3.8804e-16	1.0735e-17
8184.8911	3.8826e-16	1.0476e-17
8187.1785	3.8821e-16	9.9129e-18
8189.4660	3.8791e-16	9.4290e-18
8191.7535	3.8742e-16	9.1381e-18
8194.0409	3.8680e-16	8.9301e-18
8196.3284	3.8617e-16	8.8313e-18
8198.6158	3.8565e-16	8.7012e-18
8200.9033	3.8518e-16	8.3941e-18
8203.1907	3.8472e-16	8.1072e-18
8205.4782	3.8421e-16	7.9994e-18
8207.7656	3.8356e-16	8.1701e-18
8210.0531	3.8280e-16	8.5397e-18
8212.3405	3.8203e-16	8.5652e-18
8214.6280	3.8123e-16	8.1827e-18
8216.9154	3.8028e-16	7.7881e-18
8219.2029	3.7927e-16	7.5864e-18
8221.4904	3.7841e-16	7.5638e-18
8223.7778	3.7784e-16	7.5878e-18
8226.0653	3.7739e-16	7.5827e-18
8228.3527	3.7696e-16	7.5916e-18
8230.6402	3.7656e-16	7.5625e-18
8232.9276	3.7610e-16	7.5382e-18
8235.2151	3.7556e-16	7.5324e-18
8237.5025	3.7513e-16	7.4425e-18
8239.7900	3.7494e-16	7.3251e-18
8242.0774	3.7491e-16	7.1158e-18
8244.3649	3.7491e-16	6.5264e-18
8246.6523	3.7488e-16	5.7697e-18
8248.9398	3.7474e-16	5.4232e-18
8251.2272	3.7447e-16	5.3544e-18
8253.5147	3.7406e-16	5.4139e-18
8255.8022	3.7354e-16	5.2840e-18
8258.0896	3.7302e-16	4.3538e-18
8260.3771	3.7257e-16	3.3199e-18
8262.6645	3.7221e-16	2.9371e-18
8264.9520	3.7192e-16	2.8151e-18
8267.2394	3.7165e-16	2.8848e-18
8269.5269	3.7131e-16	3.0704e-18
8271.8143	3.7081e-16	3.0727e-18
8274.1018	3.7013e-16	3.1518e-18
8276.3892	3.6929e-16	3.2653e-18
8278.6767	3.6834e-16	3.3699e-18
8280.9641	3.6736e-16	3.3708e-18
8283.2516	3.6644e-16	3.4096e-18
8285.5391	3.6562e-16	3.7820e-18
8287.8265	3.6482e-16	4.1977e-18
8290.1140	3.6394e-16	4.6181e-18
8292.4014	3.6296e-16	5.3089e-18
8294.6889	3.6193e-16	6.1187e-18
8296.9763	3.6095e-16	6.4190e-18
8299.2638	3.6016e-16	6.4165e-18
8301.5512	3.5957e-16	6.4032e-18
8303.8387	3.5916e-16	6.3975e-18
8306.1261	3.5893e-16	6.2041e-18
8308.4136	3.5880e-16	5.8436e-18
8310.7010	3.5867e-16	5.8017e-18
8312.9885	3.5855e-16	5.7998e-18
8315.2760	3.5846e-16	5.8757e-18
8317.5634	3.5831e-16	6.3825e-18
8319.8509	3.5799e-16	7.0908e-18
8322.1383	3.5750e-16	7.6707e-18
8324.4258	3.5691e-16	7.8162e-18
8326.7132	3.5629e-16	7.6277e-18
8329.0007	3.5572e-16	7.5029e-18
8331.2881	3.5527e-16	7.6892e-18
8333.5756	3.5491e-16	7.8933e-18
8335.8630	3.5445e-16	7.8803e-18
8338.1505	3.5370e-16	7.9191e-18
8340.4379	3.5263e-16	8.0911e-18
8342.7254	3.5137e-16	8.2142e-18
8345.0128	3.4991e-16	8.6058e-18
8347.3003	3.4834e-16	9.2402e-18
8349.5878	3.4691e-16	9.7818e-18
8351.8752	3.4566e-16	1.0039e-17
8354.1627	3.4441e-16	1.0134e-17
8356.4501	3.4313e-16	1.0033e-17
8358.7376	3.4197e-16	9.4514e-18
8361.0250	3.4091e-16	8.8610e-18
8363.3125	3.3992e-16	8.7647e-18
8365.5999	3.3910e-16	9.1697e-18
8367.8874	3.3851e-16	1.0479e-17
8370.1748	3.3806e-16	1.2536e-17
8372.4623	3.3765e-16	1.4615e-17
8374.7497	3.3727e-16	1.6185e-17
8377.0372	3.3698e-16	1.7227e-17
8379.3247	3.3683e-16	1.7866e-17
8381.6121	3.3681e-16	1.8270e-17
8383.8996	3.3688e-16	1.8629e-17
8386.1870	3.3699e-16	1.8803e-17
8388.4745	3.3715e-16	1.8623e-17
8390.7619	3.3736e-16	1.8199e-17
8393.0494	3.3754e-16	1.7661e-17
8395.3368	3.3753e-16	1.7098e-17
8397.6243	3.3723e-16	1.6611e-17
8399.9117	3.3664e-16	1.6249e-17
8402.1992	3.3589e-16	1.6162e-17
8404.4866	3.3521e-16	1.6673e-17
8406.7741	3.3483e-16	1.7771e-17
8409.0616	3.3479e-16	1.9156e-17
8411.3490	3.3498e-16	2.0622e-17
8413.6365	3.3526e-16	2.1733e-17
8415.9239	3.3555e-16	2.2041e-17
8418.2114	3.3584e-16	2.1417e-17
8420.4988	3.3606e-16	2.0092e-17
8422.7863	3.3618e-16	1.8635e-17
8425.0737	3.3642e-16	1.7263e-17
8427.3612	3.3691e-16	1.5937e-17
8429.6486	3.3756e-16	1.4868e-17
8431.9361	3.3834e-16	1.4303e-17
8434.2235	3.3931e-16	1.4198e-17
8436.5110	3.4031e-16	1.4767e-17
8438.7984	3.4120e-16	1.5986e-17
8441.0859	3.4206e-16	1.7167e-17
8443.3734	3.4296e-16	1.7949e-17
8445.6608	3.4388e-16	1.8504e-17
8447.9483	3.4483e-16	1.9028e-17
8450.2357	3.4583e-16	1.9438e-17
8452.5232	3.4692e-16	1.9300e-17
8454.8106	3.4810e-16	1.8299e-17
8457.0981	3.4934e-16	1.6614e-17
8459.3855	3.5057e-16	1.4757e-17
8461.6730	3.5169e-16	1.3476e-17
8463.9604	3.5263e-16	1.3336e-17
8466.2479	3.5330e-16	1.4276e-17
8468.5353	3.5364e-16	1.5701e-17
8470.8228	3.5359e-16	1.6889e-17
8473.1103	3.5328e-16	1.7525e-17
8475.3977	3.5286e-16	1.7664e-17
8477.6852	3.5235e-16	1.7659e-17
8479.9726	3.5174e-16	1.7568e-17
8482.2601	3.5106e-16	1.7362e-17
8484.5475	3.5030e-16	1.7034e-17
8486.8350	3.4941e-16	1.6531e-17
8489.1224	3.4859e-16	1.5916e-17
8491.4099	3.4803e-16	1.5255e-17
8493.6973	3.4774e-16	1.4573e-17
8495.9848	3.4755e-16	1.3886e-17
8498.2722	3.4735e-16	1.3174e-17
8500.5597	3.4717e-16	1.2486e-17
8502.8471	3.4706e-16	1.2203e-17
8505.1346	3.4699e-16	1.2502e-17
8507.4221	3.4704e-16	1.2949e-17
8509.7095	3.4721e-16	1.3228e-17
8511.9970	3.4734e-16	1.3222e-17
8514.2844	3.4730e-16	1.2641e-17
8516.5719	3.4711e-16	1.1373e-17
8518.8593	3.4684e-16	9.8356e-18
8521.1468	3.4649e-16	8.8280e-18
8523.4342	3.4605e-16	8.8446e-18
8525.7217	3.4543e-16	9.2286e-18
8528.0091	3.4446e-16	9.5210e-18
8530.2966	3.4313e-16	9.7493e-18
8532.5840	3.4153e-16	9.8381e-18
8534.8715	3.3974e-16	9.7154e-18
8537.1590	3.3785e-16	9.9373e-18
8539.4464	3.3590e-16	1.0821e-17
8541.7339	3.3389e-16	1.1686e-17
8544.0213	3.3189e-16	1.1927e-17
8546.3088	3.3007e-16	1.1620e-17
8548.5962	3.2840e-16	1.1369e-17
8550.8837	3.2684e-16	1.1310e-17
8553.1711	3.2548e-16	1.1347e-17
8555.4586	3.2425e-16	1.1399e-17
8557.7460	3.2293e-16	1.1263e-17
8560.0335	3.2154e-16	1.0940e-17
8562.3209	3.2022e-16	1.0721e-17
8564.6084	3.1896e-16	1.0799e-17
8566.8959	3.1771e-16	1.0953e-17
8569.1833	3.1662e-16	1.1037e-17
8571.4708	3.1586e-16	1.1049e-17
8573.7582	3.1546e-16	1.1051e-17
8576.0457	3.1532e-16	1.1002e-17
8578.3331	3.1535e-16	1.0922e-17
8580.6206	3.1547e-16	1.0801e-17
8582.9080	3.1558e-16	1.0418e-17
8585.1955	3.1564e-16	9.5650e-18
8587.4829	3.1566e-16	8.2841e-18
8589.7704	3.1561e-16	6.7724e-18
8592.0578	3.1544e-16	5.8590e-18
8594.3453	3.1519e-16	6.2310e-18
8596.6327	3.1500e-16	6.9660e-18
8598.9202	3.1504e-16	7.4890e-18
8601.2077	3.1536e-16	7.7855e-18
8603.4951	3.1585e-16	7.7358e-18
8605.7826	3.1637e-16	7.5595e-18
8608.0700	3.1678e-16	7.3794e-18
8610.3575	3.1702e-16	6.9582e-18
8612.6449	3.1720e-16	6.3651e-18
8614.9324	3.1739e-16	6.0965e-18
8617.2198	3.1760e-16	6.2499e-18
8619.5073	3.1786e-16	6.6665e-18
8621.7947	3.1808e-16	6.8100e-18
8624.0822	3.1815e-16	6.6064e-18
8626.3696	3.1810e-16	6.5337e-18
8628.6571	3.1803e-16	7.2091e-18
8630.9446	3.1796e-16	8.3427e-18
8633.2320	3.1789e-16	8.9986e-18
8635.5195	3.1787e-16	9.1281e-18
8637.8069	3.1790e-16	9.1327e-18
8640.0944	3.1785e-16	9.1636e-18
8642.3818	3.1749e-16	9.3157e-18
8644.6693	3.1682e-16	9.4535e-18
8646.9567	3.1599e-16	9.4413e-18
8649.2442	3.1508e-16	9.3603e-18
8651.5316	3.1412e-16	9.3973e-18
8653.8191	3.1323e-16	9.5052e-18
8656.1065	3.1237e-16	9.5243e-18
8658.3940	3.1137e-16	9.5200e-18
8660.6815	3.1010e-16	9.5234e-18
8662.9689	3.0868e-16	9.4970e-18
8665.2564	3.0721e-16	9.3098e-18
8667.5438	3.0582e-16	8.9156e-18
8669.8313	3.0460e-16	8.8341e-18
8672.1187	3.0358e-16	9.2328e-18
8674.4062	3.0266e-16	9.5578e-18
8676.6936	3.0176e-16	9.0980e-18
8678.9811	3.0090e-16	7.6536e-18
8681.2685	3.0009e-16	6.0835e-18
8683.5560	2.9946e-16	5.0594e-18
8685.8434	2.9917e-16	4.3880e-18
8688.1309	2.9922e-16	4.2682e-18
8690.4183	2.9941e-16	4.7467e-18
8692.7058	2.9957e-16	5.3496e-18
8694.9933	2.9966e-16	6.0243e-18
8697.2807	2.9969e-16	6.5262e-18
8699.5682	2.9967e-16	6.7263e-18
8701.8556	2.9971e-16	6.8308e-18
8704.1431	2.9986e-16	7.0489e-18
8706.4305	3.0007e-16	7.3969e-18
8708.7180	3.0026e-16	7.8118e-18
8711.0054	3.0047e-16	8.3130e-18
8713.2929	3.0082e-16	8.9971e-18
8715.5803	3.0134e-16	9.6000e-18
8717.8678	3.0194e-16	9.5942e-18
8720.1552	3.0262e-16	9.1662e-18
8722.4427	3.0339e-16	8.6275e-18
8724.7302	3.0432e-16	8.0184e-18
8727.0176	3.0545e-16	7.4088e-18
8729.3051	3.0675e-16	6.6951e-18
8731.5925	3.0804e-16	5.8672e-18
8733.8800	3.0911e-16	5.4047e-18
8736.1674	3.0983e-16	5.6173e-18
8738.4549	3.1019e-16	5.9553e-18
8740.7423	3.1040e-16	6.1320e-18
8743.0298	3.1066e-16	6.1603e-18
8745.3172	3.1103e-16	6.1810e-18
8747.6047	3.1144e-16	6.2746e-18
8749.8921	3.1174e-16	6.4084e-18
8752.1796	3.1185e-16	6.7317e-18
8754.4671	3.1174e-16	7.3463e-18
8756.7545	3.1151e-16	7.8787e-18
8759.0420	3.1130e-16	7.8368e-18
8761.3294	3.1122e-16	6.9445e-18
8763.6169	3.1130e-16	5.9406e-18
8765.9043	3.1154e-16	6.6852e-18
8768.1918	3.1190e-16	8.1995e-18
8770.4792	3.1232e-16	9.1375e-18
8772.7667	3.1273e-16	9.4216e-18
8775.0541	3.1308e-16	9.4100e-18
8777.3416	3.1335e-16	9.4232e-18
8779.6290	3.1347e-16	9.4907e-18
8781.9165	3.1345e-16	9.6590e-18
8784.2039	3.1339e-16	9.9425e-18
8786.4914	3.1330e-16	1.0384e-17
8788.7789	3.1315e-16	1.0944e-17
8791.0663	3.1294e-16	1.1429e-17
8793.3538	3.1266e-16	1.1737e-17
8795.6412	3.1228e-16	1.1867e-17
8797.9287	3.1185e-16	1.1870e-17
8800.2161	3.1151e-16	1.1996e-17
8802.5036	3.1136e-16	1.2724e-17
8804.7910	3.1144e-16	1.4338e-17
8807.0785	3.1173e-16	1.6370e-17
8809.3659	3.1207e-16	1.8089e-17
8811.6534	3.1231e-16	1.8977e-17
8813.9408	3.1242e-16	1.8977e-17
8816.2283	3.1235e-16	1.8690e-17
8818.5158	3.1203e-16	1.8607e-17
8820.8032	3.1148e-16	1.8725e-17
8823.0907	3.1082e-16	1.8872e-17
8825.3781	3.1011e-16	1.8957e-17
8827.6656	3.0943e-16	1.8977e-17
8829.9530	3.0887e-16	1.8960e-17
8832.2405	3.0841e-16	1.9003e-17
8834.5279	3.0797e-16	1.9104e-17
8836.8154	3.0742e-16	1.9059e-17
8839.1028	3.0667e-16	1.8865e-17
8841.3903	3.0581e-16	1.8676e-17
8843.6777	3.0493e-16	1.8511e-17
8845.9652	3.0395e-16	1.8415e-17
8848.2527	3.0290e-16	1.8421e-17
8850.5401	3.0181e-16	1.8106e-17
8852.8276	3.0063e-16	1.6883e-17
8855.1150	2.9936e-16	1.4579e-17
8857.4025	2.9811e-16	1.1571e-17
8859.6899	2.9691e-16	9.0130e-18
8861.9774	2.9563e-16	8.2769e-18
8864.2648	2.9420e-16	8.8440e-18
8866.5523	2.9257e-16	9.3930e-18
8868.8397	2.9078e-16	9.4974e-18
8871.1272	2.8887e-16	9.3847e-18
8873.4146	2.8692e-16	9.4160e-18
8875.7021	2.8514e-16	9.5590e-18
8877.9895	2.8368e-16	9.5547e-18
8880.2770	2.8251e-16	9.2008e-18
8882.5645	2.8149e-16	8.5561e-18
8884.8519	2.8048e-16	8.0424e-18
8887.1394	2.7930e-16	7.8446e-18
8889.4268	2.7787e-16	7.7335e-18
8891.7143	2.7631e-16	7.6058e-18
8894.0017	2.7485e-16	7.5295e-18
8896.2892	2.7357e-16	7.7841e-18
8898.5766	2.7246e-16	9.0051e-18
8900.8641	2.7152e-16	1.1041e-17
8903.1515	2.7076e-16	1.2848e-17
8905.4390	2.7018e-16	1.3832e-17
8907.7264	2.6971e-16	1.4131e-17
8910.0139	2.6938e-16	1.3992e-17
8912.3014	2.6921e-16	1.3650e-17
8914.5888	2.6923e-16	1.3317e-17
8916.8763	2.6951e-16	1.3188e-17
8919.1637	2.7010e-16	1.3239e-17
8921.4512	2.7088e-16	1.3228e-17
8923.7386	2.7159e-16	1.3133e-17
8926.0261	2.7195e-16	1.3101e-17
8928.3135	2.7180e-16	1.3178e-17
8930.6010	2.7118e-16	1.3269e-17
8932.8884	2.7025e-16	1.3429e-17
8935.1759	2.6925e-16	1.3738e-17
8937.4633	2.6841e-16	1.4101e-17
8939.7508	2.6783e-16	1.4494e-17
8942.0383	2.6740e-16	1.4887e-17
8944.3257	2.6696e-16	1.5035e-17
8946.6132	2.6645e-16	1.4550e-17
8948.9006	2.6579e-16	1.3197e-17
8951.1881	2.6492e-16	1.1328e-17
8953.4755	2.6393e-16	9.6676e-18
8955.7630	2.6300e-16	8.6555e-18
8958.0504	2.6221e-16	8.3223e-18
8960.3379	2.6147e-16	8.3494e-18
8962.6253	2.6077e-16	8.5169e-18
8964.9128	2.6020e-16	8.8777e-18
8967.2002	2.5970e-16	9.2991e-18
8969.4877	2.5912e-16	9.5529e-18
8971.7751	2.5851e-16	9.7019e-18
8974.0626	2.5806e-16	9.8882e-18
8976.3501	2.5780e-16	1.0089e-17
8978.6375	2.5772e-16	1.0119e-17
8980.9250	2.5780e-16	9.7945e-18
8983.2124	2.5785e-16	9.0246e-18
8985.4999	2.5772e-16	7.9692e-18
8987.7873	2.5743e-16	6.9145e-18
8990.0748	2.5708e-16	6.2010e-18
8992.3622	2.5683e-16	5.6807e-18
8994.6497	2.5692e-16	5.2580e-18
8996.9371	2.5738e-16	5.4182e-18
8999.2246	2.5798e-16	6.1277e-18
9001.5120	2.5858e-16	6.7936e-18
9003.7995	2.5918e-16	7.0663e-18
9006.0870	2.5979e-16	7.1226e-18
9008.3744	2.6036e-16	7.1252e-18
9010.6619	2.6089e-16	7.2036e-18
9012.9493	2.6136e-16	7.5234e-18
9015.2368	2.6173e-16	8.3025e-18
9017.5242	2.6198e-16	9.4773e-18
9019.8117	2.6218e-16	1.0776e-17
9022.0991	2.6246e-16	1.2013e-17
9024.3866	2.6286e-16	1.2871e-17
9026.6740	2.6334e-16	1.3225e-17
9028.9615	2.6377e-16	1.3260e-17
9031.2489	2.6404e-16	1.3070e-17
9033.5364	2.6415e-16	1.2565e-17
9035.8239	2.6417e-16	1.1665e-17
9038.1113	2.6421e-16	1.0408e-17
9040.3988	2.6438e-16	9.2872e-18
9042.6862	2.6473e-16	9.0465e-18
9044.9737	2.6530e-16	9.7541e-18
9047.2611	2.6593e-16	1.0762e-17
9049.5486	2.6641e-16	1.1436e-17
9051.8360	2.6664e-16	1.1745e-17
9054.1235	2.6654e-16	1.1790e-17
9056.4109	2.6611e-16	1.1742e-17
9058.6984	2.6546e-16	1.1712e-17
9060.9858	2.6484e-16	1.1794e-17
9063.2733	2.6437e-16	1.1867e-17
9065.5607	2.6402e-16	1.1782e-17
9067.8482	2.6364e-16	1.1398e-17
9070.1357	2.6304e-16	1.0255e-17
9072.4231	2.6209e-16	8.6133e-18
9074.7106	2.6076e-16	7.2732e-18
9076.9980	2.5914e-16	6.5669e-18
9079.2855	2.5747e-16	6.0273e-18
9081.5729	2.5593e-16	5.5305e-18
9083.8604	2.5460e-16	5.5518e-18
9086.1478	2.5344e-16	6.4121e-18
9088.4353	2.5238e-16	8.2721e-18
9090.7227	2.5132e-16	1.0400e-17
9093.0102	2.5015e-16	1.1856e-17
9095.2976	2.4890e-16	1.2494e-17
9097.5851	2.4766e-16	1.2731e-17
9099.8726	2.4644e-16	1.2840e-17
9102.1600	2.4518e-16	1.2924e-17
9104.4475	2.4386e-16	1.2939e-17
9106.7349	2.4257e-16	1.2961e-17
9109.0224	2.4140e-16	1.3155e-17
9111.3098	2.4042e-16	1.3448e-17
9113.5973	2.3966e-16	1.3656e-17
9115.8847	2.3900e-16	1.3631e-17
9118.1722	2.3822e-16	1.3469e-17
9120.4596	2.3719e-16	1.3341e-17
9122.7471	2.3596e-16	1.3226e-17
9125.0345	2.3476e-16	1.2786e-17
9127.3220	2.3377e-16	1.2292e-17
9129.6095	2.3309e-16	1.2331e-17
9131.8969	2.3274e-16	1.3064e-17
9134.1844	2.3260e-16	1.3879e-17
9136.4718	2.3239e-16	1.3704e-17
9138.7593	2.3192e-16	1.2732e-17
9141.0467	2.3117e-16	1.2523e-17
9143.3342	2.3014e-16	1.3459e-17
9145.6216	2.2884e-16	1.4295e-17
9147.9091	2.2739e-16	1.4335e-17
9150.1965	2.2596e-16	1.4244e-17
9152.4840	2.2460e-16	1.4748e-17
9154.7714	2.2324e-16	1.5558e-17
9157.0589	2.2186e-16	1.5963e-17
9159.3463	2.2054e-16	1.5854e-17
9161.6338	2.1934e-16	1.5557e-17
9163.9213	2.1823e-16	1.5294e-17
9166.2087	2.1728e-16	1.5231e-17
9168.4962	2.1658e-16	1.5230e-17
9170.7836	2.1604e-16	1.5088e-17
9173.0711	2.1542e-16	1.4972e-17
9175.3585	2.1464e-16	1.5001e-17
9177.6460	2.1367e-16	1.4985e-17
9179.9334	2.1250e-16	1.4579e-17
9182.2209	2.1122e-16	1.3879e-17
9184.5083	2.0998e-16	1.3559e-17
9186.7958	2.0882e-16	1.3550e-17
9189.0832	2.0781e-16	1.2889e-17
9191.3707	2.0704e-16	1.1215e-17
9193.6582	2.0648e-16	9.4166e-18
9195.9456	2.0607e-16	8.8702e-18
9198.2331	2.0586e-16	9.1812e-18
9200.5205	2.0582e-16	8.9462e-18
9202.8080	2.0581e-16	7.9096e-18
9205.0954	2.0579e-16	6.8323e-18
9207.3829	2.0576e-16	6.5678e-18
9209.6703	2.0578e-16	7.2277e-18
9211.9578	2.0589e-16	8.0095e-18
9214.2452	2.0604e-16	8.4349e-18
9216.5327	2.0612e-16	8.5750e-18
9218.8201	2.0594e-16	8.5798e-18
9221.1076	2.0538e-16	8.6186e-18
9223.3951	2.0435e-16	8.7140e-18
9225.6825	2.0294e-16	8.7642e-18
9227.9700	2.0152e-16	8.7889e-18
9230.2574	2.0059e-16	8.8753e-18
9232.5449	2.0040e-16	9.0927e-18
9234.8323	2.0080e-16	9.3472e-18
9237.1198	2.0148e-16	9.4706e-18
9239.4072	2.0209e-16	9.4040e-18
9241.6947	2.0227e-16	9.3385e-18
9243.9821	2.0186e-16	9.5645e-18
9246.2696	2.0112e-16	9.8182e-18
9248.5570	2.0038e-16	9.7420e-18
9250.8445	1.9985e-16	9.5398e-18
9253.1319	1.9957e-16	9.5673e-18
9255.4194	1.9950e-16	9.6547e-18
9257.7069	1.9954e-16	9.3439e-18
9259.9943	1.9954e-16	8.8476e-18
9262.2818	1.9938e-16	8.6823e-18
9264.5692	1.9888e-16	9.0129e-18
9266.8567	1.9794e-16	9.4892e-18
9269.1441	1.9670e-16	9.6997e-18
9271.4316	1.9543e-16	9.6899e-18
9273.7190	1.9444e-16	9.6762e-18
9276.0065	1.9407e-16	9.6644e-18
9278.2939	1.9441e-16	9.7051e-18
9280.5814	1.9523e-16	9.8084e-18
9282.8688	1.9614e-16	9.9214e-18
9285.1563	1.9673e-16	9.8323e-18
9287.4438	1.9677e-16	9.8433e-18
9289.7312	1.9626e-16	1.1192e-17
9292.0187	1.9538e-16	1.3317e-17
9294.3061	1.9431e-16	1.4862e-17
9296.5936	1.9317e-16	1.5327e-17
9298.8810	1.9203e-16	1.5144e-17
9301.1685	1.9094e-16	1.5936e-17
9303.4559	1.8983e-16	1.7807e-17
9305.7434	1.8862e-16	1.8889e-17
9308.0308	1.8728e-16	1.8954e-17
9310.3183	1.8577e-16	1.9206e-17
9312.6057	1.8410e-16	2.0087e-17
9314.8932	1.8239e-16	2.0948e-17
9317.1806	1.8085e-16	2.1185e-17
9319.4681	1.7970e-16	2.1135e-17
9321.7556	1.7899e-16	2.1155e-17
9324.0430	1.7853e-16	2.1163e-17
9326.3305	1.7805e-16	2.1031e-17
9328.6179	1.7730e-16	2.0743e-17
9330.9054	1.7623e-16	2.0414e-17
9333.1928	1.7493e-16	2.0446e-17
9335.4803	1.7349e-16	2.0802e-17
9337.7677	1.7203e-16	2.0502e-17
9340.0552	1.7075e-16	1.9295e-17
9342.3426	1.6974e-16	1.7904e-17
9344.6301	1.6898e-16	1.7476e-17
9346.9175	1.6853e-16	1.8643e-17
9349.2050	1.6845e-16	2.0039e-17
9351.4925	1.6855e-16	2.0008e-17
9353.7799	1.6859e-16	1.9322e-17
9356.0674	1.6846e-16	1.9658e-17
9358.3548	1.6817e-16	2.1154e-17
9360.6423	1.6772e-16	2.2591e-17
9362.9297	1.6719e-16	2.3107e-17
9365.2172	1.6670e-16	2.3221e-17
9367.5046	1.6640e-16	2.3328e-17
9369.7921	1.6629e-16	2.3365e-17
9372.0795	1.6625e-16	2.3376e-17
9374.3670	1.6624e-16	2.3411e-17
9376.6544	1.6622e-16	2.3534e-17
9378.9419	1.6611e-16	2.3699e-17
9381.2294	1.6592e-16	2.3694e-17
9383.5168	1.6583e-16	2.3507e-17
9385.8043	1.6592e-16	2.3430e-17
9388.0917	1.6607e-16	2.3557e-17
9390.3792	1.6615e-16	2.3668e-17
9392.6666	1.6624e-16	2.3298e-17
9394.9541	1.6643e-16	2.1846e-17
9397.2415	1.6670e-16	1.9157e-17
9399.5290	1.6711e-16	1.6666e-17
9401.8164	1.6783e-16	1.5848e-17
9404.1039	1.6883e-16	1.5889e-17
9406.3913	1.6996e-16	1.5165e-17
9408.6788	1.7111e-16	1.3242e-17
9410.9662	1.7209e-16	1.1848e-17
9413.2537	1.7266e-16	1.2200e-17
9415.5412	1.7278e-16	1.2972e-17
9417.8286	1.7260e-16	1.3427e-17
9420.1161	1.7240e-16	1.3658e-17
9422.4035	1.7261e-16	1.3507e-17
9424.6910	1.7357e-16	1.3564e-17
9426.9784	1.7525e-16	1.4673e-17
9429.2659	1.7726e-16	1.5965e-17
9431.5533	1.7914e-16	1.6709e-17
9433.8408	1.8056e-16	1.6884e-17
9436.1282	1.8136e-16	1.6728e-17
9438.4157	1.8160e-16	1.6772e-17
9440.7031	1.8159e-16	1.7067e-17
9442.9906	1.8164e-16	1.7153e-17
9445.2781	1.8183e-16	1.7014e-17
9447.5655	1.8206e-16	1.6682e-17
9449.8530	1.8228e-16	1.6586e-17
9452.1404	1.8245e-16	1.7041e-17
9454.4279	1.8260e-16	1.7337e-17
9456.7153	1.8282e-16	1.7224e-17
9459.0028	1.8317e-16	1.6738e-17
9461.2902	1.8358e-16	1.5678e-17
9463.5777	1.8392e-16	1.4351e-17
9465.8651	1.8415e-16	1.3401e-17
9468.1526	1.8441e-16	1.2863e-17
9470.4400	1.8489e-16	1.2759e-17
9472.7275	1.8576e-16	1.2810e-17
9475.0150	1.8695e-16	1.1978e-17
9477.3024	1.8816e-16	1.0653e-17
9479.5899	1.8897e-16	9.9062e-18
9481.8773	1.8909e-16	9.7962e-18
9484.1648	1.8854e-16	9.7124e-18
9486.4522	1.8772e-16	8.7820e-18
9488.7397	1.8699e-16	7.1512e-18
9491.0271	1.8641e-16	6.5832e-18
9493.3146	1.8592e-16	7.4396e-18
9495.6020	1.8551e-16	8.8323e-18
9497.8895	1.8494e-16	1.0035e-17
9500.1769	1.8396e-16	1.0336e-17
9502.4644	1.8275e-16	9.9894e-18
9504.7518	1.8162e-16	9.7623e-18
9507.0393	1.8068e-16	1.0025e-17
9509.3268	1.8002e-16	1.0584e-17
9511.6142	1.7985e-16	1.1184e-17
9513.9017	1.8018e-16	1.1362e-17
9516.1891	1.8065e-16	1.1252e-17
9518.4766	1.8088e-16	1.1441e-17
9520.7640	1.8073e-16	1.1762e-17
9523.0515	1.8027e-16	1.1987e-17
9525.3389	1.7964e-16	1.2008e-17
9527.6264	1.7908e-16	1.1826e-17
9529.9138	1.7864e-16	1.1686e-17
9532.2013	1.7822e-16	1.1587e-17
9534.4887	1.7783e-16	1.1525e-17
9536.7762	1.7763e-16	1.2042e-17
9539.0637	1.7763e-16	1.3016e-17
9541.3511	1.7777e-16	1.3356e-17
9543.6386	1.7793e-16	1.2761e-17
9545.9260	1.7781e-16	1.1634e-17
9548.2135	1.7717e-16	1.0733e-17
9550.5009	1.7610e-16	1.0313e-17
9552.7884	1.7497e-16	1.0574e-17
9555.0758	1.7415e-16	1.1209e-17
9557.3633	1.7380e-16	1.1409e-17
9559.6507	1.7380e-16	1.1200e-17
9561.9382	1.7397e-16	1.1160e-17
9564.2256	1.7412e-16	1.1061e-17
9566.5131	1.7413e-16	1.0547e-17
9568.8006	1.7393e-16	9.7363e-18
9571.0880	1.7356e-16	8.9096e-18
9573.3755	1.7323e-16	8.5159e-18
9575.6629	1.7313e-16	9.6333e-18
9577.9504	1.7328e-16	1.2083e-17
9580.2378	1.7360e-16	1.4317e-17
9582.5253	1.7407e-16	1.6273e-17
9584.8127	1.7455e-16	1.7559e-17
9587.1002	1.7483e-16	1.7516e-17
9589.3876	1.7489e-16	1.7024e-17
9591.6751	1.7489e-16	1.6934e-17
9593.9625	1.7492e-16	1.7025e-17
9596.2500	1.7502e-16	1.7091e-17
9598.5374	1.7526e-16	1.7181e-17
9600.8249	1.7559e-16	1.6916e-17
9603.1124	1.7584e-16	1.6136e-17
9605.3998	1.7599e-16	1.5541e-17
9607.6873	1.7609e-16	1.5535e-17
9609.9747	1.7619e-16	1.5707e-17
9612.2622	1.7643e-16	1.5900e-17
9614.5496	1.7692e-16	1.6352e-17
9616.8371	1.7756e-16	1.7222e-17
9619.1245	1.7820e-16	1.8024e-17
9621.4120	1.7869e-16	1.8329e-17
9623.6994	1.7894e-16	1.8010e-17
9625.9869	1.7894e-16	1.6855e-17
9628.2743	1.7866e-16	1.5263e-17
9630.5618	1.7810e-16	1.3019e-17
9632.8493	1.7732e-16	1.0273e-17
9635.1367	1.7645e-16	8.5044e-18
9637.4242	1.7569e-16	7.9405e-18
9639.7116	1.7517e-16	7.9400e-18
9641.9991	1.7489e-16	8.5274e-18
9644.2865	1.7484e-16	9.8048e-18
9646.5740	1.7501e-16	1.2211e-17
9648.8614	1.7525e-16	1.4616e-17
9651.1489	1.7543e-16	1.5698e-17
9653.4363	1.7568e-16	1.5982e-17
9655.7238	1.7608e-16	1.6018e-17
9658.0112	1.7643e-16	1.5908e-17
9660.2987	1.7653e-16	1.6012e-17
9662.5862	1.7661e-16	1.5795e-17
9664.8736	1.7694e-16	1.5237e-17
9667.1611	1.7749e-16	1.4946e-17
9669.4485	1.7831e-16	1.5044e-17
9671.7360	1.7946e-16	1.5376e-17
9674.0234	1.8071e-16	1.5547e-17
9676.3109	1.8180e-16	1.5546e-17
9678.5983	1.8270e-16	1.5406e-17
9680.8858	1.8345e-16	1.4422e-17
9683.1732	1.8406e-16	1.2623e-17
9685.4607	1.8448e-16	1.1513e-17
9687.7481	1.8457e-16	1.2361e-17
9690.0356	1.8439e-16	1.5025e-17
9692.3230	1.8400e-16	1.8106e-17
9694.6105	1.8333e-16	1.9932e-17
9696.8980	1.8239e-16	2.0178e-17
9699.1854	1.8140e-16	2.0012e-17
9701.4729	1.8048e-16	1.9829e-17
9703.7603	1.7968e-16	1.9615e-17
9706.0478	1.7921e-16	1.9598e-17
9708.3352	1.7917e-16	1.9538e-17
9710.6227	1.7945e-16	1.9541e-17
9712.9101	1.7987e-16	1.9245e-17
9715.1976	1.8037e-16	1.8324e-17
9717.4850	1.8094e-16	1.7355e-17
9719.7725	1.8158e-16	1.6377e-17
9722.0599	1.8220e-16	1.5569e-17
9724.3474	1.8267e-16	1.5340e-17
9726.6349	1.8296e-16	1.5641e-17
9728.9223	1.8323e-16	1.6208e-17
9731.2098	1.8364e-16	1.6875e-17
9733.4972	1.8415e-16	1.8156e-17
9735.7847	1.8455e-16	1.9876e-17
9738.0721	1.8460e-16	2.0454e-17
9740.3596	1.8410e-16	1.9364e-17
9742.6470	1.8317e-16	1.7569e-17
9744.9345	1.8226e-16	1.5914e-17
9747.2219	1.8169e-16	1.4469e-17
9749.5094	1.8161e-16	1.3273e-17
9751.7968	1.8199e-16	1.2612e-17
9754.0843	1.8246e-16	1.3099e-17
9756.3718	1.8257e-16	1.4841e-17
9758.6592	1.8225e-16	1.7025e-17
9760.9467	1.8171e-16	1.9125e-17
9763.2341	1.8111e-16	2.0916e-17
9765.5216	1.8055e-16	2.2389e-17
9767.8090	1.8023e-16	2.3761e-17
9770.0965	1.8045e-16	2.4943e-17
9772.3839	1.8114e-16	2.5521e-17
9774.6714	1.8190e-16	2.5458e-17
9776.9588	1.8255e-16	2.5323e-17
9779.2463	1.8302e-16	2.5600e-17
9781.5337	1.8311e-16	2.5940e-17
9783.8212	1.8272e-16	2.5914e-17
9786.1086	1.8223e-16	2.5604e-17
9788.3961	1.8203e-16	2.5078e-17
9790.6836	1.8222e-16	2.4320e-17
9792.9710	1.8277e-16	2.3455e-17
9795.2585	1.8363e-16	2.2852e-17
9797.5459	1.8471e-16	2.2606e-17
9799.8334	1.8585e-16	2.2593e-17
9802.1208	1.8695e-16	2.2577e-17
9804.4083	1.8791e-16	2.2138e-17
9806.6957	1.8863e-16	2.1515e-17
9808.9832	1.8903e-16	2.1059e-17
9811.2706	1.8899e-16	2.0692e-17
9813.5581	1.8854e-16	2.0070e-17
9815.8455	1.8787e-16	1.8850e-17
9818.1330	1.8722e-16	1.7624e-17
9820.4205	1.8672e-16	1.7345e-17
9822.7079	1.8630e-16	1.7834e-17
9824.9954	1.8571e-16	1.8029e-17
9827.2828	1.8466e-16	1.7563e-17
9829.5703	1.8319e-16	1.6892e-17
9831.8577	1.8163e-16	1.6006e-17
9834.1452	1.8036e-16	1.5083e-17
9836.4326	1.7955e-16	1.4608e-17
9838.7201	1.7914e-16	1.4591e-17
9841.0075	1.7877e-16	1.5056e-17
9843.2950	1.7808e-16	1.5636e-17
9845.5824	1.7695e-16	1.5844e-17
9847.8699	1.7553e-16	1.5853e-17
9850.1574	1.7418e-16	1.5861e-17
9852.4448	1.7320e-16	1.5888e-17
9854.7323	1.7259e-16	1.5559e-17
9857.0197	1.7224e-16	1.4623e-17
9859.3072	1.7211e-16	1.3403e-17
9861.5946	1.7220e-16	1.2675e-17
9863.8821	1.7255e-16	1.3140e-17
9866.1695	1.7334e-16	1.3666e-17
9868.4570	1.7463e-16	1.3216e-17
9870.7444	1.7630e-16	1.2393e-17
9873.0319	1.7809e-16	1.2384e-17
9875.3193	1.7964e-16	1.3726e-17
9877.6068	1.8083e-16	1.5386e-17
9879.8942	1.8191e-16	1.6309e-17
9882.1817	1.8307e-16	1.6541e-17
9884.4692	1.8405e-16	1.6538e-17
9886.7566	1.8469e-16	1.6537e-17
9889.0441	1.8503e-16	1.6375e-17
9891.3315	1.8480e-16	1.6010e-17
9893.6190	1.8389e-16	1.5836e-17
9895.9064	1.8266e-16	1.6253e-17
9898.1939	1.8153e-16	1.7187e-17
9900.4813	1.8057e-16	1.7851e-17
9902.7688	1.7976e-16	1.7873e-17
9905.0562	1.7907e-16	1.8157e-17
9907.3437	1.7845e-16	1.8748e-17
9909.6311	1.7775e-16	1.8621e-17
9911.9186	1.7680e-16	1.7544e-17
9914.2061	1.7560e-16	1.6839e-17
9916.4935	1.7422e-16	1.6998e-17
9918.7810	1.7264e-16	1.7042e-17
9921.0684	1.7086e-16	1.7035e-17
9923.3559	1.6901e-16	1.7102e-17
9925.6433	1.6717e-16	1.7070e-17
9927.9308	1.6514e-16	1.6766e-17
9930.2182	1.6274e-16	1.6565e-17
9932.5057	1.5997e-16	1.6714e-17
9934.7931	1.5691e-16	1.7308e-17
9937.0806	1.5374e-16	1.8304e-17
9939.3680	1.5070e-16	1.9431e-17
9941.6555	1.4800e-16	2.0347e-17
9943.9430	1.4561e-16	2.0359e-17
9946.2304	1.4342e-16	1.9233e-17
9948.5179	1.4122e-16	1.8020e-17
9950.8053	1.3881e-16	1.7745e-17
9953.0928	1.3614e-16	1.7801e-17
9955.3802	1.3332e-16	1.7458e-17
9957.6677	1.3054e-16	1.7728e-17
9959.9551	1.2794e-16	1.8480e-17
9962.2426	1.2564e-16	1.8209e-17
9964.5300	1.2372e-16	1.7470e-17
9966.8175	1.2206e-16	1.7211e-17
9969.1049	1.2049e-16	1.7128e-17
9971.3924	1.1890e-16	1.7213e-17
9973.6798	1.1728e-16	1.7140e-17
9975.9673	1.1570e-16	1.7088e-17
9978.2548	1.1427e-16	1.7125e-17
9980.5422	1.1311e-16	1.7125e-17
9982.8297	1.1224e-16	1.7125e-17
9985.1171	1.1172e-16	1.7125e-17
9987.4046	1.1161e-16	1.7125e-17
9989.6920	1.1181e-16	1.7125e-17
9991.9795	1.1215e-16	1.7125e-17
9994.2669	1.1251e-16	1.7125e-17
9996.5544	1.1278e-16	1.7125e-17
9998.8418	1.1283e-16	1.7125e-17
10001.1290	1.1267e-16	1.7125e-17
