#wls	flux	flux_err
3627.4729	1.4640e-15	3.3686e-17
3629.7597	1.4653e-15	3.3686e-17
3632.0465	1.4672e-15	3.3686e-17
3634.3334	1.4699e-15	3.3686e-17
3636.6202	1.4741e-15	3.3686e-17
3638.9070	1.4786e-15	3.3686e-17
3641.1938	1.4833e-15	3.3686e-17
3643.4807	1.4885e-15	3.3686e-17
3645.7675	1.4937e-15	3.3686e-17
3648.0543	1.4979e-15	3.3686e-17
3650.3411	1.5029e-15	3.3686e-17
3652.6280	1.5083e-15	3.3449e-17
3654.9148	1.5139e-15	3.2291e-17
3657.2016	1.5201e-15	3.2831e-17
3659.4884	1.5268e-15	3.6282e-17
3661.7753	1.5334e-15	3.8961e-17
3664.0621	1.5399e-15	3.9451e-17
3666.3489	1.5466e-15	3.5869e-17
3668.6358	1.5533e-15	3.3571e-17
3670.9226	1.5603e-15	3.4239e-17
3673.2094	1.5682e-15	3.5094e-17
3675.4962	1.5776e-15	3.5459e-17
3677.7831	1.5879e-15	3.5392e-17
3680.0699	1.5994e-15	3.6787e-17
3682.3567	1.6118e-15	3.7034e-17
3684.6435	1.6254e-15	3.6980e-17
3686.9304	1.6393e-15	3.5338e-17
3689.2172	1.6539e-15	3.4981e-17
3691.5040	1.6690e-15	3.5280e-17
3693.7908	1.6845e-15	3.5635e-17
3696.0777	1.6996e-15	3.7081e-17
3698.3645	1.7144e-15	3.9861e-17
3700.6513	1.7286e-15	4.3675e-17
3702.9382	1.7434e-15	4.6227e-17
3705.2250	1.7577e-15	4.6801e-17
3707.5118	1.7711e-15	4.4689e-17
3709.7986	1.7844e-15	4.1060e-17
3712.0855	1.7980e-15	3.9408e-17
3714.3723	1.8106e-15	4.1129e-17
3716.6591	1.8229e-15	4.3681e-17
3718.9459	1.8354e-15	4.6519e-17
3721.2328	1.8471e-15	4.9839e-17
3723.5196	1.8578e-15	5.0406e-17
3725.8064	1.8682e-15	5.1726e-17
3728.0932	1.8781e-15	5.2685e-17
3730.3801	1.8863e-15	5.4456e-17
3732.6669	1.8943e-15	5.7378e-17
3734.9537	1.9022e-15	6.1181e-17
3737.2406	1.9085e-15	6.2814e-17
3739.5274	1.9134e-15	6.2979e-17
3741.8142	1.9180e-15	6.2545e-17
3744.1010	1.9212e-15	6.1621e-17
3746.3879	1.9231e-15	6.0951e-17
3748.6747	1.9241e-15	6.0471e-17
3750.9615	1.9240e-15	5.9519e-17
3753.2483	1.9229e-15	6.0143e-17
3755.5352	1.9217e-15	6.0328e-17
3757.8220	1.9204e-15	6.1275e-17
3760.1088	1.9196e-15	6.2325e-17
3762.3956	1.9191e-15	6.3188e-17
3764.6825	1.9175e-15	6.3098e-17
3766.9693	1.9153e-15	6.1485e-17
3769.2561	1.9124e-15	5.9027e-17
3771.5430	1.9090e-15	5.8661e-17
3773.8298	1.9049e-15	5.7252e-17
3776.1166	1.9017e-15	5.5550e-17
3778.4034	1.8979e-15	5.2986e-17
3780.6903	1.8936e-15	4.8470e-17
3782.9771	1.8881e-15	4.1001e-17
3785.2639	1.8821e-15	3.4684e-17
3787.5507	1.8750e-15	3.0203e-17
3789.8376	1.8682e-15	2.7324e-17
3792.1244	1.8619e-15	2.7179e-17
3794.4112	1.8561e-15	2.7925e-17
3796.6980	1.8502e-15	2.6797e-17
3798.9849	1.8444e-15	2.5896e-17
3801.2717	1.8374e-15	2.5664e-17
3803.5585	1.8297e-15	2.7648e-17
3805.8454	1.8214e-15	2.9377e-17
3808.1322	1.8124e-15	3.6464e-17
3810.4190	1.8035e-15	4.6148e-17
3812.7058	1.7945e-15	5.2614e-17
3814.9927	1.7852e-15	5.5546e-17
3817.2795	1.7758e-15	5.7175e-17
3819.5663	1.7673e-15	5.7143e-17
3821.8531	1.7599e-15	5.7339e-17
3824.1400	1.7537e-15	5.7923e-17
3826.4268	1.7478e-15	5.9712e-17
3828.7136	1.7428e-15	6.1465e-17
3831.0004	1.7385e-15	6.2452e-17
3833.2873	1.7349e-15	6.2133e-17
3835.5741	1.7313e-15	6.2513e-17
3837.8609	1.7291e-15	6.1911e-17
3840.1478	1.7274e-15	6.2411e-17
3842.4346	1.7266e-15	6.4002e-17
3844.7214	1.7265e-15	6.6582e-17
3847.0082	1.7286e-15	6.8797e-17
3849.2951	1.7302e-15	7.1050e-17
3851.5819	1.7323e-15	7.1127e-17
3853.8687	1.7345e-15	7.0753e-17
3856.1555	1.7363e-15	6.6916e-17
3858.4424	1.7370e-15	5.7615e-17
3860.7292	1.7387e-15	4.6671e-17
3863.0160	1.7416e-15	3.6828e-17
3865.3028	1.7452e-15	2.5828e-17
3867.5897	1.7506e-15	1.8562e-17
3869.8765	1.7585e-15	1.7651e-17
3872.1633	1.7675e-15	1.8303e-17
3874.4502	1.7766e-15	2.2924e-17
3876.7370	1.7865e-15	2.9244e-17
3879.0238	1.7972e-15	3.7331e-17
3881.3106	1.8070e-15	4.3204e-17
3883.5975	1.8161e-15	4.6725e-17
3885.8843	1.8258e-15	5.0186e-17
3888.1711	1.8350e-15	5.2765e-17
3890.4579	1.8428e-15	5.4031e-17
3892.7448	1.8509e-15	5.2706e-17
3895.0316	1.8597e-15	5.1158e-17
3897.3184	1.8681e-15	4.7879e-17
3899.6052	1.8773e-15	4.6046e-17
3901.8921	1.8858e-15	4.2832e-17
3904.1789	1.8940e-15	4.0286e-17
3906.4657	1.9019e-15	3.9452e-17
3908.7525	1.9096e-15	4.1366e-17
3911.0394	1.9151e-15	4.2276e-17
3913.3262	1.9206e-15	4.1574e-17
3915.6130	1.9248e-15	4.1346e-17
3917.8999	1.9266e-15	3.9737e-17
3920.1867	1.9265e-15	3.8247e-17
3922.4735	1.9262e-15	3.8742e-17
3924.7603	1.9237e-15	3.8669e-17
3927.0472	1.9196e-15	3.7374e-17
3929.3340	1.9146e-15	3.6064e-17
3931.6208	1.9078e-15	3.5351e-17
3933.9076	1.8980e-15	3.6707e-17
3936.1945	1.8868e-15	3.6626e-17
3938.4813	1.8740e-15	3.6410e-17
3940.7681	1.8599e-15	3.7199e-17
3943.0549	1.8447e-15	3.6580e-17
3945.3418	1.8296e-15	3.5323e-17
3947.6286	1.8149e-15	3.3443e-17
3949.9154	1.8007e-15	3.3109e-17
3952.2023	1.7868e-15	3.3035e-17
3954.4891	1.7741e-15	3.4170e-17
3956.7759	1.7615e-15	3.3362e-17
3959.0627	1.7493e-15	3.4065e-17
3961.3496	1.7380e-15	3.5248e-17
3963.6364	1.7279e-15	3.8677e-17
3965.9232	1.7184e-15	4.8468e-17
3968.2100	1.7109e-15	5.3904e-17
3970.4969	1.7047e-15	5.3819e-17
3972.7837	1.7001e-15	5.4850e-17
3975.0705	1.6969e-15	5.3135e-17
3977.3573	1.6964e-15	5.0120e-17
3979.6442	1.6981e-15	4.8579e-17
3981.9310	1.7022e-15	4.8931e-17
3984.2178	1.7078e-15	5.0735e-17
3986.5047	1.7163e-15	5.2141e-17
3988.7915	1.7270e-15	5.5460e-17
3991.0783	1.7394e-15	5.8775e-17
3993.3651	1.7531e-15	6.0154e-17
3995.6520	1.7684e-15	6.0028e-17
3997.9388	1.7834e-15	6.1944e-17
4000.2256	1.7983e-15	6.2591e-17
4002.5124	1.8123e-15	6.2523e-17
4004.7993	1.8266e-15	6.5433e-17
4007.0861	1.8412e-15	7.0362e-17
4009.3729	1.8561e-15	7.3663e-17
4011.6597	1.8708e-15	7.6128e-17
4013.9466	1.8863e-15	7.1642e-17
4016.2334	1.9028e-15	6.6281e-17
4018.5202	1.9185e-15	6.0567e-17
4020.8071	1.9336e-15	5.1423e-17
4023.0939	1.9478e-15	4.3685e-17
4025.3807	1.9614e-15	3.8513e-17
4027.6675	1.9736e-15	3.6749e-17
4029.9544	1.9851e-15	3.4533e-17
4032.2412	1.9970e-15	3.4709e-17
4034.5280	2.0088e-15	3.4969e-17
4036.8148	2.0198e-15	3.5950e-17
4039.1017	2.0301e-15	3.7312e-17
4041.3885	2.0398e-15	4.1558e-17
4043.6753	2.0480e-15	4.5907e-17
4045.9621	2.0544e-15	5.2486e-17
4048.2490	2.0604e-15	6.1933e-17
4050.5358	2.0660e-15	7.1510e-17
4052.8226	2.0704e-15	7.6927e-17
4055.1095	2.0745e-15	7.7628e-17
4057.3963	2.0792e-15	7.5613e-17
4059.6831	2.0825e-15	7.0515e-17
4061.9699	2.0845e-15	6.5108e-17
4064.2568	2.0859e-15	5.9339e-17
4066.5436	2.0865e-15	5.8312e-17
4068.8304	2.0852e-15	5.9302e-17
4071.1172	2.0830e-15	6.3688e-17
4073.4041	2.0806e-15	6.6391e-17
4075.6909	2.0770e-15	6.8814e-17
4077.9777	2.0717e-15	6.9022e-17
4080.2645	2.0670e-15	6.8997e-17
4082.5514	2.0628e-15	6.8763e-17
4084.8382	2.0581e-15	6.8564e-17
4087.1250	2.0541e-15	6.8466e-17
4089.4119	2.0520e-15	6.9241e-17
4091.6987	2.0500e-15	7.1632e-17
4093.9855	2.0478e-15	7.2595e-17
4096.2723	2.0461e-15	6.9712e-17
4098.5592	2.0446e-15	6.3658e-17
4100.8460	2.0429e-15	5.5897e-17
4103.1328	2.0404e-15	4.6222e-17
4105.4196	2.0379e-15	4.0341e-17
4107.7065	2.0350e-15	3.4658e-17
4109.9933	2.0328e-15	3.4192e-17
4112.2801	2.0298e-15	3.5977e-17
4114.5669	2.0268e-15	3.9892e-17
4116.8538	2.0239e-15	4.1216e-17
4119.1406	2.0217e-15	4.1595e-17
4121.4274	2.0183e-15	4.3597e-17
4123.7143	2.0156e-15	4.4362e-17
4126.0011	2.0128e-15	4.4345e-17
4128.2879	2.0094e-15	4.4534e-17
4130.5747	2.0046e-15	4.4531e-17
4132.8616	1.9996e-15	4.5042e-17
4135.1484	1.9935e-15	4.5219e-17
4137.4352	1.9871e-15	4.5047e-17
4139.7220	1.9800e-15	4.2800e-17
4142.0089	1.9731e-15	3.9712e-17
4144.2957	1.9667e-15	3.6576e-17
4146.5825	1.9608e-15	3.0992e-17
4148.8693	1.9543e-15	2.6993e-17
4151.1562	1.9477e-15	2.6252e-17
4153.4430	1.9402e-15	2.6195e-17
4155.7298	1.9318e-15	2.6238e-17
4158.0167	1.9228e-15	2.6218e-17
4160.3035	1.9138e-15	2.6097e-17
4162.5903	1.9060e-15	2.4472e-17
4164.8771	1.8998e-15	2.4348e-17
4167.1640	1.8942e-15	2.3047e-17
4169.4508	1.8899e-15	1.8660e-17
4171.7376	1.8878e-15	1.4509e-17
4174.0244	1.8871e-15	1.4050e-17
4176.3113	1.8876e-15	1.3264e-17
4178.5981	1.8894e-15	1.4346e-17
4180.8849	1.8914e-15	1.4821e-17
4183.1717	1.8942e-15	1.4463e-17
4185.4586	1.8972e-15	1.4603e-17
4187.7454	1.9004e-15	1.4931e-17
4190.0322	1.9046e-15	1.4664e-17
4192.3190	1.9102e-15	1.4697e-17
4194.6059	1.9161e-15	1.4506e-17
4196.8927	1.9228e-15	1.3878e-17
4199.1795	1.9298e-15	1.3451e-17
4201.4664	1.9376e-15	1.3501e-17
4203.7532	1.9462e-15	1.3664e-17
4206.0400	1.9553e-15	1.3661e-17
4208.3268	1.9653e-15	1.4087e-17
4210.6137	1.9769e-15	1.4464e-17
4212.9005	1.9885e-15	1.4764e-17
4215.1873	1.9992e-15	1.5579e-17
4217.4741	2.0093e-15	1.6202e-17
4219.7610	2.0185e-15	1.8709e-17
4222.0478	2.0264e-15	2.4397e-17
4224.3346	2.0329e-15	2.9055e-17
4226.6214	2.0390e-15	3.2321e-17
4228.9083	2.0453e-15	3.3342e-17
4231.1951	2.0503e-15	3.2345e-17
4233.4819	2.0541e-15	3.2037e-17
4235.7688	2.0573e-15	3.1632e-17
4238.0556	2.0603e-15	3.1082e-17
4240.3424	2.0614e-15	3.0725e-17
4242.6292	2.0621e-15	3.0477e-17
4244.9161	2.0625e-15	2.8667e-17
4247.2029	2.0619e-15	2.8097e-17
4249.4897	2.0595e-15	2.7538e-17
4251.7765	2.0564e-15	2.7204e-17
4254.0634	2.0521e-15	2.6239e-17
4256.3502	2.0458e-15	2.5708e-17
4258.6370	2.0387e-15	2.6754e-17
4260.9238	2.0319e-15	3.0067e-17
4263.2107	2.0246e-15	3.7302e-17
4265.4975	2.0169e-15	4.2674e-17
4267.7843	2.0092e-15	4.5591e-17
4270.0712	2.0015e-15	4.5986e-17
4272.3580	1.9930e-15	4.5276e-17
4274.6448	1.9847e-15	4.5087e-17
4276.9316	1.9768e-15	4.6170e-17
4279.2185	1.9697e-15	4.9385e-17
4281.5053	1.9629e-15	5.4655e-17
4283.7921	1.9566e-15	5.8547e-17
4286.0789	1.9499e-15	5.9352e-17
4288.3658	1.9438e-15	5.7819e-17
4290.6526	1.9384e-15	5.5920e-17
4292.9394	1.9335e-15	5.4067e-17
4295.2262	1.9299e-15	5.1093e-17
4297.5131	1.9273e-15	4.9889e-17
4299.7999	1.9248e-15	4.7402e-17
4302.0867	1.9233e-15	4.5026e-17
4304.3736	1.9223e-15	4.6859e-17
4306.6604	1.9214e-15	4.9722e-17
4308.9472	1.9204e-15	5.1916e-17
4311.2340	1.9197e-15	5.4168e-17
4313.5209	1.9185e-15	5.6541e-17
4315.8077	1.9175e-15	5.7826e-17
4318.0945	1.9167e-15	5.9375e-17
4320.3813	1.9172e-15	6.0750e-17
4322.6682	1.9183e-15	6.0832e-17
4324.9550	1.9198e-15	5.8776e-17
4327.2418	1.9224e-15	5.4836e-17
4329.5286	1.9252e-15	4.6201e-17
4331.8155	1.9280e-15	3.5181e-17
4334.1023	1.9313e-15	2.7677e-17
4336.3891	1.9349e-15	2.3287e-17
4338.6760	1.9382e-15	2.1518e-17
4340.9628	1.9416e-15	2.2850e-17
4343.2496	1.9443e-15	2.5008e-17
4345.5364	1.9455e-15	2.6592e-17
4347.8233	1.9457e-15	2.9676e-17
4350.1101	1.9445e-15	3.2678e-17
4352.3969	1.9423e-15	3.5423e-17
4354.6837	1.9396e-15	3.6633e-17
4356.9706	1.9367e-15	3.7178e-17
4359.2574	1.9332e-15	3.7055e-17
4361.5442	1.9286e-15	3.7608e-17
4363.8310	1.9225e-15	3.7675e-17
4366.1179	1.9151e-15	3.5963e-17
4368.4047	1.9063e-15	3.3288e-17
4370.6915	1.8958e-15	2.9894e-17
4372.9784	1.8843e-15	2.9691e-17
4375.2652	1.8717e-15	3.0693e-17
4377.5520	1.8581e-15	3.4673e-17
4379.8388	1.8441e-15	3.8810e-17
4382.1257	1.8301e-15	4.2720e-17
4384.4125	1.8160e-15	4.4869e-17
4386.6993	1.8026e-15	4.6282e-17
4388.9861	1.7893e-15	4.6277e-17
4391.2730	1.7752e-15	4.6274e-17
4393.5598	1.7604e-15	4.7108e-17
4395.8466	1.7442e-15	4.7671e-17
4398.1334	1.7280e-15	4.8206e-17
4400.4203	1.7122e-15	4.8449e-17
4402.7071	1.6966e-15	4.8183e-17
4404.9939	1.6817e-15	4.8440e-17
4407.2808	1.6683e-15	4.8671e-17
4409.5676	1.6548e-15	4.7300e-17
4411.8544	1.6409e-15	4.5922e-17
4414.1412	1.6268e-15	4.5029e-17
4416.4281	1.6129e-15	4.4196e-17
4418.7149	1.5988e-15	4.4563e-17
4421.0017	1.5847e-15	4.4289e-17
4423.2885	1.5717e-15	4.3697e-17
4425.5754	1.5597e-15	4.1324e-17
4427.8622	1.5478e-15	3.9208e-17
4430.1490	1.5362e-15	3.6063e-17
4432.4358	1.5255e-15	3.3931e-17
4434.7227	1.5148e-15	3.1889e-17
4437.0095	1.5040e-15	3.1943e-17
4439.2963	1.4939e-15	3.1884e-17
4441.5831	1.4844e-15	3.0646e-17
4443.8700	1.4750e-15	2.9119e-17
4446.1568	1.4663e-15	2.7812e-17
4448.4436	1.4586e-15	2.7048e-17
4450.7305	1.4522e-15	2.8653e-17
4453.0173	1.4468e-15	2.9653e-17
4455.3041	1.4423e-15	3.0214e-17
4457.5909	1.4387e-15	3.0904e-17
4459.8778	1.4354e-15	3.1672e-17
4462.1646	1.4317e-15	3.1781e-17
4464.4514	1.4279e-15	3.1656e-17
4466.7382	1.4247e-15	3.1201e-17
4469.0251	1.4214e-15	3.1265e-17
4471.3119	1.4189e-15	2.9697e-17
4473.5987	1.4179e-15	2.8350e-17
4475.8855	1.4186e-15	2.6951e-17
4478.1724	1.4208e-15	2.6423e-17
4480.4592	1.4240e-15	2.5685e-17
4482.7460	1.4282e-15	2.6925e-17
4485.0329	1.4336e-15	2.8477e-17
4487.3197	1.4392e-15	2.9558e-17
4489.6065	1.4445e-15	3.0356e-17
4491.8933	1.4501e-15	3.1088e-17
4494.1802	1.4548e-15	3.0487e-17
4496.4670	1.4587e-15	2.9061e-17
4498.7538	1.4629e-15	2.6873e-17
4501.0406	1.4666e-15	2.4514e-17
4503.3275	1.4714e-15	2.1544e-17
4505.6143	1.4768e-15	1.7877e-17
4507.9011	1.4826e-15	1.4555e-17
4510.1879	1.4878e-15	1.3477e-17
4512.4748	1.4939e-15	1.5572e-17
4514.7616	1.5002e-15	1.8570e-17
4517.0484	1.5069e-15	2.0520e-17
4519.3353	1.5139e-15	2.5265e-17
4521.6221	1.5214e-15	2.9281e-17
4523.9089	1.5290e-15	3.1906e-17
4526.1957	1.5360e-15	3.2137e-17
4528.4826	1.5435e-15	3.2255e-17
4530.7694	1.5515e-15	3.2191e-17
4533.0562	1.5596e-15	3.2583e-17
4535.3430	1.5672e-15	3.4389e-17
4537.6299	1.5752e-15	3.4615e-17
4539.9167	1.5828e-15	3.3929e-17
4542.2035	1.5900e-15	3.3834e-17
4544.4903	1.5971e-15	3.4722e-17
4546.7772	1.6031e-15	3.7179e-17
4549.0640	1.6081e-15	3.7771e-17
4551.3508	1.6122e-15	3.7039e-17
4553.6377	1.6156e-15	3.7520e-17
4555.9245	1.6178e-15	3.9933e-17
4558.2113	1.6202e-15	4.4947e-17
4560.4981	1.6215e-15	5.0158e-17
4562.7850	1.6222e-15	5.3248e-17
4565.0718	1.6221e-15	5.4190e-17
4567.3586	1.6217e-15	5.2380e-17
4569.6454	1.6209e-15	4.9349e-17
4571.9323	1.6204e-15	4.7182e-17
4574.2191	1.6199e-15	4.7604e-17
4576.5059	1.6193e-15	5.0350e-17
4578.7927	1.6190e-15	5.1079e-17
4581.0796	1.6187e-15	5.0561e-17
4583.3664	1.6180e-15	4.9532e-17
4585.6532	1.6171e-15	4.9290e-17
4587.9401	1.6160e-15	4.9325e-17
4590.2269	1.6143e-15	4.9194e-17
4592.5137	1.6128e-15	4.8222e-17
4594.8005	1.6120e-15	4.5607e-17
4597.0874	1.6112e-15	4.3828e-17
4599.3742	1.6104e-15	4.4437e-17
4601.6610	1.6101e-15	4.7154e-17
4603.9478	1.6101e-15	4.8242e-17
4606.2347	1.6098e-15	4.6821e-17
4608.5215	1.6096e-15	4.3049e-17
4610.8083	1.6100e-15	3.8709e-17
4613.0951	1.6109e-15	3.3789e-17
4615.3820	1.6122e-15	2.9777e-17
4617.6688	1.6141e-15	2.9136e-17
4619.9556	1.6167e-15	3.0605e-17
4622.2425	1.6198e-15	3.2296e-17
4624.5293	1.6231e-15	3.2458e-17
4626.8161	1.6270e-15	3.3493e-17
4629.1029	1.6315e-15	3.3600e-17
4631.3898	1.6365e-15	3.2651e-17
4633.6766	1.6418e-15	3.4009e-17
4635.9634	1.6469e-15	3.5243e-17
4638.2502	1.6525e-15	3.7647e-17
4640.5371	1.6584e-15	3.9608e-17
4642.8239	1.6646e-15	4.0997e-17
4645.1107	1.6710e-15	4.1535e-17
4647.3975	1.6781e-15	4.1842e-17
4649.6844	1.6841e-15	4.0446e-17
4651.9712	1.6890e-15	3.8475e-17
4654.2580	1.6931e-15	3.5800e-17
4656.5449	1.6963e-15	3.1693e-17
4658.8317	1.6987e-15	2.4975e-17
4661.1185	1.7012e-15	1.9618e-17
4663.4053	1.7044e-15	1.4391e-17
4665.6922	1.7075e-15	1.2479e-17
4667.9790	1.7109e-15	1.2292e-17
4670.2658	1.7148e-15	1.2404e-17
4672.5526	1.7189e-15	1.2204e-17
4674.8395	1.7221e-15	1.2359e-17
4677.1263	1.7243e-15	1.2318e-17
4679.4131	1.7255e-15	1.4980e-17
4681.6999	1.7255e-15	1.8071e-17
4683.9868	1.7241e-15	2.0687e-17
4686.2736	1.7217e-15	2.2617e-17
4688.5604	1.7186e-15	2.4156e-17
4690.8473	1.7150e-15	2.5665e-17
4693.1341	1.7114e-15	2.8289e-17
4695.4209	1.7075e-15	3.0213e-17
4697.7077	1.7041e-15	3.1564e-17
4699.9946	1.7018e-15	3.2213e-17
4702.2814	1.6995e-15	3.1186e-17
4704.5682	1.6968e-15	2.9495e-17
4706.8550	1.6944e-15	2.9533e-17
4709.1419	1.6924e-15	3.0327e-17
4711.4287	1.6900e-15	2.9509e-17
4713.7155	1.6884e-15	2.9582e-17
4716.0023	1.6876e-15	2.8901e-17
4718.2892	1.6873e-15	2.7119e-17
4720.5760	1.6870e-15	2.5642e-17
4722.8628	1.6871e-15	2.6036e-17
4725.1496	1.6881e-15	2.5657e-17
4727.4365	1.6902e-15	2.5691e-17
4729.7233	1.6937e-15	2.5702e-17
4732.0101	1.6986e-15	2.5762e-17
4734.2970	1.7054e-15	2.5733e-17
4736.5838	1.7132e-15	2.5707e-17
4738.8706	1.7220e-15	2.5262e-17
4741.1574	1.7317e-15	2.4103e-17
4743.4443	1.7417e-15	2.2155e-17
4745.7311	1.7520e-15	1.9693e-17
4748.0179	1.7631e-15	1.7906e-17
4750.3047	1.7739e-15	1.6849e-17
4752.5916	1.7848e-15	1.7159e-17
4754.8784	1.7967e-15	1.8286e-17
4757.1652	1.8081e-15	2.1039e-17
4759.4520	1.8188e-15	2.3964e-17
4761.7389	1.8287e-15	2.6080e-17
4764.0257	1.8381e-15	2.7719e-17
4766.3125	1.8473e-15	2.8617e-17
4768.5994	1.8566e-15	2.8344e-17
4770.8862	1.8655e-15	2.9007e-17
4773.1730	1.8738e-15	2.9989e-17
4775.4598	1.8818e-15	3.0318e-17
4777.7467	1.8882e-15	3.0019e-17
4780.0335	1.8935e-15	2.9074e-17
4782.3203	1.8979e-15	2.7596e-17
4784.6071	1.9021e-15	2.5886e-17
4786.8940	1.9053e-15	2.5494e-17
4789.1808	1.9082e-15	2.5480e-17
4791.4676	1.9100e-15	2.6070e-17
4793.7544	1.9106e-15	2.6129e-17
4796.0413	1.9096e-15	2.6116e-17
4798.3281	1.9072e-15	2.6397e-17
4800.6149	1.9035e-15	2.9224e-17
4802.9018	1.8986e-15	3.1532e-17
4805.1886	1.8924e-15	3.2599e-17
4807.4754	1.8852e-15	3.3046e-17
4809.7622	1.8764e-15	3.2156e-17
4812.0491	1.8660e-15	3.0577e-17
4814.3359	1.8547e-15	2.8917e-17
4816.6227	1.8426e-15	2.8647e-17
4818.9095	1.8299e-15	2.8971e-17
4821.1964	1.8167e-15	2.9352e-17
4823.4832	1.8028e-15	3.1308e-17
4825.7700	1.7887e-15	3.1771e-17
4828.0568	1.7742e-15	3.1792e-17
4830.3437	1.7590e-15	3.2817e-17
4832.6305	1.7437e-15	3.4024e-17
4834.9173	1.7289e-15	3.4328e-17
4837.2042	1.7135e-15	3.4017e-17
4839.4910	1.6982e-15	3.3366e-17
4841.7778	1.6835e-15	3.2791e-17
4844.0646	1.6694e-15	3.3138e-17
4846.3515	1.6555e-15	3.3510e-17
4848.6383	1.6425e-15	3.3265e-17
4850.9251	1.6306e-15	3.2486e-17
4853.2119	1.6198e-15	3.2810e-17
4855.4988	1.6098e-15	3.4881e-17
4857.7856	1.6008e-15	4.0174e-17
4860.0724	1.5926e-15	4.2943e-17
4862.3592	1.5848e-15	4.4787e-17
4864.6461	1.5777e-15	4.5239e-17
4866.9329	1.5715e-15	4.4597e-17
4869.2197	1.5663e-15	4.4266e-17
4871.5066	1.5614e-15	4.2382e-17
4873.7934	1.5570e-15	4.2102e-17
4876.0802	1.5529e-15	4.4601e-17
4878.3670	1.5488e-15	4.5323e-17
4880.6539	1.5443e-15	4.6586e-17
4882.9407	1.5400e-15	5.0743e-17
4885.2275	1.5361e-15	5.4550e-17
4887.5143	1.5321e-15	5.6599e-17
4889.8012	1.5282e-15	5.8038e-17
4892.0880	1.5248e-15	5.8635e-17
4894.3748	1.5222e-15	5.8969e-17
4896.6616	1.5200e-15	5.8574e-17
4898.9485	1.5179e-15	5.8157e-17
4901.2353	1.5162e-15	5.6426e-17
4903.5221	1.5142e-15	5.2843e-17
4905.8090	1.5118e-15	4.5755e-17
4908.0958	1.5087e-15	3.9480e-17
4910.3826	1.5058e-15	3.3546e-17
4912.6694	1.5024e-15	3.1308e-17
4914.9563	1.4990e-15	3.3502e-17
4917.2431	1.4957e-15	3.7801e-17
4919.5299	1.4926e-15	4.2323e-17
4921.8167	1.4897e-15	4.5505e-17
4924.1036	1.4876e-15	4.6983e-17
4926.3904	1.4855e-15	4.7669e-17
4928.6772	1.4836e-15	4.6912e-17
4930.9640	1.4820e-15	4.4000e-17
4933.2509	1.4803e-15	4.0496e-17
4935.5377	1.4785e-15	3.7690e-17
4937.8245	1.4766e-15	3.4125e-17
4940.1114	1.4743e-15	3.0453e-17
4942.3982	1.4718e-15	2.6817e-17
4944.6850	1.4691e-15	2.4737e-17
4946.9718	1.4656e-15	2.5374e-17
4949.2587	1.4620e-15	2.5384e-17
4951.5455	1.4582e-15	2.6381e-17
4953.8323	1.4534e-15	2.7897e-17
4956.1191	1.4479e-15	2.8537e-17
4958.4060	1.4422e-15	2.9616e-17
4960.6928	1.4367e-15	3.1960e-17
4962.9796	1.4313e-15	3.3281e-17
4965.2664	1.4259e-15	3.3592e-17
4967.5533	1.4204e-15	3.2760e-17
4969.8401	1.4146e-15	3.1380e-17
4972.1269	1.4089e-15	2.9716e-17
4974.4138	1.4028e-15	2.8163e-17
4976.7006	1.3970e-15	2.6784e-17
4978.9874	1.3913e-15	2.4301e-17
4981.2742	1.3858e-15	2.1541e-17
4983.5611	1.3797e-15	1.9206e-17
4985.8479	1.3736e-15	1.7929e-17
4988.1347	1.3673e-15	1.9183e-17
4990.4215	1.3605e-15	1.9968e-17
4992.7084	1.3534e-15	2.0209e-17
4994.9952	1.3467e-15	2.0455e-17
4997.2820	1.3399e-15	2.0953e-17
4999.5688	1.3323e-15	2.1221e-17
5001.8557	1.3246e-15	2.1745e-17
5004.1425	1.3163e-15	2.2874e-17
5006.4293	1.3071e-15	2.3522e-17
5008.7161	1.2977e-15	2.3404e-17
5011.0030	1.2888e-15	2.3607e-17
5013.2898	1.2800e-15	2.3646e-17
5015.5766	1.2715e-15	2.2852e-17
5017.8635	1.2631e-15	2.1900e-17
5020.1503	1.2547e-15	2.0483e-17
5022.4371	1.2464e-15	1.8397e-17
5024.7239	1.2379e-15	1.5105e-17
5027.0108	1.2292e-15	1.2640e-17
5029.2976	1.2205e-15	1.0341e-17
5031.5844	1.2116e-15	1.0175e-17
5033.8712	1.2027e-15	1.0174e-17
5036.1581	1.1944e-15	9.6040e-18
5038.4449	1.1864e-15	9.6241e-18
5040.7317	1.1789e-15	8.9692e-18
5043.0185	1.1721e-15	8.5765e-18
5045.3054	1.1659e-15	1.0576e-17
5047.5922	1.1604e-15	1.4762e-17
5049.8790	1.1557e-15	2.0660e-17
5052.1659	1.1518e-15	2.6481e-17
5054.4527	1.1487e-15	3.0460e-17
5056.7395	1.1461e-15	3.1776e-17
5059.0263	1.1439e-15	3.1383e-17
5061.3132	1.1421e-15	3.0376e-17
5063.6000	1.1408e-15	2.9447e-17
5065.8868	1.1397e-15	2.9071e-17
5068.1736	1.1390e-15	2.9031e-17
5070.4605	1.1386e-15	2.8910e-17
5072.7473	1.1388e-15	2.8601e-17
5075.0341	1.1393e-15	2.8103e-17
5077.3209	1.1399e-15	2.7873e-17
5079.6078	1.1407e-15	2.8352e-17
5081.8946	1.1417e-15	2.9846e-17
5084.1814	1.1423e-15	3.1841e-17
5086.4683	1.1430e-15	3.3160e-17
5088.7551	1.1437e-15	3.3554e-17
5091.0419	1.1445e-15	3.3576e-17
5093.3287	1.1453e-15	3.3526e-17
5095.6156	1.1460e-15	3.3038e-17
5097.9024	1.1464e-15	3.1386e-17
5100.1892	1.1463e-15	2.8115e-17
5102.4760	1.1459e-15	2.4585e-17
5104.7629	1.1452e-15	2.2992e-17
5107.0497	1.1447e-15	2.3062e-17
5109.3365	1.1442e-15	2.3600e-17
5111.6233	1.1437e-15	2.3968e-17
5113.9102	1.1427e-15	2.3806e-17
5116.1970	1.1410e-15	2.3694e-17
5118.4838	1.1388e-15	2.3925e-17
5120.7707	1.1364e-15	2.4242e-17
5123.0575	1.1335e-15	2.4404e-17
5125.3443	1.1304e-15	2.4235e-17
5127.6311	1.1274e-15	2.3758e-17
5129.9180	1.1242e-15	2.2271e-17
5132.2048	1.1209e-15	1.9300e-17
5134.4916	1.1178e-15	1.6295e-17
5136.7784	1.1147e-15	1.4878e-17
5139.0653	1.1116e-15	1.5106e-17
5141.3521	1.1083e-15	1.5862e-17
5143.6389	1.1050e-15	1.6098e-17
5145.9257	1.1014e-15	1.5718e-17
5148.2126	1.0980e-15	1.5051e-17
5150.4994	1.0947e-15	1.4240e-17
5152.7862	1.0916e-15	1.3342e-17
5155.0731	1.0885e-15	1.2368e-17
5157.3599	1.0857e-15	1.1390e-17
5159.6467	1.0832e-15	1.0817e-17
5161.9335	1.0812e-15	1.0933e-17
5164.2204	1.0795e-15	1.1089e-17
5166.5072	1.0778e-15	1.0794e-17
5168.7940	1.0756e-15	1.0265e-17
5171.0808	1.0727e-15	1.0040e-17
5173.3677	1.0690e-15	1.0384e-17
5175.6545	1.0648e-15	1.0551e-17
5177.9413	1.0606e-15	1.0205e-17
5180.2281	1.0572e-15	1.0053e-17
5182.5150	1.0544e-15	1.0393e-17
5184.8018	1.0519e-15	1.0851e-17
5187.0886	1.0499e-15	1.0948e-17
5189.3755	1.0481e-15	1.0547e-17
5191.6623	1.0464e-15	1.0086e-17
5193.9491	1.0447e-15	9.8668e-18
5196.2359	1.0432e-15	9.8963e-18
5198.5228	1.0422e-15	1.0225e-17
5200.8096	1.0417e-15	1.0828e-17
5203.0964	1.0417e-15	1.1407e-17
5205.3832	1.0427e-15	1.1661e-17
5207.6701	1.0445e-15	1.1509e-17
5209.9569	1.0469e-15	1.1088e-17
5212.2437	1.0498e-15	1.0768e-17
5214.5305	1.0529e-15	1.0785e-17
5216.8174	1.0562e-15	1.0888e-17
5219.1042	1.0595e-15	1.0855e-17
5221.3910	1.0630e-15	1.0657e-17
5223.6779	1.0668e-15	1.0239e-17
5225.9647	1.0710e-15	9.6297e-18
5228.2515	1.0753e-15	8.9610e-18
5230.5383	1.0796e-15	8.1125e-18
5232.8252	1.0839e-15	7.0084e-18
5235.1120	1.0881e-15	5.9572e-18
5237.3988	1.0927e-15	6.9650e-18
5239.6856	1.0979e-15	1.0761e-17
5241.9725	1.1040e-15	1.3748e-17
5244.2593	1.1109e-15	1.5033e-17
5246.5461	1.1180e-15	1.5234e-17
5248.8329	1.1250e-15	1.4976e-17
5251.1198	1.1316e-15	1.5114e-17
5253.4066	1.1377e-15	1.5130e-17
5255.6934	1.1435e-15	1.5016e-17
5257.9802	1.1491e-15	1.5339e-17
5260.2671	1.1548e-15	1.5824e-17
5262.5539	1.1606e-15	1.6102e-17
5264.8407	1.1667e-15	1.6142e-17
5267.1276	1.1727e-15	1.6036e-17
5269.4144	1.1785e-15	1.5910e-17
5271.7012	1.1842e-15	1.5762e-17
5273.9880	1.1899e-15	1.5439e-17
5276.2749	1.1955e-15	1.4960e-17
5278.5617	1.2011e-15	1.4734e-17
5280.8485	1.2066e-15	1.4883e-17
5283.1353	1.2121e-15	1.5352e-17
5285.4222	1.2172e-15	1.5767e-17
5287.7090	1.2218e-15	1.4697e-17
5289.9958	1.2261e-15	1.2777e-17
5292.2826	1.2301e-15	1.1693e-17
5294.5695	1.2338e-15	1.1422e-17
5296.8563	1.2372e-15	1.1371e-17
5299.1431	1.2404e-15	1.0700e-17
5301.4300	1.2431e-15	1.0831e-17
5303.7168	1.2453e-15	1.1531e-17
5306.0036	1.2468e-15	1.1417e-17
5308.2904	1.2477e-15	1.0720e-17
5310.5773	1.2481e-15	1.0459e-17
5312.8641	1.2481e-15	1.1491e-17
5315.1509	1.2478e-15	1.2234e-17
5317.4377	1.2472e-15	1.2223e-17
5319.7246	1.2464e-15	1.2774e-17
5322.0114	1.2456e-15	1.4183e-17
5324.2982	1.2449e-15	1.5708e-17
5326.5850	1.2445e-15	1.6544e-17
5328.8719	1.2444e-15	1.6465e-17
5331.1587	1.2443e-15	1.5972e-17
5333.4455	1.2441e-15	1.5618e-17
5335.7324	1.2438e-15	1.5890e-17
5338.0192	1.2433e-15	1.6739e-17
5340.3060	1.2425e-15	1.7534e-17
5342.5928	1.2417e-15	1.8299e-17
5344.8797	1.2408e-15	1.9214e-17
5347.1665	1.2401e-15	1.9911e-17
5349.4533	1.2395e-15	1.9723e-17
5351.7401	1.2394e-15	1.9116e-17
5354.0270	1.2397e-15	1.8703e-17
5356.3138	1.2405e-15	1.8634e-17
5358.6006	1.2415e-15	1.8662e-17
5360.8874	1.2426e-15	1.8040e-17
5363.1743	1.2435e-15	1.7740e-17
5365.4611	1.2443e-15	1.7968e-17
5367.7479	1.2453e-15	1.7542e-17
5370.0348	1.2465e-15	1.5997e-17
5372.3216	1.2482e-15	1.3865e-17
5374.6084	1.2503e-15	1.2913e-17
5376.8952	1.2526e-15	1.4108e-17
5379.1821	1.2549e-15	1.5753e-17
5381.4689	1.2571e-15	1.6764e-17
5383.7557	1.2592e-15	1.7120e-17
5386.0425	1.2610e-15	1.6936e-17
5388.3294	1.2627e-15	1.6506e-17
5390.6162	1.2641e-15	1.5921e-17
5392.9030	1.2654e-15	1.5029e-17
5395.1898	1.2668e-15	1.4362e-17
5397.4767	1.2681e-15	1.4472e-17
5399.7635	1.2694e-15	1.4632e-17
5402.0503	1.2707e-15	1.4513e-17
5404.3372	1.2719e-15	1.4833e-17
5406.6240	1.2729e-15	1.5986e-17
5408.9108	1.2734e-15	1.7537e-17
5411.1976	1.2733e-15	1.8376e-17
5413.4845	1.2726e-15	1.8275e-17
5415.7713	1.2713e-15	1.7780e-17
5418.0581	1.2697e-15	1.7376e-17
5420.3449	1.2677e-15	1.7367e-17
5422.6318	1.2654e-15	1.7514e-17
5424.9186	1.2625e-15	1.7447e-17
5427.2054	1.2589e-15	1.7467e-17
5429.4922	1.2549e-15	1.7675e-17
5431.7791	1.2504e-15	1.7851e-17
5434.0659	1.2458e-15	1.7934e-17
5436.3527	1.2410e-15	1.7947e-17
5438.6396	1.2358e-15	1.7897e-17
5440.9264	1.2299e-15	1.7727e-17
5443.2132	1.2232e-15	1.7230e-17
5445.5000	1.2159e-15	1.6495e-17
5447.7869	1.2083e-15	1.6292e-17
5450.0737	1.2007e-15	1.6989e-17
5452.3605	1.1933e-15	1.7575e-17
5454.6473	1.1861e-15	1.6970e-17
5456.9342	1.1791e-15	1.5002e-17
5459.2210	1.1722e-15	1.2145e-17
5461.5078	1.1652e-15	9.4899e-18
5463.7946	1.1582e-15	7.8562e-18
5466.0815	1.1513e-15	7.5639e-18
5468.3683	1.1448e-15	8.4496e-18
5470.6551	1.1387e-15	9.2280e-18
5472.9420	1.1329e-15	9.3846e-18
5475.2288	1.1273e-15	9.3966e-18
5477.5156	1.1218e-15	9.6759e-18
5479.8024	1.1165e-15	1.0560e-17
5482.0893	1.1111e-15	1.1993e-17
5484.3761	1.1059e-15	1.3096e-17
5486.6629	1.1009e-15	1.3562e-17
5488.9497	1.0964e-15	1.3802e-17
5491.2366	1.0923e-15	1.4106e-17
5493.5234	1.0884e-15	1.4436e-17
5495.8102	1.0845e-15	1.4781e-17
5498.0970	1.0805e-15	1.5406e-17
5500.3839	1.0763e-15	1.6368e-17
5502.6707	1.0720e-15	1.7523e-17
5504.9575	1.0678e-15	1.8693e-17
5507.2444	1.0640e-15	1.9564e-17
5509.5312	1.0607e-15	1.9909e-17
5511.8180	1.0576e-15	1.9564e-17
5514.1048	1.0548e-15	1.8250e-17
5516.3917	1.0524e-15	1.6239e-17
5518.6785	1.0505e-15	1.5157e-17
5520.9653	1.0492e-15	1.6318e-17
5523.2521	1.0482e-15	1.8520e-17
5525.5390	1.0473e-15	2.0053e-17
5527.8258	1.0462e-15	2.0778e-17
5530.1126	1.0451e-15	2.1033e-17
5532.3994	1.0440e-15	2.1103e-17
5534.6863	1.0430e-15	2.1244e-17
5536.9731	1.0424e-15	2.1664e-17
5539.2599	1.0421e-15	2.2460e-17
5541.5467	1.0420e-15	2.3271e-17
5543.8336	1.0420e-15	2.3767e-17
5546.1204	1.0421e-15	2.3504e-17
5548.4072	1.0423e-15	2.2287e-17
5550.6941	1.0426e-15	2.0478e-17
5552.9809	1.0431e-15	1.8313e-17
5555.2677	1.0437e-15	1.6391e-17
5557.5545	1.0443e-15	1.5335e-17
5559.8414	1.0452e-15	1.4517e-17
5562.1282	1.0461e-15	1.4101e-17
5564.4150	1.0470e-15	1.4659e-17
5566.7018	1.0478e-15	1.5938e-17
5568.9887	1.0489e-15	1.6544e-17
5571.2755	1.0502e-15	1.6526e-17
5573.5623	1.0517e-15	1.7007e-17
5575.8491	1.0532e-15	1.7455e-17
5578.1360	1.0545e-15	1.7388e-17
5580.4228	1.0556e-15	1.7276e-17
5582.7096	1.0566e-15	1.7175e-17
5584.9965	1.0577e-15	1.6744e-17
5587.2833	1.0591e-15	1.5452e-17
5589.5701	1.0609e-15	1.3572e-17
5591.8569	1.0631e-15	1.1480e-17
5594.1438	1.0652e-15	9.7693e-18
5596.4306	1.0671e-15	9.1966e-18
5598.7174	1.0689e-15	9.5336e-18
5601.0042	1.0705e-15	1.0740e-17
5603.2911	1.0717e-15	1.2423e-17
5605.5779	1.0726e-15	1.3608e-17
5607.8647	1.0731e-15	1.4420e-17
5610.1515	1.0736e-15	1.4683e-17
5612.4384	1.0739e-15	1.4628e-17
5614.7252	1.0741e-15	1.4325e-17
5617.0120	1.0743e-15	1.4135e-17
5619.2989	1.0742e-15	1.4064e-17
5621.5857	1.0736e-15	1.3446e-17
5623.8725	1.0723e-15	1.2808e-17
5626.1593	1.0702e-15	1.2785e-17
5628.4462	1.0673e-15	1.2821e-17
5630.7330	1.0635e-15	1.2747e-17
5633.0198	1.0591e-15	1.2559e-17
5635.3066	1.0542e-15	1.2619e-17
5637.5935	1.0491e-15	1.3028e-17
5639.8803	1.0440e-15	1.3307e-17
5642.1671	1.0391e-15	1.3361e-17
5644.4539	1.0345e-15	1.3328e-17
5646.7408	1.0302e-15	1.3166e-17
5649.0276	1.0259e-15	1.2473e-17
5651.3144	1.0215e-15	1.0990e-17
5653.6013	1.0171e-15	9.3444e-18
5655.8881	1.0126e-15	8.9401e-18
5658.1749	1.0081e-15	1.0257e-17
5660.4617	1.0040e-15	1.1929e-17
5662.7486	1.0007e-15	1.3012e-17
5665.0354	9.9810e-16	1.3320e-17
5667.3222	9.9624e-16	1.3054e-17
5669.6090	9.9501e-16	1.2951e-17
5671.8959	9.9410e-16	1.3357e-17
5674.1827	9.9324e-16	1.3695e-17
5676.4695	9.9239e-16	1.3802e-17
5678.7563	9.9156e-16	1.3964e-17
5681.0432	9.9089e-16	1.4162e-17
5683.3300	9.9074e-16	1.3904e-17
5685.6168	9.9134e-16	1.2895e-17
5687.9037	9.9248e-16	1.1724e-17
5690.1905	9.9407e-16	1.0752e-17
5692.4773	9.9619e-16	1.0602e-17
5694.7641	9.9878e-16	1.2492e-17
5697.0510	1.0016e-15	1.5830e-17
5699.3378	1.0046e-15	1.9416e-17
5701.6246	1.0078e-15	2.2565e-17
5703.9114	1.0110e-15	2.4538e-17
5706.1983	1.0140e-15	2.5215e-17
5708.4851	1.0170e-15	2.5144e-17
5710.7719	1.0199e-15	2.4758e-17
5713.0587	1.0232e-15	2.4380e-17
5715.3456	1.0269e-15	2.4081e-17
5717.6324	1.0311e-15	2.3629e-17
5719.9192	1.0356e-15	2.2837e-17
5722.2061	1.0403e-15	2.1951e-17
5724.4929	1.0452e-15	2.1189e-17
5726.7797	1.0502e-15	2.0359e-17
5729.0665	1.0552e-15	1.9288e-17
5731.3534	1.0601e-15	1.8429e-17
5733.6402	1.0650e-15	1.8677e-17
5735.9270	1.0695e-15	1.9801e-17
5738.2138	1.0736e-15	2.0849e-17
5740.5007	1.0775e-15	2.1506e-17
5742.7875	1.0812e-15	2.1318e-17
5745.0743	1.0850e-15	2.0307e-17
5747.3611	1.0888e-15	1.8834e-17
5749.6480	1.0926e-15	1.6747e-17
5751.9348	1.0963e-15	1.4587e-17
5754.2216	1.0996e-15	1.3243e-17
5756.5085	1.1025e-15	1.2948e-17
5758.7953	1.1047e-15	1.3495e-17
5761.0821	1.1064e-15	1.4265e-17
5763.3689	1.1078e-15	1.4657e-17
5765.6558	1.1092e-15	1.4633e-17
5767.9426	1.1104e-15	1.4637e-17
5770.2294	1.1113e-15	1.5276e-17
5772.5162	1.1120e-15	1.6815e-17
5774.8031	1.1124e-15	1.8727e-17
5777.0899	1.1126e-15	2.0144e-17
5779.3767	1.1130e-15	2.0679e-17
5781.6635	1.1136e-15	2.0218e-17
5783.9504	1.1142e-15	1.9275e-17
5786.2372	1.1147e-15	1.9102e-17
5788.5240	1.1149e-15	1.9674e-17
5790.8109	1.1148e-15	2.0147e-17
5793.0977	1.1148e-15	2.0080e-17
5795.3845	1.1152e-15	1.9528e-17
5797.6713	1.1159e-15	1.9265e-17
5799.9582	1.1168e-15	1.9405e-17
5802.2450	1.1176e-15	1.9439e-17
5804.5318	1.1182e-15	1.9107e-17
5806.8186	1.1184e-15	1.8295e-17
5809.1055	1.1184e-15	1.7185e-17
5811.3923	1.1183e-15	1.6338e-17
5813.6791	1.1182e-15	1.6209e-17
5815.9659	1.1178e-15	1.6501e-17
5818.2528	1.1172e-15	1.6340e-17
5820.5396	1.1162e-15	1.5133e-17
5822.8264	1.1149e-15	1.3300e-17
5825.1132	1.1131e-15	1.2731e-17
5827.4001	1.1109e-15	1.4087e-17
5829.6869	1.1085e-15	1.5789e-17
5831.9737	1.1058e-15	1.6510e-17
5834.2606	1.1029e-15	1.5752e-17
5836.5474	1.0999e-15	1.4321e-17
5838.8342	1.0968e-15	1.3310e-17
5841.1210	1.0935e-15	1.2892e-17
5843.4079	1.0897e-15	1.2838e-17
5845.6947	1.0855e-15	1.2898e-17
5847.9815	1.0810e-15	1.2981e-17
5850.2683	1.0763e-15	1.3316e-17
5852.5552	1.0716e-15	1.3901e-17
5854.8420	1.0671e-15	1.4363e-17
5857.1288	1.0631e-15	1.4603e-17
5859.4156	1.0595e-15	1.4703e-17
5861.7025	1.0561e-15	1.4743e-17
5863.9893	1.0526e-15	1.5259e-17
5866.2761	1.0491e-15	1.6813e-17
5868.5630	1.0452e-15	1.8498e-17
5870.8498	1.0411e-15	1.9012e-17
5873.1366	1.0368e-15	1.7966e-17
5875.4234	1.0326e-15	1.6225e-17
5877.7103	1.0286e-15	1.4896e-17
5879.9971	1.0249e-15	1.4016e-17
5882.2839	1.0217e-15	1.3588e-17
5884.5707	1.0191e-15	1.3493e-17
5886.8576	1.0169e-15	1.3595e-17
5889.1444	1.0150e-15	1.3673e-17
5891.4312	1.0130e-15	1.3537e-17
5893.7180	1.0109e-15	1.3429e-17
5896.0049	1.0083e-15	1.3648e-17
5898.2917	1.0054e-15	1.4364e-17
5900.5785	1.0022e-15	1.5308e-17
5902.8654	9.9901e-16	1.6257e-17
5905.1522	9.9610e-16	1.7162e-17
5907.4390	9.9359e-16	1.7948e-17
5909.7258	9.9139e-16	1.8540e-17
5912.0127	9.8937e-16	1.8711e-17
5914.2995	9.8727e-16	1.7981e-17
5916.5863	9.8485e-16	1.6354e-17
5918.8731	9.8208e-16	1.4764e-17
5921.1600	9.7914e-16	1.4242e-17
5923.4468	9.7622e-16	1.4480e-17
5925.7336	9.7337e-16	1.4873e-17
5928.0204	9.7054e-16	1.5535e-17
5930.3073	9.6762e-16	1.6092e-17
5932.5941	9.6451e-16	1.6115e-17
5934.8809	9.6115e-16	1.5536e-17
5937.1678	9.5768e-16	1.4658e-17
5939.4546	9.5435e-16	1.4066e-17
5941.7414	9.5127e-16	1.3846e-17
5944.0282	9.4833e-16	1.3822e-17
5946.3151	9.4539e-16	1.3827e-17
5948.6019	9.4239e-16	1.3821e-17
5950.8887	9.3927e-16	1.4087e-17
5953.1755	9.3593e-16	1.4839e-17
5955.4624	9.3248e-16	1.5902e-17
5957.7492	9.2914e-16	1.6705e-17
5960.0360	9.2596e-16	1.6517e-17
5962.3228	9.2289e-16	1.4999e-17
5964.6097	9.1990e-16	1.2877e-17
5966.8965	9.1701e-16	1.1626e-17
5969.1833	9.1419e-16	1.1498e-17
5971.4702	9.1142e-16	1.1779e-17
5973.7570	9.0879e-16	1.1980e-17
5976.0438	9.0635e-16	1.1920e-17
5978.3306	9.0410e-16	1.1856e-17
5980.6175	9.0203e-16	1.1955e-17
5982.9043	9.0015e-16	1.2396e-17
5985.1911	8.9862e-16	1.2998e-17
5987.4779	8.9767e-16	1.3628e-17
5989.7648	8.9746e-16	1.4148e-17
5992.0516	8.9798e-16	1.4239e-17
5994.3384	8.9895e-16	1.4145e-17
5996.6252	8.9997e-16	1.4159e-17
5998.9121	9.0073e-16	1.4228e-17
6001.1989	9.0130e-16	1.4022e-17
6003.4857	9.0200e-16	1.3031e-17
6005.7726	9.0302e-16	1.1240e-17
6008.0594	9.0454e-16	9.1092e-18
6010.3462	9.0678e-16	7.7609e-18
6012.6330	9.0967e-16	9.0867e-18
6014.9199	9.1283e-16	1.1436e-17
6017.2067	9.1608e-16	1.2990e-17
6019.4935	9.1935e-16	1.3900e-17
6021.7803	9.2248e-16	1.4283e-17
6024.0672	9.2533e-16	1.4253e-17
6026.3540	9.2801e-16	1.4279e-17
6028.6408	9.3065e-16	1.4392e-17
6030.9276	9.3331e-16	1.4370e-17
6033.2145	9.3594e-16	1.4214e-17
6035.5013	9.3846e-16	1.3930e-17
6037.7881	9.4077e-16	1.3595e-17
6040.0750	9.4287e-16	1.3602e-17
6042.3618	9.4482e-16	1.3894e-17
6044.6486	9.4663e-16	1.4270e-17
6046.9354	9.4821e-16	1.4544e-17
6049.2223	9.4960e-16	1.4396e-17
6051.5091	9.5092e-16	1.3960e-17
6053.7959	9.5217e-16	1.3440e-17
6056.0827	9.5331e-16	1.3163e-17
6058.3696	9.5452e-16	1.3291e-17
6060.6564	9.5583e-16	1.2925e-17
6062.9432	9.5703e-16	1.1931e-17
6065.2300	9.5797e-16	1.0993e-17
6067.5169	9.5869e-16	9.9915e-18
6069.8037	9.5920e-16	9.3681e-18
6072.0905	9.5956e-16	9.4309e-18
6074.3773	9.5996e-16	9.3227e-18
6076.6642	9.6065e-16	9.2886e-18
6078.9510	9.6170e-16	9.6559e-18
6081.2378	9.6295e-16	1.0636e-17
6083.5247	9.6419e-16	1.1858e-17
6085.8115	9.6533e-16	1.2304e-17
6088.0983	9.6631e-16	1.2057e-17
6090.3851	9.6712e-16	1.1474e-17
6092.6720	9.6791e-16	1.0710e-17
6094.9588	9.6879e-16	1.0149e-17
6097.2456	9.6974e-16	9.9427e-18
6099.5324	9.7079e-16	9.8166e-18
6101.8193	9.7190e-16	9.7716e-18
6104.1061	9.7295e-16	9.7706e-18
6106.3929	9.7386e-16	9.7866e-18
6108.6797	9.7467e-16	9.8293e-18
6110.9666	9.7537e-16	1.0012e-17
6113.2534	9.7595e-16	1.0735e-17
6115.5402	9.7654e-16	1.2073e-17
6117.8271	9.7726e-16	1.3330e-17
6120.1139	9.7791e-16	1.4034e-17
6122.4007	9.7823e-16	1.4211e-17
6124.6875	9.7818e-16	1.4149e-17
6126.9744	9.7785e-16	1.4020e-17
6129.2612	9.7730e-16	1.3578e-17
6131.5480	9.7669e-16	1.2879e-17
6133.8348	9.7628e-16	1.2463e-17
6136.1217	9.7622e-16	1.2343e-17
6138.4085	9.7643e-16	1.2331e-17
6140.6953	9.7678e-16	1.2327e-17
6142.9821	9.7718e-16	1.2271e-17
6145.2690	9.7754e-16	1.2240e-17
6147.5558	9.7766e-16	1.2306e-17
6149.8426	9.7736e-16	1.2431e-17
6152.1295	9.7667e-16	1.2484e-17
6154.4163	9.7571e-16	1.2484e-17
6156.7031	9.7466e-16	1.2486e-17
6158.9899	9.7372e-16	1.2380e-17
6161.2768	9.7294e-16	1.1832e-17
6163.5636	9.7220e-16	1.0584e-17
6165.8504	9.7136e-16	8.7550e-18
6168.1372	9.7030e-16	6.7962e-18
6170.4241	9.6903e-16	5.8147e-18
6172.7109	9.6762e-16	5.8555e-18
6174.9977	9.6611e-16	5.8087e-18
6177.2845	9.6453e-16	5.3160e-18
6179.5714	9.6294e-16	4.2800e-18
6181.8582	9.6143e-16	3.6911e-18
6184.1450	9.6013e-16	3.7486e-18
6186.4319	9.5918e-16	3.7198e-18
6188.7187	9.5853e-16	3.7489e-18
6191.0055	9.5794e-16	3.7600e-18
6193.2923	9.5717e-16	3.9311e-18
6195.5792	9.5621e-16	4.1358e-18
6197.8660	9.5523e-16	3.7669e-18
6200.1528	9.5432e-16	3.5352e-18
6202.4396	9.5353e-16	3.7182e-18
6204.7265	9.5298e-16	4.0114e-18
6207.0133	9.5266e-16	4.2264e-18
6209.3001	9.5238e-16	4.3088e-18
6211.5869	9.5207e-16	4.3337e-18
6213.8738	9.5183e-16	4.1166e-18
6216.1606	9.5166e-16	3.9575e-18
6218.4474	9.5148e-16	4.3708e-18
6220.7343	9.5123e-16	5.3367e-18
6223.0211	9.5095e-16	6.7571e-18
6225.3079	9.5064e-16	7.6323e-18
6227.5947	9.5023e-16	7.6559e-18
6229.8816	9.4970e-16	7.8860e-18
6232.1684	9.4909e-16	8.6292e-18
6234.4552	9.4844e-16	9.2582e-18
6236.7420	9.4768e-16	9.4412e-18
6239.0289	9.4677e-16	9.3996e-18
6241.3157	9.4564e-16	9.4781e-18
6243.6025	9.4433e-16	9.6461e-18
6245.8893	9.4299e-16	9.7929e-18
6248.1762	9.4175e-16	9.7872e-18
6250.4630	9.4070e-16	9.7299e-18
6252.7498	9.3992e-16	9.9316e-18
6255.0367	9.3940e-16	1.0654e-17
6257.3235	9.3897e-16	1.1849e-17
6259.6103	9.3839e-16	1.2949e-17
6261.8971	9.3760e-16	1.3489e-17
6264.1840	9.3659e-16	1.3520e-17
6266.4708	9.3532e-16	1.3325e-17
6268.7576	9.3381e-16	1.2929e-17
6271.0444	9.3207e-16	1.2094e-17
6273.3313	9.3004e-16	1.1294e-17
6275.6181	9.2764e-16	1.1211e-17
6277.9049	9.2477e-16	1.1315e-17
6280.1917	9.2150e-16	1.1138e-17
6282.4786	9.1795e-16	1.0884e-17
6284.7654	9.1416e-16	1.0815e-17
6287.0522	9.1005e-16	1.0844e-17
6289.3391	9.0556e-16	1.1012e-17
6291.6259	9.0065e-16	1.1875e-17
6293.9127	8.9540e-16	1.3604e-17
6296.1995	8.8995e-16	1.5508e-17
6298.4864	8.8437e-16	1.6748e-17
6300.7732	8.7864e-16	1.7014e-17
6303.0600	8.7267e-16	1.6373e-17
6305.3468	8.6624e-16	1.4944e-17
6307.6337	8.5924e-16	1.3202e-17
6309.9205	8.5172e-16	1.1951e-17
6312.2073	8.4375e-16	1.1493e-17
6314.4941	8.3541e-16	1.1527e-17
6316.7810	8.2677e-16	1.1827e-17
6319.0678	8.1794e-16	1.2534e-17
6321.3546	8.0903e-16	1.3859e-17
6323.6415	8.0014e-16	1.5706e-17
6325.9283	7.9126e-16	1.7518e-17
6328.2151	7.8238e-16	1.8851e-17
6330.5019	7.7341e-16	1.9653e-17
6332.7888	7.6427e-16	2.0004e-17
6335.0756	7.5500e-16	2.0083e-17
6337.3624	7.4567e-16	1.9936e-17
6339.6492	7.3630e-16	1.9319e-17
6341.9361	7.2687e-16	1.8034e-17
6344.2229	7.1730e-16	1.6410e-17
6346.5097	7.0755e-16	1.4985e-17
6348.7965	6.9770e-16	1.4050e-17
6351.0834	6.8800e-16	1.3710e-17
6353.3702	6.7873e-16	1.3781e-17
6355.6570	6.7000e-16	1.3953e-17
6357.9438	6.6167e-16	1.4140e-17
6360.2307	6.5348e-16	1.4365e-17
6362.5175	6.4530e-16	1.4503e-17
6364.8043	6.3731e-16	1.4505e-17
6367.0912	6.2971e-16	1.4550e-17
6369.3780	6.2250e-16	1.4306e-17
6371.6648	6.1577e-16	1.3324e-17
6373.9516	6.0957e-16	1.1751e-17
6376.2385	6.0386e-16	1.0144e-17
6378.5253	5.9879e-16	9.0207e-18
6380.8121	5.9461e-16	8.2961e-18
6383.0989	5.9135e-16	7.8887e-18
6385.3858	5.8891e-16	8.0283e-18
6387.6726	5.8710e-16	8.8144e-18
6389.9594	5.8570e-16	1.0040e-17
6392.2462	5.8466e-16	1.1076e-17
6394.5331	5.8416e-16	1.1717e-17
6396.8199	5.8432e-16	1.2010e-17
6399.1067	5.8516e-16	1.1903e-17
6401.3936	5.8672e-16	1.1592e-17
6403.6804	5.8899e-16	1.1379e-17
6405.9672	5.9186e-16	1.1287e-17
6408.2540	5.9515e-16	1.1120e-17
6410.5409	5.9861e-16	1.0952e-17
6412.8277	6.0203e-16	1.1078e-17
6415.1145	6.0531e-16	1.1365e-17
6417.4013	6.0843e-16	1.1880e-17
6419.6882	6.1149e-16	1.2733e-17
6421.9750	6.1464e-16	1.3709e-17
6424.2618	6.1803e-16	1.4288e-17
6426.5486	6.2173e-16	1.4264e-17
6428.8355	6.2581e-16	1.4227e-17
6431.1223	6.3023e-16	1.4621e-17
6433.4091	6.3487e-16	1.5102e-17
6435.6960	6.3953e-16	1.4948e-17
6437.9828	6.4401e-16	1.4025e-17
6440.2696	6.4830e-16	1.2598e-17
6442.5564	6.5251e-16	1.0843e-17
6444.8433	6.5690e-16	9.0660e-18
6447.1301	6.6165e-16	7.7382e-18
6449.4169	6.6672e-16	7.2990e-18
6451.7037	6.7208e-16	8.5987e-18
6453.9906	6.7770e-16	1.1289e-17
6456.2774	6.8347e-16	1.3684e-17
6458.5642	6.8938e-16	1.5317e-17
6460.8510	6.9547e-16	1.6215e-17
6463.1379	7.0163e-16	1.6585e-17
6465.4247	7.0768e-16	1.6762e-17
6467.7115	7.1346e-16	1.6953e-17
6469.9984	7.1901e-16	1.6843e-17
6472.2852	7.2445e-16	1.6439e-17
6474.5720	7.2981e-16	1.5996e-17
6476.8588	7.3505e-16	1.5427e-17
6479.1457	7.4018e-16	1.4877e-17
6481.4325	7.4512e-16	1.4837e-17
6483.7193	7.4973e-16	1.5787e-17
6486.0061	7.5406e-16	1.7179e-17
6488.2930	7.5841e-16	1.8155e-17
6490.5798	7.6287e-16	1.8592e-17
6492.8666	7.6726e-16	1.8754e-17
6495.1534	7.7144e-16	1.8793e-17
6497.4403	7.7543e-16	1.8830e-17
6499.7271	7.7907e-16	1.8761e-17
6502.0139	7.8223e-16	1.8192e-17
6504.3008	7.8513e-16	1.7390e-17
6506.5876	7.8803e-16	1.6848e-17
6508.8744	7.9099e-16	1.6938e-17
6511.1612	7.9396e-16	1.7345e-17
6513.4481	7.9699e-16	1.7124e-17
6515.7349	8.0007e-16	1.5720e-17
6518.0217	8.0300e-16	1.3992e-17
6520.3085	8.0563e-16	1.3141e-17
6522.5954	8.0793e-16	1.3523e-17
6524.8822	8.0994e-16	1.5166e-17
6527.1690	8.1169e-16	1.7183e-17
6529.4558	8.1324e-16	1.8643e-17
6531.7427	8.1480e-16	1.9344e-17
6534.0295	8.1645e-16	1.9269e-17
6536.3163	8.1801e-16	1.8783e-17
6538.6032	8.1929e-16	1.8390e-17
6540.8900	8.2025e-16	1.8221e-17
6543.1768	8.2085e-16	1.8189e-17
6545.4636	8.2107e-16	1.8199e-17
6547.7505	8.2104e-16	1.8239e-17
6550.0373	8.2092e-16	1.8328e-17
6552.3241	8.2065e-16	1.8376e-17
6554.6109	8.2000e-16	1.8184e-17
6556.8978	8.1884e-16	1.7485e-17
6559.1846	8.1723e-16	1.6221e-17
6561.4714	8.1531e-16	1.5050e-17
6563.7582	8.1310e-16	1.4708e-17
6566.0451	8.1069e-16	1.4848e-17
6568.3319	8.0822e-16	1.4771e-17
6570.6187	8.0578e-16	1.4345e-17
6572.9056	8.0343e-16	1.3457e-17
6575.1924	8.0131e-16	1.2055e-17
6577.4792	7.9943e-16	1.0288e-17
6579.7660	7.9772e-16	8.3042e-18
6582.0529	7.9610e-16	6.6330e-18
6584.3397	7.9448e-16	5.9444e-18
6586.6265	7.9278e-16	5.8385e-18
6588.9133	7.9108e-16	5.8415e-18
6591.2002	7.8949e-16	6.0046e-18
6593.4870	7.8800e-16	6.1130e-18
6595.7738	7.8662e-16	6.1410e-18
6598.0606	7.8535e-16	6.4645e-18
6600.3475	7.8413e-16	6.9776e-18
6602.6343	7.8286e-16	7.6122e-18
6604.9211	7.8150e-16	8.0937e-18
6607.2080	7.8009e-16	8.1939e-18
6609.4948	7.7873e-16	8.0849e-18
6611.7816	7.7747e-16	7.9352e-18
6614.0684	7.7629e-16	7.8610e-18
6616.3553	7.7519e-16	8.0774e-18
6618.6421	7.7413e-16	8.4252e-18
6620.9289	7.7309e-16	8.7114e-18
6623.2157	7.7210e-16	9.0456e-18
6625.5026	7.7111e-16	9.5968e-18
6627.7894	7.7004e-16	1.0418e-17
6630.0762	7.6885e-16	1.1378e-17
6632.3630	7.6746e-16	1.1987e-17
6634.6499	7.6580e-16	1.2069e-17
6636.9367	7.6406e-16	1.2173e-17
6639.2235	7.6262e-16	1.2676e-17
6641.5103	7.6156e-16	1.3365e-17
6643.7972	7.6081e-16	1.4001e-17
6646.0840	7.6039e-16	1.4260e-17
6648.3708	7.6029e-16	1.4152e-17
6650.6577	7.6038e-16	1.3719e-17
6652.9445	7.6063e-16	1.3060e-17
6655.2313	7.6115e-16	1.2610e-17
6657.5181	7.6186e-16	1.2492e-17
6659.8050	7.6253e-16	1.2560e-17
6662.0918	7.6306e-16	1.2698e-17
6664.3786	7.6353e-16	1.2732e-17
6666.6654	7.6413e-16	1.2656e-17
6668.9523	7.6492e-16	1.2662e-17
6671.2391	7.6582e-16	1.2741e-17
6673.5259	7.6679e-16	1.2635e-17
6675.8127	7.6772e-16	1.1945e-17
6678.0996	7.6846e-16	1.0583e-17
6680.3864	7.6910e-16	9.1276e-18
6682.6732	7.6996e-16	8.5062e-18
6684.9601	7.7113e-16	8.7900e-18
6687.2469	7.7243e-16	9.0988e-18
6689.5337	7.7374e-16	9.1312e-18
6691.8205	7.7513e-16	9.1218e-18
6694.1074	7.7652e-16	9.2055e-18
6696.3942	7.7782e-16	9.2698e-18
6698.6810	7.7910e-16	9.2391e-18
6700.9678	7.8050e-16	9.1210e-18
6703.2547	7.8187e-16	9.0556e-18
6705.5415	7.8293e-16	9.0571e-18
6707.8283	7.8359e-16	8.9869e-18
6710.1151	7.8386e-16	8.9411e-18
6712.4020	7.8382e-16	9.1615e-18
6714.6888	7.8357e-16	9.3240e-18
6716.9756	7.8341e-16	9.2798e-18
6719.2625	7.8358e-16	9.0264e-18
6721.5493	7.8413e-16	8.5449e-18
6723.8361	7.8498e-16	7.9875e-18
6726.1229	7.8602e-16	7.5195e-18
6728.4098	7.8716e-16	7.2600e-18
6730.6966	7.8824e-16	7.1728e-18
6732.9834	7.8915e-16	7.1800e-18
6735.2702	7.8987e-16	7.0184e-18
6737.5571	7.9038e-16	6.6204e-18
6739.8439	7.9070e-16	6.0924e-18
6742.1307	7.9082e-16	5.4001e-18
6744.4175	7.9064e-16	4.8472e-18
6746.7044	7.9015e-16	4.4428e-18
6748.9912	7.8946e-16	4.1702e-18
6751.2780	7.8861e-16	4.0768e-18
6753.5649	7.8759e-16	4.4271e-18
6755.8517	7.8655e-16	5.3803e-18
6758.1385	7.8572e-16	5.9188e-18
6760.4253	7.8514e-16	5.8136e-18
6762.7122	7.8463e-16	5.7579e-18
6764.9990	7.8409e-16	5.8386e-18
6767.2858	7.8340e-16	6.1162e-18
6769.5726	7.8235e-16	6.5862e-18
6771.8595	7.8092e-16	7.1558e-18
6774.1463	7.7935e-16	8.2910e-18
6776.4331	7.7802e-16	1.0091e-17
6778.7199	7.7712e-16	1.1839e-17
6781.0068	7.7659e-16	1.2733e-17
6783.2936	7.7626e-16	1.2845e-17
6785.5804	7.7590e-16	1.2950e-17
6787.8673	7.7523e-16	1.3765e-17
6790.1541	7.7415e-16	1.5211e-17
6792.4409	7.7270e-16	1.6470e-17
6794.7277	7.7093e-16	1.7148e-17
6797.0146	7.6896e-16	1.7338e-17
6799.3014	7.6696e-16	1.7342e-17
6801.5882	7.6499e-16	1.7243e-17
6803.8750	7.6311e-16	1.6907e-17
6806.1619	7.6143e-16	1.6673e-17
6808.4487	7.5986e-16	1.6736e-17
6810.7355	7.5817e-16	1.6915e-17
6813.0223	7.5628e-16	1.7086e-17
6815.3092	7.5423e-16	1.7256e-17
6817.5960	7.5208e-16	1.7344e-17
6819.8828	7.4984e-16	1.7246e-17
6822.1697	7.4756e-16	1.7082e-17
6824.4565	7.4522e-16	1.6452e-17
6826.7433	7.4267e-16	1.5219e-17
6829.0301	7.3975e-16	1.4163e-17
6831.3170	7.3648e-16	1.3820e-17
6833.6038	7.3314e-16	1.4083e-17
6835.8906	7.2993e-16	1.4101e-17
6838.1774	7.2687e-16	1.3087e-17
6840.4643	7.2390e-16	1.1417e-17
6842.7511	7.2096e-16	9.8211e-18
6845.0379	7.1788e-16	9.5337e-18
6847.3247	7.1466e-16	1.1990e-17
6849.6116	7.1143e-16	1.5799e-17
6851.8984	7.0833e-16	1.8457e-17
6854.1852	7.0538e-16	1.9205e-17
6856.4721	7.0250e-16	1.8900e-17
6858.7589	6.9960e-16	1.9224e-17
6861.0457	6.9666e-16	2.0970e-17
6863.3325	6.9366e-16	2.2857e-17
6865.6194	6.9057e-16	2.3937e-17
6867.9062	6.8748e-16	2.4327e-17
6870.1930	6.8442e-16	2.4253e-17
6872.4798	6.8131e-16	2.4206e-17
6874.7667	6.7815e-16	2.4494e-17
6877.0535	6.7509e-16	2.4996e-17
6879.3403	6.7222e-16	2.5481e-17
6881.6271	6.6949e-16	2.5527e-17
6883.9140	6.6689e-16	2.5188e-17
6886.2008	6.6439e-16	2.4878e-17
6888.4876	6.6191e-16	2.4670e-17
6890.7744	6.5937e-16	2.4676e-17
6893.0613	6.5676e-16	2.4781e-17
6895.3481	6.5414e-16	2.4140e-17
6897.6349	6.5151e-16	2.2221e-17
6899.9218	6.4880e-16	1.9973e-17
6902.2086	6.4602e-16	1.8646e-17
6904.4954	6.4331e-16	1.8443e-17
6906.7822	6.4089e-16	1.8487e-17
6909.0691	6.3898e-16	1.7736e-17
6911.3559	6.3769e-16	1.6277e-17
6913.6427	6.3692e-16	1.4811e-17
6915.9295	6.3637e-16	1.4045e-17
6918.2164	6.3576e-16	1.3999e-17
6920.5032	6.3496e-16	1.4041e-17
6922.7900	6.3401e-16	1.3868e-17
6925.0768	6.3304e-16	1.3532e-17
6927.3637	6.3214e-16	1.3109e-17
6929.6505	6.3128e-16	1.2905e-17
6931.9373	6.3036e-16	1.3080e-17
6934.2242	6.2927e-16	1.3554e-17
6936.5110	6.2801e-16	1.4082e-17
6938.7978	6.2653e-16	1.4398e-17
6941.0846	6.2490e-16	1.4558e-17
6943.3715	6.2344e-16	1.4777e-17
6945.6583	6.2231e-16	1.5064e-17
6947.9451	6.2131e-16	1.5168e-17
6950.2319	6.2024e-16	1.5146e-17
6952.5188	6.1910e-16	1.5201e-17
6954.8056	6.1779e-16	1.5120e-17
6957.0924	6.1616e-16	1.4525e-17
6959.3792	6.1441e-16	1.3514e-17
6961.6661	6.1272e-16	1.2741e-17
6963.9529	6.1111e-16	1.2316e-17
6966.2397	6.0956e-16	1.2013e-17
6968.5266	6.0822e-16	1.1816e-17
6970.8134	6.0733e-16	1.1729e-17
6973.1002	6.0693e-16	1.1496e-17
6975.3870	6.0674e-16	1.1435e-17
6977.6739	6.0646e-16	1.2067e-17
6979.9607	6.0585e-16	1.2871e-17
6982.2475	6.0464e-16	1.3224e-17
6984.5343	6.0279e-16	1.3073e-17
6986.8212	6.0057e-16	1.2689e-17
6989.1080	5.9823e-16	1.2426e-17
6991.3948	5.9592e-16	1.2153e-17
6993.6816	5.9380e-16	1.1335e-17
6995.9685	5.9191e-16	1.0039e-17
6998.2553	5.9023e-16	8.9849e-18
7000.5421	5.8872e-16	8.5609e-18
7002.8290	5.8732e-16	8.6511e-18
7005.1158	5.8592e-16	9.2366e-18
7007.4026	5.8445e-16	1.0112e-17
7009.6894	5.8295e-16	1.0770e-17
7011.9763	5.8145e-16	1.1161e-17
7014.2631	5.7991e-16	1.1313e-17
7016.5499	5.7828e-16	1.1224e-17
7018.8367	5.7647e-16	1.0861e-17
7021.1236	5.7444e-16	1.0391e-17
7023.4104	5.7225e-16	9.8325e-18
7025.6972	5.6999e-16	9.0375e-18
7027.9840	5.6778e-16	8.0968e-18
7030.2709	5.6582e-16	7.6857e-18
7032.5577	5.6432e-16	8.5131e-18
7034.8445	5.6320e-16	9.5894e-18
7037.1314	5.6223e-16	9.9328e-18
7039.4182	5.6135e-16	9.7657e-18
7041.7050	5.6055e-16	9.6737e-18
7043.9918	5.5980e-16	9.6797e-18
7046.2787	5.5909e-16	9.6705e-18
7048.5655	5.5846e-16	9.6672e-18
7050.8523	5.5791e-16	9.6388e-18
7053.1391	5.5734e-16	9.3162e-18
7055.4260	5.5671e-16	8.5818e-18
7057.7128	5.5607e-16	7.7725e-18
7059.9996	5.5552e-16	7.1548e-18
7062.2864	5.5512e-16	6.9313e-18
7064.5733	5.5483e-16	7.0168e-18
7066.8601	5.5455e-16	7.1241e-18
7069.1469	5.5417e-16	7.1271e-18
7071.4338	5.5363e-16	7.1893e-18
7073.7206	5.5297e-16	7.3521e-18
7076.0074	5.5222e-16	7.4126e-18
7078.2942	5.5136e-16	6.9767e-18
7080.5811	5.5032e-16	5.5901e-18
7082.8679	5.4900e-16	3.8426e-18
7085.1547	5.4745e-16	2.8723e-18
7087.4415	5.4582e-16	2.6433e-18
7089.7284	5.4428e-16	2.6592e-18
7092.0152	5.4291e-16	2.5828e-18
7094.3020	5.4166e-16	2.4226e-18
7096.5888	5.4048e-16	2.7399e-18
7098.8757	5.3944e-16	2.9332e-18
7101.1625	5.3862e-16	3.2884e-18
7103.4493	5.3799e-16	4.5179e-18
7105.7362	5.3762e-16	5.9642e-18
7108.0230	5.3746e-16	6.6640e-18
7110.3098	5.3726e-16	6.8072e-18
7112.5966	5.3688e-16	6.7534e-18
7114.8835	5.3637e-16	6.8423e-18
7117.1703	5.3584e-16	7.1673e-18
7119.4571	5.3535e-16	7.3212e-18
7121.7439	5.3485e-16	7.2568e-18
7124.0308	5.3429e-16	7.3175e-18
7126.3176	5.3365e-16	7.7249e-18
7128.6044	5.3287e-16	8.2849e-18
7130.8912	5.3188e-16	8.6127e-18
7133.1781	5.3065e-16	8.6232e-18
7135.4649	5.2918e-16	8.4828e-18
7137.7517	5.2760e-16	8.1697e-18
7140.0386	5.2608e-16	7.8884e-18
7142.3254	5.2456e-16	8.1896e-18
7144.6122	5.2300e-16	9.1531e-18
7146.8990	5.2152e-16	1.0561e-17
7149.1859	5.2018e-16	1.1961e-17
7151.4727	5.1894e-16	1.2858e-17
7153.7595	5.1792e-16	1.3003e-17
7156.0463	5.1722e-16	1.2809e-17
7158.3332	5.1668e-16	1.2644e-17
7160.6200	5.1606e-16	1.2619e-17
7162.9068	5.1526e-16	1.2697e-17
7165.1936	5.1429e-16	1.2708e-17
7167.4805	5.1316e-16	1.2753e-17
7169.7673	5.1192e-16	1.3046e-17
7172.0541	5.1067e-16	1.3574e-17
7174.3409	5.0962e-16	1.3953e-17
7176.6278	5.0876e-16	1.4201e-17
7178.9146	5.0792e-16	1.4605e-17
7181.2014	5.0710e-16	1.4896e-17
7183.4883	5.0637e-16	1.4919e-17
7185.7751	5.0553e-16	1.4910e-17
7188.0619	5.0450e-16	1.4915e-17
7190.3487	5.0342e-16	1.4851e-17
7192.6356	5.0239e-16	1.4530e-17
7194.9224	5.0144e-16	1.3770e-17
7197.2092	5.0071e-16	1.2637e-17
7199.4960	5.0030e-16	1.1318e-17
7201.7829	5.0014e-16	1.0254e-17
7204.0697	4.9999e-16	1.0092e-17
7206.3565	4.9959e-16	1.0675e-17
7208.6433	4.9889e-16	1.1139e-17
7210.9302	4.9799e-16	1.1215e-17
7213.2170	4.9693e-16	1.1214e-17
7215.5038	4.9574e-16	1.1241e-17
7217.7907	4.9454e-16	1.1181e-17
7220.0775	4.9331e-16	1.0777e-17
7222.3643	4.9199e-16	1.0146e-17
7224.6511	4.9066e-16	9.3649e-18
7226.9380	4.8949e-16	8.1521e-18
7229.2248	4.8846e-16	6.9893e-18
7231.5116	4.8742e-16	6.5886e-18
7233.7984	4.8620e-16	6.8032e-18
7236.0853	4.8470e-16	7.2302e-18
7238.3721	4.8293e-16	7.5962e-18
7240.6589	4.8102e-16	7.7158e-18
7242.9457	4.7916e-16	7.7302e-18
7245.2326	4.7749e-16	8.1248e-18
7247.5194	4.7609e-16	8.7880e-18
7249.8062	4.7494e-16	9.0590e-18
7252.0931	4.7391e-16	8.8199e-18
7254.3799	4.7289e-16	8.2698e-18
7256.6667	4.7175e-16	7.9262e-18
7258.9535	4.7044e-16	7.9319e-18
7261.2404	4.6904e-16	7.8648e-18
7263.5272	4.6766e-16	8.2341e-18
7265.8140	4.6626e-16	9.2007e-18
7268.1008	4.6481e-16	1.0378e-17
7270.3877	4.6335e-16	1.1564e-17
7272.6745	4.6189e-16	1.2129e-17
7274.9613	4.6039e-16	1.2120e-17
7277.2481	4.5891e-16	1.2235e-17
7279.5350	4.5750e-16	1.2481e-17
7281.8218	4.5616e-16	1.2350e-17
7284.1086	4.5496e-16	1.1824e-17
7286.3955	4.5390e-16	1.1194e-17
7288.6823	4.5287e-16	1.0778e-17
7290.9691	4.5189e-16	1.0744e-17
7293.2559	4.5115e-16	1.0781e-17
7295.5428	4.5068e-16	1.0655e-17
7297.8296	4.5033e-16	1.0608e-17
7300.1164	4.5015e-16	1.0611e-17
7302.4032	4.5026e-16	1.0613e-17
7304.6901	4.5051e-16	1.0658e-17
7306.9769	4.5070e-16	1.0783e-17
7309.2637	4.5086e-16	1.0934e-17
7311.5505	4.5106e-16	1.0677e-17
7313.8374	4.5129e-16	9.8991e-18
7316.1242	4.5156e-16	8.6738e-18
7318.4110	4.5187e-16	6.8540e-18
7320.6979	4.5213e-16	5.2178e-18
7322.9847	4.5233e-16	5.1350e-18
7325.2715	4.5247e-16	5.8374e-18
7327.5583	4.5248e-16	6.4475e-18
7329.8452	4.5238e-16	6.9962e-18
7332.1320	4.5239e-16	7.1801e-18
7334.4188	4.5264e-16	7.2139e-18
7336.7056	4.5305e-16	7.6090e-18
7338.9925	4.5350e-16	8.1649e-18
7341.2793	4.5393e-16	8.7846e-18
7343.5661	4.5422e-16	9.3209e-18
7345.8529	4.5433e-16	9.5690e-18
7348.1398	4.5437e-16	9.6805e-18
7350.4266	4.5445e-16	9.7485e-18
7352.7134	4.5464e-16	9.7400e-18
7355.0003	4.5481e-16	9.6304e-18
7357.2871	4.5478e-16	9.5446e-18
7359.5739	4.5445e-16	9.5450e-18
7361.8607	4.5385e-16	9.4772e-18
7364.1476	4.5311e-16	9.3700e-18
7366.4344	4.5240e-16	9.3308e-18
7368.7212	4.5182e-16	9.3323e-18
7371.0080	4.5133e-16	9.1262e-18
7373.2949	4.5078e-16	8.4067e-18
7375.5817	4.5009e-16	7.1577e-18
7377.8685	4.4930e-16	5.6548e-18
7380.1553	4.4842e-16	4.8365e-18
7382.4422	4.4744e-16	4.8443e-18
7384.7290	4.4652e-16	4.7286e-18
7387.0158	4.4584e-16	4.3734e-18
7389.3027	4.4546e-16	3.7247e-18
7391.5895	4.4539e-16	2.8509e-18
7393.8763	4.4559e-16	2.2959e-18
7396.1631	4.4588e-16	1.8972e-18
7398.4500	4.4605e-16	1.8783e-18
7400.7368	4.4600e-16	2.2848e-18
7403.0236	4.4582e-16	2.8142e-18
7405.3104	4.4569e-16	3.2362e-18
7407.5973	4.4573e-16	3.2646e-18
7409.8841	4.4589e-16	3.3348e-18
7412.1709	4.4609e-16	3.6721e-18
7414.4577	4.4624e-16	4.0182e-18
7416.7446	4.4633e-16	4.1038e-18
7419.0314	4.4645e-16	4.1292e-18
7421.3182	4.4668e-16	4.5933e-18
7423.6051	4.4703e-16	5.1547e-18
7425.8919	4.4745e-16	5.4652e-18
7428.1787	4.4792e-16	5.3943e-18
7430.4655	4.4840e-16	5.6768e-18
7432.7524	4.4895e-16	6.3990e-18
7435.0392	4.4962e-16	6.8793e-18
7437.3260	4.5041e-16	7.0878e-18
7439.6128	4.5119e-16	7.1781e-18
7441.8997	4.5180e-16	7.2267e-18
7444.1865	4.5211e-16	7.3001e-18
7446.4733	4.5206e-16	7.2879e-18
7448.7601	4.5173e-16	7.1676e-18
7451.0470	4.5123e-16	6.8978e-18
7453.3338	4.5060e-16	6.5379e-18
7455.6206	4.4993e-16	6.4271e-18
7457.9074	4.4927e-16	6.4534e-18
7460.1943	4.4856e-16	6.4948e-18
7462.4811	4.4778e-16	6.5949e-18
7464.7679	4.4706e-16	6.7566e-18
7467.0548	4.4654e-16	6.7757e-18
7469.3416	4.4624e-16	6.3764e-18
7471.6284	4.4615e-16	5.7276e-18
7473.9152	4.4618e-16	5.1858e-18
7476.2021	4.4616e-16	5.2003e-18
7478.4889	4.4604e-16	5.2752e-18
7480.7757	4.4586e-16	4.7879e-18
7483.0625	4.4560e-16	4.2423e-18
7485.3494	4.4530e-16	4.0001e-18
7487.6362	4.4502e-16	3.8456e-18
7489.9230	4.4469e-16	3.6828e-18
7492.2098	4.4415e-16	3.9476e-18
7494.4967	4.4340e-16	4.8764e-18
7496.7835	4.4255e-16	5.7877e-18
7499.0703	4.4162e-16	6.3218e-18
7501.3572	4.4057e-16	6.5540e-18
7503.6440	4.3951e-16	6.5098e-18
7505.9308	4.3862e-16	6.3952e-18
7508.2176	4.3811e-16	6.5806e-18
7510.5045	4.3816e-16	7.1737e-18
7512.7913	4.3886e-16	8.2076e-18
7515.0781	4.4009e-16	9.5002e-18
7517.3649	4.4155e-16	1.0530e-17
7519.6518	4.4291e-16	1.1047e-17
7521.9386	4.4379e-16	1.1250e-17
7524.2254	4.4397e-16	1.1374e-17
7526.5122	4.4347e-16	1.1532e-17
7528.7991	4.4250e-16	1.1811e-17
7531.0859	4.4116e-16	1.2140e-17
7533.3727	4.3957e-16	1.2267e-17
7535.6596	4.3790e-16	1.2270e-17
7537.9464	4.3623e-16	1.2504e-17
7540.2332	4.3462e-16	1.2892e-17
7542.5200	4.3317e-16	1.2899e-17
7544.8069	4.3184e-16	1.2314e-17
7547.0937	4.3055e-16	1.1506e-17
7549.3805	4.2931e-16	1.0831e-17
7551.6673	4.2806e-16	1.0426e-17
7553.9542	4.2664e-16	1.0331e-17
7556.2410	4.2510e-16	1.0390e-17
7558.5278	4.2360e-16	1.0472e-17
7560.8146	4.2211e-16	1.0503e-17
7563.1015	4.2061e-16	1.0417e-17
7565.3883	4.1914e-16	1.0260e-17
7567.6751	4.1776e-16	1.0146e-17
7569.9620	4.1638e-16	1.0367e-17
7572.2488	4.1485e-16	1.1465e-17
7574.5356	4.1316e-16	1.3702e-17
7576.8224	4.1143e-16	1.7042e-17
7579.1093	4.0973e-16	2.1089e-17
7581.3961	4.0814e-16	2.5181e-17
7583.6829	4.0679e-16	2.8414e-17
7585.9697	4.0572e-16	2.9899e-17
7588.2566	4.0476e-16	2.9975e-17
7590.5434	4.0375e-16	3.0576e-17
7592.8302	4.0274e-16	3.3268e-17
7595.1170	4.0181e-16	3.7166e-17
7597.4039	4.0099e-16	4.0360e-17
7599.6907	4.0034e-16	4.2039e-17
7601.9775	3.9990e-16	4.2559e-17
7604.2644	3.9955e-16	4.2579e-17
7606.5512	3.9916e-16	4.2478e-17
7608.8380	3.9868e-16	4.2339e-17
7611.1248	3.9815e-16	4.2143e-17
7613.4117	3.9772e-16	4.1952e-17
7615.6985	3.9754e-16	4.1871e-17
7617.9853	3.9770e-16	4.1875e-17
7620.2721	3.9820e-16	4.1775e-17
7622.5590	3.9894e-16	4.1331e-17
7624.8458	3.9977e-16	4.0173e-17
7627.1326	4.0060e-16	3.7870e-17
7629.4194	4.0136e-16	3.4276e-17
7631.7063	4.0204e-16	2.9922e-17
7633.9931	4.0260e-16	2.6478e-17
7636.2799	4.0305e-16	2.5426e-17
7638.5668	4.0336e-16	2.5532e-17
7640.8536	4.0351e-16	2.4122e-17
7643.1404	4.0348e-16	2.0104e-17
7645.4272	4.0327e-16	1.4518e-17
7647.7141	4.0280e-16	9.2398e-18
7650.0009	4.0202e-16	5.9433e-18
7652.2877	4.0093e-16	5.0615e-18
7654.5745	3.9957e-16	5.2811e-18
7656.8614	3.9807e-16	5.5184e-18
7659.1482	3.9664e-16	5.4726e-18
7661.4350	3.9538e-16	5.4663e-18
7663.7218	3.9427e-16	5.5784e-18
7666.0087	3.9318e-16	5.6194e-18
7668.2955	3.9196e-16	5.6113e-18
7670.5823	3.9047e-16	5.4566e-18
7672.8692	3.8872e-16	5.2113e-18
7675.1560	3.8681e-16	5.1331e-18
7677.4428	3.8476e-16	5.2807e-18
7679.7296	3.8258e-16	5.5410e-18
7682.0165	3.8023e-16	5.6492e-18
7684.3033	3.7763e-16	5.6665e-18
7686.5901	3.7472e-16	6.1168e-18
7688.8769	3.7157e-16	7.1742e-18
7691.1638	3.6833e-16	8.1749e-18
7693.4506	3.6512e-16	8.6240e-18
7695.7374	3.6206e-16	8.7291e-18
7698.0242	3.5931e-16	8.7521e-18
7700.3111	3.5706e-16	8.7379e-18
7702.5979	3.5543e-16	8.6545e-18
7704.8847	3.5443e-16	8.5235e-18
7707.1715	3.5398e-16	8.5131e-18
7709.4584	3.5385e-16	8.5168e-18
7711.7452	3.5365e-16	8.6641e-18
7714.0320	3.5301e-16	9.3771e-18
7716.3189	3.5175e-16	1.0371e-17
7718.6057	3.4988e-16	1.1202e-17
7720.8925	3.4750e-16	1.1742e-17
7723.1793	3.4490e-16	1.1982e-17
7725.4662	3.4242e-16	1.1960e-17
7727.7530	3.4034e-16	1.1808e-17
7730.0398	3.3871e-16	1.1721e-17
7732.3266	3.3749e-16	1.1741e-17
7734.6135	3.3651e-16	1.1615e-17
7736.9003	3.3553e-16	1.1065e-17
7739.1871	3.3441e-16	1.0121e-17
7741.4739	3.3315e-16	9.1422e-18
7743.7608	3.3183e-16	8.6047e-18
7746.0476	3.3060e-16	8.5428e-18
7748.3344	3.2951e-16	8.5991e-18
7750.6213	3.2848e-16	8.5764e-18
7752.9081	3.2745e-16	8.5408e-18
7755.1949	3.2638e-16	8.5283e-18
7757.4817	3.2525e-16	8.5272e-18
7759.7686	3.2410e-16	8.4675e-18
7762.0554	3.2300e-16	8.0135e-18
7764.3422	3.2193e-16	7.0541e-18
7766.6290	3.2085e-16	5.8431e-18
7768.9159	3.1980e-16	4.6090e-18
7771.2027	3.1896e-16	3.6478e-18
7773.4895	3.1840e-16	3.1522e-18
7775.7763	3.1799e-16	2.9804e-18
7778.0632	3.1775e-16	3.0057e-18
7780.3500	3.1768e-16	3.1928e-18
7782.6368	3.1760e-16	3.4527e-18
7784.9237	3.1736e-16	3.5163e-18
7787.2105	3.1708e-16	3.5201e-18
7789.4973	3.1689e-16	3.8461e-18
7791.7841	3.1670e-16	4.7683e-18
7794.0710	3.1640e-16	5.6888e-18
7796.3578	3.1603e-16	5.8004e-18
7798.6446	3.1553e-16	5.8904e-18
7800.9314	3.1486e-16	6.6252e-18
7803.2183	3.1406e-16	7.1757e-18
7805.5051	3.1328e-16	7.2241e-18
7807.7919	3.1261e-16	7.2544e-18
7810.0787	3.1206e-16	7.9291e-18
7812.3656	3.1158e-16	8.8514e-18
7814.6524	3.1122e-16	9.4367e-18
7816.9392	3.1098e-16	9.6963e-18
7819.2261	3.1084e-16	9.7320e-18
7821.5129	3.1081e-16	9.6570e-18
7823.7997	3.1099e-16	9.5773e-18
7826.0865	3.1132e-16	9.5075e-18
7828.3734	3.1161e-16	9.2476e-18
7830.6602	3.1183e-16	8.8199e-18
7832.9470	3.1205e-16	8.6122e-18
7835.2338	3.1220e-16	8.8784e-18
7837.5207	3.1217e-16	9.5406e-18
7839.8075	3.1198e-16	1.0131e-17
7842.0943	3.1167e-16	1.0453e-17
7844.3811	3.1120e-16	1.0826e-17
7846.6680	3.1060e-16	1.0978e-17
7848.9548	3.0990e-16	1.0642e-17
7851.2416	3.0908e-16	1.0299e-17
7853.5285	3.0817e-16	1.0228e-17
7855.8153	3.0719e-16	1.0201e-17
7858.1021	3.0610e-16	9.7896e-18
7860.3889	3.0491e-16	9.0190e-18
7862.6758	3.0376e-16	8.5412e-18
7864.9626	3.0274e-16	8.7845e-18
7867.2494	3.0184e-16	9.3531e-18
7869.5362	3.0108e-16	9.7962e-18
7871.8231	3.0045e-16	1.0064e-17
7874.1099	2.9987e-16	1.0122e-17
7876.3967	2.9921e-16	1.0110e-17
7878.6835	2.9847e-16	1.0134e-17
7880.9704	2.9773e-16	1.0164e-17
7883.2572	2.9704e-16	1.0056e-17
7885.5440	2.9636e-16	9.6156e-18
7887.8309	2.9567e-16	9.1197e-18
7890.1177	2.9502e-16	9.0262e-18
7892.4045	2.9442e-16	9.3826e-18
7894.6913	2.9378e-16	1.0041e-17
7896.9782	2.9319e-16	1.0487e-17
7899.2650	2.9277e-16	1.0540e-17
7901.5518	2.9257e-16	1.0530e-17
7903.8386	2.9273e-16	1.0623e-17
7906.1255	2.9329e-16	1.0803e-17
7908.4123	2.9410e-16	1.0900e-17
7910.6991	2.9495e-16	1.0742e-17
7912.9859	2.9571e-16	1.0161e-17
7915.2728	2.9625e-16	9.4566e-18
7917.5596	2.9665e-16	9.0985e-18
7919.8464	2.9724e-16	8.9785e-18
7922.1333	2.9826e-16	9.0950e-18
7924.4201	2.9965e-16	9.4788e-18
7926.7069	3.0117e-16	9.8554e-18
7928.9937	3.0269e-16	1.0105e-17
7931.2806	3.0411e-16	1.0234e-17
7933.5674	3.0531e-16	1.0264e-17
7935.8542	3.0634e-16	1.0178e-17
7938.1410	3.0729e-16	9.7550e-18
7940.4279	3.0819e-16	8.9652e-18
7942.7147	3.0907e-16	7.9831e-18
7945.0015	3.0995e-16	7.2423e-18
7947.2883	3.1074e-16	7.0776e-18
7949.5752	3.1139e-16	7.1690e-18
7951.8620	3.1196e-16	6.9855e-18
7954.1488	3.1247e-16	6.3530e-18
7956.4357	3.1289e-16	5.6851e-18
7958.7225	3.1332e-16	5.2614e-18
7961.0093	3.1391e-16	5.0484e-18
7963.2961	3.1468e-16	5.0538e-18
7965.5830	3.1560e-16	4.9943e-18
7967.8698	3.1667e-16	4.8625e-18
7970.1566	3.1784e-16	5.1491e-18
7972.4434	3.1903e-16	6.0137e-18
7974.7303	3.2024e-16	6.8929e-18
7977.0171	3.2141e-16	7.5723e-18
7979.3039	3.2239e-16	7.8000e-18
7981.5907	3.2319e-16	7.7831e-18
7983.8776	3.2386e-16	7.8477e-18
7986.1644	3.2432e-16	7.9979e-18
7988.4512	3.2450e-16	8.1233e-18
7990.7380	3.2452e-16	8.1255e-18
7993.0249	3.2448e-16	8.1806e-18
7995.3117	3.2437e-16	8.1065e-18
7997.5985	3.2426e-16	7.7749e-18
7999.8854	3.2424e-16	7.5366e-18
8002.1722	3.2432e-16	7.4711e-18
8004.4590	3.2443e-16	7.4096e-18
8006.7458	3.2457e-16	7.2813e-18
8009.0327	3.2487e-16	7.2492e-18
8011.3195	3.2546e-16	7.3024e-18
8013.6063	3.2635e-16	7.2940e-18
8015.8931	3.2751e-16	7.2900e-18
8018.1800	3.2891e-16	7.2283e-18
8020.4668	3.3040e-16	6.7027e-18
8022.7536	3.3170e-16	5.7704e-18
8025.0404	3.3278e-16	4.4761e-18
8027.3273	3.3390e-16	3.4268e-18
8029.6141	3.3517e-16	3.2614e-18
8031.9009	3.3655e-16	3.4718e-18
8034.1878	3.3807e-16	3.8812e-18
8036.4746	3.3975e-16	4.2601e-18
8038.7614	3.4148e-16	4.6850e-18
8041.0482	3.4320e-16	4.8984e-18
8043.3351	3.4490e-16	4.8686e-18
8045.6219	3.4648e-16	4.9053e-18
8047.9087	3.4789e-16	5.2713e-18
8050.1955	3.4918e-16	5.9627e-18
8052.4824	3.5029e-16	6.8150e-18
8054.7692	3.5130e-16	7.5630e-18
8057.0560	3.5242e-16	8.0609e-18
8059.3428	3.5375e-16	8.3537e-18
8061.6297	3.5518e-16	8.4706e-18
8063.9165	3.5665e-16	8.4813e-18
8066.2033	3.5816e-16	8.4677e-18
8068.4902	3.5967e-16	8.5142e-18
8070.7770	3.6110e-16	8.7108e-18
8073.0638	3.6240e-16	9.0755e-18
8075.3506	3.6360e-16	9.4695e-18
8077.6375	3.6474e-16	9.8320e-18
8079.9243	3.6579e-16	1.0159e-17
8082.2111	3.6671e-16	1.0343e-17
8084.4979	3.6754e-16	1.0366e-17
8086.7848	3.6830e-16	1.0258e-17
8089.0716	3.6896e-16	1.0103e-17
8091.3584	3.6953e-16	1.0050e-17
8093.6452	3.7009e-16	1.0231e-17
8095.9321	3.7069e-16	1.0547e-17
8098.2189	3.7131e-16	1.0512e-17
8100.5057	3.7194e-16	1.0047e-17
8102.7926	3.7247e-16	9.4176e-18
8105.0794	3.7280e-16	8.8188e-18
8107.3662	3.7290e-16	8.3233e-18
8109.6530	3.7275e-16	7.9609e-18
8111.9399	3.7239e-16	7.9145e-18
8114.2267	3.7193e-16	8.2025e-18
8116.5135	3.7142e-16	8.8634e-18
8118.8003	3.7077e-16	9.6883e-18
8121.0872	3.6990e-16	1.0118e-17
8123.3740	3.6885e-16	1.0128e-17
8125.6608	3.6774e-16	9.8101e-18
8127.9476	3.6667e-16	9.1408e-18
8130.2345	3.6572e-16	8.5164e-18
8132.5213	3.6502e-16	8.2605e-18
8134.8081	3.6463e-16	8.4090e-18
8137.0950	3.6440e-16	8.9082e-18
8139.3818	3.6425e-16	9.5943e-18
8141.6686	3.6415e-16	1.0076e-17
8143.9554	3.6406e-16	1.0084e-17
8146.2423	3.6393e-16	1.0034e-17
8148.5291	3.6381e-16	1.0158e-17
8150.8159	3.6369e-16	1.0388e-17
8153.1027	3.6360e-16	1.0724e-17
8155.3896	3.6363e-16	1.1030e-17
8157.6764	3.6384e-16	1.1230e-17
8159.9632	3.6412e-16	1.1259e-17
8162.2500	3.6443e-16	1.1013e-17
8164.5369	3.6480e-16	1.0348e-17
8166.8237	3.6512e-16	9.2651e-18
8169.1105	3.6531e-16	8.1071e-18
8171.3974	3.6543e-16	7.1300e-18
8173.6842	3.6554e-16	6.7188e-18
8175.9710	3.6563e-16	7.3305e-18
8178.2578	3.6572e-16	8.4988e-18
8180.5447	3.6580e-16	9.9340e-18
8182.8315	3.6586e-16	1.1475e-17
8185.1183	3.6589e-16	1.2780e-17
8187.4051	3.6587e-16	1.3629e-17
8189.6920	3.6573e-16	1.3998e-17
8191.9788	3.6549e-16	1.4001e-17
8194.2656	3.6520e-16	1.3749e-17
8196.5524	3.6495e-16	1.3375e-17
8198.8393	3.6477e-16	1.3147e-17
8201.1261	3.6466e-16	1.3367e-17
8203.4129	3.6458e-16	1.4242e-17
8205.6998	3.6447e-16	1.5387e-17
8207.9866	3.6439e-16	1.6075e-17
8210.2734	3.6431e-16	1.6267e-17
8212.5602	3.6412e-16	1.6352e-17
8214.8471	3.6375e-16	1.6439e-17
8217.1339	3.6318e-16	1.6509e-17
8219.4207	3.6236e-16	1.6557e-17
8221.7075	3.6139e-16	1.6572e-17
8223.9944	3.6055e-16	1.6494e-17
8226.2812	3.6001e-16	1.6272e-17
8228.5680	3.5978e-16	1.5775e-17
8230.8548	3.5981e-16	1.4893e-17
8233.1417	3.5989e-16	1.3689e-17
8235.4285	3.5980e-16	1.2294e-17
8237.7153	3.5946e-16	1.0904e-17
8240.0022	3.5895e-16	9.6884e-18
8242.2890	3.5833e-16	8.8519e-18
8244.5758	3.5770e-16	8.6405e-18
8246.8626	3.5711e-16	8.7166e-18
8249.1495	3.5652e-16	8.4618e-18
8251.4363	3.5582e-16	7.4524e-18
8253.7231	3.5503e-16	5.8366e-18
8256.0099	3.5414e-16	4.7485e-18
8258.2968	3.5322e-16	4.9273e-18
8260.5836	3.5240e-16	5.6989e-18
8262.8704	3.5177e-16	6.4560e-18
8265.1572	3.5125e-16	6.8857e-18
8267.4441	3.5077e-16	7.0178e-18
8269.7309	3.5037e-16	7.0056e-18
8272.0177	3.5006e-16	6.9952e-18
8274.3045	3.4981e-16	7.0218e-18
8276.5914	3.4961e-16	7.1335e-18
8278.8782	3.4949e-16	7.2169e-18
8281.1650	3.4941e-16	7.2194e-18
8283.4519	3.4934e-16	7.2296e-18
8285.7387	3.4933e-16	7.2993e-18
8288.0255	3.4938e-16	7.2785e-18
8290.3123	3.4941e-16	7.0131e-18
8292.5992	3.4932e-16	6.3207e-18
8294.8860	3.4908e-16	5.5591e-18
8297.1728	3.4883e-16	5.9585e-18
8299.4596	3.4862e-16	7.2731e-18
8301.7465	3.4841e-16	8.0996e-18
8304.0333	3.4808e-16	8.3222e-18
8306.3201	3.4748e-16	8.2171e-18
8308.6069	3.4645e-16	7.9228e-18
8310.8938	3.4495e-16	7.4569e-18
8313.1806	3.4316e-16	7.1657e-18
8315.4674	3.4129e-16	7.0964e-18
8317.7543	3.3949e-16	7.0534e-18
8320.0411	3.3786e-16	7.0302e-18
8322.3279	3.3642e-16	7.3425e-18
8324.6147	3.3516e-16	8.0686e-18
8326.9016	3.3409e-16	8.5031e-18
8329.1884	3.3317e-16	8.5522e-18
8331.4752	3.3230e-16	8.5397e-18
8333.7620	3.3141e-16	8.5643e-18
8336.0489	3.3051e-16	8.6288e-18
8338.3357	3.2967e-16	8.6645e-18
8340.6225	3.2881e-16	8.6659e-18
8342.9093	3.2786e-16	8.6863e-18
8345.1962	3.2681e-16	8.3751e-18
8347.4830	3.2567e-16	7.6288e-18
8349.7698	3.2462e-16	7.0907e-18
8352.0567	3.2385e-16	6.9671e-18
8354.3435	3.2336e-16	6.9827e-18
8356.6303	3.2306e-16	6.9291e-18
8358.9171	3.2289e-16	6.9790e-18
8361.2040	3.2270e-16	6.9425e-18
8363.4908	3.2241e-16	6.8671e-18
8365.7776	3.2214e-16	6.9802e-18
8368.0644	3.2199e-16	6.9910e-18
8370.3513	3.2193e-16	6.6919e-18
8372.6381	3.2195e-16	5.5072e-18
8374.9249	3.2198e-16	4.3731e-18
8377.2117	3.2197e-16	4.7544e-18
8379.4986	3.2191e-16	6.2931e-18
8381.7854	3.2181e-16	7.6508e-18
8384.0722	3.2162e-16	7.8951e-18
8386.3591	3.2138e-16	7.6420e-18
8388.6459	3.2119e-16	7.5731e-18
8390.9327	3.2110e-16	7.5948e-18
8393.2195	3.2115e-16	7.5987e-18
8395.5064	3.2132e-16	7.5985e-18
8397.7932	3.2147e-16	7.5988e-18
8400.0800	3.2154e-16	7.5530e-18
8402.3668	3.2163e-16	7.5900e-18
8404.6537	3.2184e-16	7.7344e-18
8406.9405	3.2206e-16	7.8074e-18
8409.2273	3.2216e-16	7.8343e-18
8411.5141	3.2218e-16	7.8489e-18
8413.8010	3.2216e-16	7.7788e-18
8416.0878	3.2213e-16	7.7796e-18
8418.3746	3.2225e-16	7.7720e-18
8420.6615	3.2268e-16	8.4079e-18
8422.9483	3.2336e-16	9.9698e-18
8425.2351	3.2408e-16	1.1062e-17
8427.5219	3.2467e-16	1.0641e-17
8429.8088	3.2504e-16	9.1007e-18
8432.0956	3.2524e-16	8.3434e-18
8434.3824	3.2541e-16	9.2958e-18
8436.6692	3.2563e-16	1.0449e-17
8438.9561	3.2588e-16	1.1104e-17
8441.2429	3.2617e-16	1.1498e-17
8443.5297	3.2654e-16	1.1724e-17
8445.8165	3.2693e-16	1.1862e-17
8448.1034	3.2724e-16	1.2005e-17
8450.3902	3.2749e-16	1.2076e-17
8452.6770	3.2772e-16	1.2027e-17
8454.9639	3.2797e-16	1.1936e-17
8457.2507	3.2835e-16	1.1887e-17
8459.5375	3.2888e-16	1.1901e-17
8461.8243	3.2951e-16	1.1955e-17
8464.1112	3.3025e-16	1.2048e-17
8466.3980	3.3110e-16	1.2120e-17
8468.6848	3.3191e-16	1.1802e-17
8470.9716	3.3264e-16	1.0608e-17
8473.2585	3.3332e-16	9.1152e-18
8475.5453	3.3392e-16	8.5276e-18
8477.8321	3.3443e-16	8.6889e-18
8480.1189	3.3488e-16	8.7548e-18
8482.4058	3.3529e-16	8.1588e-18
8484.6926	3.3568e-16	7.2017e-18
8486.9794	3.3599e-16	6.4270e-18
8489.2663	3.3623e-16	5.8110e-18
8491.5531	3.3658e-16	5.2821e-18
8493.8399	3.3714e-16	4.8845e-18
8496.1267	3.3773e-16	4.8831e-18
8498.4136	3.3810e-16	5.5900e-18
8500.7004	3.3811e-16	6.8903e-18
8502.9872	3.3759e-16	8.0606e-18
8505.2740	3.3655e-16	8.7874e-18
8507.5609	3.3522e-16	9.1730e-18
8509.8477	3.3373e-16	9.2160e-18
8512.1345	3.3211e-16	9.0210e-18
8514.4213	3.3037e-16	8.8857e-18
8516.7082	3.2840e-16	8.9097e-18
8518.9950	3.2619e-16	8.8199e-18
8521.2818	3.2396e-16	8.5313e-18
8523.5686	3.2191e-16	8.1132e-18
8525.8555	3.2008e-16	7.6339e-18
8528.1423	3.1844e-16	7.4478e-18
8530.4291	3.1695e-16	8.0372e-18
8532.7160	3.1542e-16	9.0839e-18
8535.0028	3.1368e-16	1.0000e-17
8537.2896	3.1175e-16	1.0612e-17
8539.5764	3.0981e-16	1.0916e-17
8541.8633	3.0811e-16	1.1062e-17
8544.1501	3.0683e-16	1.1036e-17
8546.4369	3.0605e-16	1.0701e-17
8548.7237	3.0562e-16	9.9291e-18
8551.0106	3.0531e-16	8.9197e-18
8553.2974	3.0487e-16	8.0244e-18
8555.5842	3.0418e-16	7.3096e-18
8557.8710	3.0323e-16	7.0161e-18
8560.1579	3.0210e-16	7.1222e-18
8562.4447	3.0089e-16	7.2208e-18
8564.7315	2.9973e-16	7.2258e-18
8567.0184	2.9874e-16	7.2897e-18
8569.3052	2.9791e-16	7.7063e-18
8571.5920	2.9718e-16	8.8686e-18
8573.8788	2.9651e-16	1.0913e-17
8576.1657	2.9589e-16	1.3269e-17
8578.4525	2.9525e-16	1.4990e-17
8580.7393	2.9459e-16	1.5902e-17
8583.0261	2.9404e-16	1.6234e-17
8585.3130	2.9372e-16	1.6072e-17
8587.5998	2.9363e-16	1.5777e-17
8589.8866	2.9376e-16	1.5601e-17
8592.1734	2.9414e-16	1.5746e-17
8594.4603	2.9477e-16	1.6517e-17
8596.7471	2.9550e-16	1.7448e-17
8599.0339	2.9624e-16	1.8010e-17
8601.3208	2.9696e-16	1.8234e-17
8603.6076	2.9762e-16	1.8152e-17
8605.8944	2.9824e-16	1.7768e-17
8608.1812	2.9894e-16	1.7292e-17
8610.4681	2.9982e-16	1.7050e-17
8612.7549	3.0085e-16	1.7231e-17
8615.0417	3.0185e-16	1.7711e-17
8617.3285	3.0264e-16	1.7988e-17
8619.6154	3.0321e-16	1.7683e-17
8621.9022	3.0357e-16	1.6726e-17
8624.1890	3.0371e-16	1.5371e-17
8626.4758	3.0367e-16	1.4229e-17
8628.7627	3.0348e-16	1.3374e-17
8631.0495	3.0310e-16	1.2773e-17
8633.3363	3.0250e-16	1.2718e-17
8635.6232	3.0181e-16	1.2870e-17
8637.9100	3.0114e-16	1.2932e-17
8640.1968	3.0048e-16	1.2886e-17
8642.4836	2.9978e-16	1.2368e-17
8644.7705	2.9893e-16	1.1544e-17
8647.0573	2.9790e-16	1.0901e-17
8649.3441	2.9682e-16	1.0453e-17
8651.6309	2.9583e-16	1.0203e-17
8653.9178	2.9496e-16	1.0113e-17
8656.2046	2.9410e-16	1.0241e-17
8658.4914	2.9322e-16	1.0544e-17
8660.7782	2.9231e-16	1.0581e-17
8663.0651	2.9137e-16	1.0425e-17
8665.3519	2.9048e-16	1.0512e-17
8667.6387	2.8967e-16	1.0629e-17
8669.9256	2.8885e-16	1.0662e-17
8672.2124	2.8797e-16	1.0633e-17
8674.4992	2.8709e-16	1.0335e-17
8676.7860	2.8635e-16	9.9253e-18
8679.0729	2.8586e-16	9.5619e-18
8681.3597	2.8570e-16	9.2019e-18
8683.6465	2.8580e-16	8.8264e-18
8685.9333	2.8611e-16	8.6837e-18
8688.2202	2.8654e-16	8.9016e-18
8690.5070	2.8694e-16	9.1634e-18
8692.7938	2.8726e-16	9.1182e-18
8695.0806	2.8759e-16	8.8270e-18
8697.3675	2.8789e-16	8.5470e-18
8699.6543	2.8805e-16	8.5596e-18
8701.9411	2.8807e-16	9.1028e-18
8704.2280	2.8795e-16	9.8752e-18
8706.5148	2.8763e-16	1.0244e-17
8708.8016	2.8725e-16	1.0094e-17
8711.0884	2.8696e-16	9.6115e-18
8713.3753	2.8683e-16	9.0087e-18
8715.6621	2.8695e-16	8.7638e-18
8717.9489	2.8735e-16	8.8505e-18
8720.2357	2.8791e-16	8.9312e-18
8722.5226	2.8851e-16	8.8700e-18
8724.8094	2.8914e-16	8.5302e-18
8727.0962	2.8976e-16	7.8466e-18
8729.3830	2.9039e-16	6.7885e-18
8731.6699	2.9120e-16	6.0663e-18
8733.9567	2.9232e-16	6.1750e-18
8736.2435	2.9387e-16	6.5110e-18
8738.5304	2.9585e-16	6.8031e-18
8740.8172	2.9808e-16	6.9234e-18
8743.1040	3.0029e-16	6.8974e-18
8745.3908	3.0232e-16	6.7919e-18
8747.6777	3.0407e-16	6.5554e-18
8749.9645	3.0553e-16	6.2027e-18
8752.2513	3.0688e-16	5.5836e-18
8754.5381	3.0825e-16	4.6304e-18
8756.8250	3.0963e-16	3.9139e-18
8759.1118	3.1109e-16	3.6153e-18
8761.3986	3.1273e-16	3.5779e-18
8763.6854	3.1440e-16	3.6452e-18
8765.9723	3.1585e-16	3.6277e-18
8768.2591	3.1703e-16	3.6213e-18
8770.5459	3.1801e-16	4.1259e-18
8772.8328	3.1886e-16	5.7669e-18
8775.1196	3.1968e-16	7.5953e-18
8777.4064	3.2057e-16	9.3848e-18
8779.6932	3.2146e-16	1.0845e-17
8781.9801	3.2217e-16	1.1527e-17
8784.2669	3.2255e-16	1.1628e-17
8786.5537	3.2253e-16	1.1476e-17
8788.8405	3.2218e-16	1.1363e-17
8791.1274	3.2153e-16	1.1350e-17
8793.4142	3.2056e-16	1.1306e-17
8795.7010	3.1950e-16	1.1230e-17
8797.9878	3.1864e-16	1.1118e-17
8800.2747	3.1813e-16	1.1227e-17
8802.5615	3.1812e-16	1.2109e-17
8804.8483	3.1874e-16	1.3363e-17
8807.1351	3.1983e-16	1.4488e-17
8809.4220	3.2099e-16	1.5489e-17
8811.7088	3.2206e-16	1.6133e-17
8813.9956	3.2313e-16	1.6284e-17
8816.2825	3.2423e-16	1.6268e-17
8818.5693	3.2525e-16	1.6243e-17
8820.8561	3.2613e-16	1.5939e-17
8823.1429	3.2683e-16	1.5362e-17
8825.4298	3.2728e-16	1.4500e-17
8827.7166	3.2746e-16	1.3327e-17
8830.0034	3.2750e-16	1.2179e-17
8832.2902	3.2754e-16	1.1259e-17
8834.5771	3.2758e-16	1.0461e-17
8836.8639	3.2757e-16	9.9269e-18
8839.1507	3.2744e-16	9.8874e-18
8841.4375	3.2713e-16	1.0226e-17
8843.7244	3.2670e-16	1.0953e-17
8846.0112	3.2620e-16	1.2081e-17
8848.2980	3.2562e-16	1.3583e-17
8850.5849	3.2488e-16	1.5658e-17
8852.8717	3.2396e-16	1.8476e-17
8855.1585	3.2288e-16	2.1234e-17
8857.4453	3.2168e-16	2.3054e-17
8859.7322	3.2043e-16	2.3765e-17
8862.0190	3.1925e-16	2.3701e-17
8864.3058	3.1816e-16	2.3478e-17
8866.5926	3.1713e-16	2.3572e-17
8868.8795	3.1617e-16	2.4464e-17
8871.1663	3.1540e-16	2.6397e-17
8873.4531	3.1488e-16	2.8975e-17
8875.7399	3.1460e-16	3.1836e-17
8878.0268	3.1444e-16	3.4386e-17
8880.3136	3.1433e-16	3.5880e-17
8882.6004	3.1417e-16	3.6520e-17
8884.8873	3.1385e-16	3.6844e-17
8887.1741	3.1341e-16	3.6976e-17
8889.4609	3.1307e-16	3.6951e-17
8891.7477	3.1291e-16	3.6850e-17
8894.0346	3.1279e-16	3.6658e-17
8896.3214	3.1267e-16	3.6269e-17
8898.6082	3.1254e-16	3.5367e-17
8900.8950	3.1227e-16	3.3455e-17
8903.1819	3.1177e-16	3.0567e-17
8905.4687	3.1111e-16	2.7340e-17
8907.7555	3.1040e-16	2.4775e-17
8910.0423	3.0960e-16	2.3920e-17
8912.3292	3.0866e-16	2.4522e-17
8914.6160	3.0761e-16	2.5555e-17
8916.9028	3.0649e-16	2.6257e-17
8919.1897	3.0530e-16	2.6063e-17
8921.4765	3.0401e-16	2.4773e-17
8923.7633	3.0269e-16	2.2284e-17
8926.0501	3.0144e-16	1.8868e-17
8928.3370	3.0025e-16	1.5722e-17
8930.6238	2.9910e-16	1.3475e-17
8932.9106	2.9803e-16	1.1799e-17
8935.1974	2.9703e-16	1.0969e-17
8937.4843	2.9597e-16	1.1439e-17
8939.7711	2.9481e-16	1.2495e-17
8942.0579	2.9369e-16	1.3543e-17
8944.3447	2.9273e-16	1.4531e-17
8946.6316	2.9205e-16	1.5350e-17
8948.9184	2.9174e-16	1.5924e-17
8951.2052	2.9177e-16	1.6268e-17
8953.4921	2.9202e-16	1.6394e-17
8955.7789	2.9233e-16	1.6322e-17
8958.0657	2.9261e-16	1.6028e-17
8960.3525	2.9281e-16	1.5647e-17
8962.6394	2.9291e-16	1.5538e-17
8964.9262	2.9299e-16	1.5704e-17
8967.2130	2.9304e-16	1.5625e-17
8969.4998	2.9301e-16	1.4867e-17
8971.7867	2.9282e-16	1.3284e-17
8974.0735	2.9237e-16	1.1241e-17
8976.3603	2.9168e-16	9.5304e-18
8978.6471	2.9088e-16	8.6185e-18
8980.9340	2.9014e-16	8.5764e-18
8983.2208	2.8951e-16	8.9368e-18
8985.5076	2.8900e-16	9.1955e-18
8987.7945	2.8853e-16	9.3894e-18
8990.0813	2.8805e-16	9.7886e-18
8992.3681	2.8763e-16	1.0424e-17
8994.6549	2.8728e-16	1.1010e-17
8996.9418	2.8705e-16	1.1396e-17
8999.2286	2.8719e-16	1.1623e-17
9001.5154	2.8777e-16	1.1759e-17
9003.8022	2.8852e-16	1.1813e-17
9006.0891	2.8925e-16	1.1804e-17
9008.3759	2.9006e-16	1.1615e-17
9010.6627	2.9084e-16	1.0887e-17
9012.9495	2.9133e-16	9.4033e-18
9015.2364	2.9155e-16	7.5797e-18
9017.5232	2.9176e-16	6.1260e-18
9019.8100	2.9197e-16	5.5789e-18
9022.0969	2.9195e-16	5.6769e-18
9024.3837	2.9168e-16	5.6900e-18
9026.6705	2.9126e-16	5.8028e-18
9028.9573	2.9067e-16	6.3010e-18
9031.2442	2.8986e-16	6.8420e-18
9033.5310	2.8904e-16	7.1584e-18
9035.8178	2.8837e-16	7.3407e-18
9038.1046	2.8787e-16	7.3730e-18
9040.3915	2.8745e-16	7.2323e-18
9042.6783	2.8697e-16	7.4457e-18
9044.9651	2.8625e-16	8.6984e-18
9047.2519	2.8509e-16	1.1306e-17
9049.5388	2.8343e-16	1.4516e-17
9051.8256	2.8143e-16	1.7112e-17
9054.1124	2.7936e-16	1.8502e-17
9056.3993	2.7745e-16	1.8833e-17
9058.6861	2.7584e-16	1.8793e-17
9060.9729	2.7469e-16	1.8961e-17
9063.2597	2.7398e-16	1.9297e-17
9065.5466	2.7354e-16	1.9576e-17
9067.8334	2.7324e-16	1.9680e-17
9070.1202	2.7303e-16	1.9683e-17
9072.4070	2.7278e-16	1.9892e-17
9074.6939	2.7237e-16	1.9925e-17
9076.9807	2.7182e-16	1.9301e-17
9079.2675	2.7123e-16	1.8412e-17
9081.5543	2.7072e-16	1.7779e-17
9083.8412	2.7049e-16	1.7910e-17
9086.1280	2.7058e-16	1.8763e-17
9088.4148	2.7087e-16	1.9582e-17
9090.7016	2.7116e-16	2.0253e-17
9092.9885	2.7132e-16	2.0975e-17
9095.2753	2.7120e-16	2.1261e-17
9097.5621	2.7073e-16	2.0096e-17
9099.8490	2.7003e-16	1.7691e-17
9102.1358	2.6927e-16	1.5286e-17
9104.4226	2.6846e-16	1.4110e-17
9106.7094	2.6755e-16	1.4400e-17
9108.9963	2.6658e-16	1.4846e-17
9111.2831	2.6560e-16	1.4829e-17
9113.5699	2.6463e-16	1.4824e-17
9115.8567	2.6366e-16	1.5095e-17
9118.1436	2.6269e-16	1.5302e-17
9120.4304	2.6173e-16	1.4483e-17
9122.7172	2.6075e-16	1.2758e-17
9125.0040	2.5977e-16	1.1882e-17
9127.2909	2.5882e-16	1.3066e-17
9129.5777	2.5786e-16	1.5708e-17
9131.8645	2.5684e-16	1.8647e-17
9134.1514	2.5569e-16	2.1077e-17
9136.4382	2.5451e-16	2.2516e-17
9138.7250	2.5341e-16	2.2923e-17
9141.0118	2.5242e-16	2.2549e-17
9143.2987	2.5158e-16	2.1478e-17
9145.5855	2.5095e-16	2.0386e-17
9147.8723	2.5038e-16	1.9747e-17
9150.1591	2.4958e-16	1.9429e-17
9152.4460	2.4838e-16	1.9369e-17
9154.7328	2.4684e-16	1.9365e-17
9157.0196	2.4496e-16	1.9402e-17
9159.3064	2.4276e-16	1.9624e-17
9161.5933	2.4043e-16	2.0133e-17
9163.8801	2.3824e-16	2.0803e-17
9166.1669	2.3626e-16	2.1455e-17
9168.4538	2.3449e-16	2.2214e-17
9170.7406	2.3300e-16	2.3128e-17
9173.0274	2.3182e-16	2.3991e-17
9175.3142	2.3089e-16	2.4365e-17
9177.6011	2.3007e-16	2.3913e-17
9179.8879	2.2924e-16	2.2415e-17
9182.1747	2.2826e-16	1.9972e-17
9184.4615	2.2705e-16	1.7727e-17
9186.7484	2.2567e-16	1.6595e-17
9189.0352	2.2424e-16	1.6090e-17
9191.3220	2.2290e-16	1.5786e-17
9193.6088	2.2186e-16	1.5634e-17
9195.8957	2.2126e-16	1.5474e-17
9198.1825	2.2096e-16	1.5130e-17
9200.4693	2.2074e-16	1.4664e-17
9202.7562	2.2050e-16	1.4326e-17
9205.0430	2.2016e-16	1.4350e-17
9207.3298	2.1962e-16	1.4922e-17
9209.6166	2.1896e-16	1.5793e-17
9211.9035	2.1839e-16	1.6499e-17
9214.1903	2.1795e-16	1.6625e-17
9216.4771	2.1735e-16	1.6042e-17
9218.7639	2.1650e-16	1.4913e-17
9221.0508	2.1564e-16	1.3440e-17
9223.3376	2.1498e-16	1.2178e-17
9225.6244	2.1461e-16	1.1482e-17
9227.9112	2.1470e-16	1.1394e-17
9230.1981	2.1538e-16	1.1724e-17
9232.4849	2.1632e-16	1.1932e-17
9234.7717	2.1704e-16	1.1937e-17
9237.0586	2.1737e-16	1.1934e-17
9239.3454	2.1731e-16	1.2025e-17
9241.6322	2.1681e-16	1.2401e-17
9243.9190	2.1595e-16	1.2925e-17
9246.2059	2.1493e-16	1.3412e-17
9248.4927	2.1393e-16	1.3831e-17
9250.7795	2.1299e-16	1.4176e-17
9253.0663	2.1206e-16	1.4526e-17
9255.3532	2.1112e-16	1.4899e-17
9257.6400	2.1014e-16	1.4890e-17
9259.9268	2.0897e-16	1.4053e-17
9262.2136	2.0749e-16	1.2423e-17
9264.5005	2.0576e-16	1.0115e-17
9266.7873	2.0392e-16	7.6411e-18
9269.0741	2.0199e-16	6.3594e-18
9271.3610	2.0007e-16	6.1989e-18
9273.6478	1.9830e-16	6.2033e-18
9275.9346	1.9674e-16	6.2042e-18
9278.2214	1.9537e-16	6.2180e-18
9280.5083	1.9422e-16	6.2453e-18
9282.7951	1.9316e-16	5.9782e-18
9285.0819	1.9202e-16	5.9764e-18
9287.3687	1.9073e-16	7.0137e-18
9289.6556	1.8919e-16	8.4563e-18
9291.9424	1.8733e-16	1.0279e-17
9294.2292	1.8523e-16	1.2780e-17
9296.5160	1.8302e-16	1.5478e-17
9298.8029	1.8074e-16	1.7926e-17
9301.0897	1.7842e-16	1.9826e-17
9303.3765	1.7613e-16	2.0528e-17
9305.6634	1.7390e-16	2.0043e-17
9307.9502	1.7171e-16	1.9261e-17
9310.2370	1.6957e-16	1.8637e-17
9312.5238	1.6740e-16	1.8219e-17
9314.8107	1.6520e-16	1.8010e-17
9317.0975	1.6311e-16	1.7968e-17
9319.3843	1.6126e-16	1.8162e-17
9321.6711	1.5959e-16	1.8829e-17
9323.9580	1.5800e-16	2.0054e-17
9326.2448	1.5646e-16	2.1640e-17
9328.5316	1.5497e-16	2.3286e-17
9330.8184	1.5357e-16	2.4638e-17
9333.1053	1.5240e-16	2.5492e-17
9335.3921	1.5157e-16	2.5865e-17
9337.6789	1.5105e-16	2.5851e-17
9339.9657	1.5090e-16	2.5449e-17
9342.2526	1.5112e-16	2.4487e-17
9344.5394	1.5150e-16	2.2952e-17
9346.8262	1.5191e-16	2.1064e-17
9349.1131	1.5241e-16	1.9220e-17
9351.3999	1.5302e-16	1.8481e-17
9353.6867	1.5376e-16	1.9175e-17
9355.9735	1.5476e-16	2.0046e-17
9358.2604	1.5605e-16	2.0436e-17
9360.5472	1.5745e-16	2.0511e-17
9362.8340	1.5879e-16	2.0506e-17
9365.1208	1.5996e-16	2.0479e-17
9367.4077	1.6099e-16	2.0371e-17
9369.6945	1.6211e-16	2.0018e-17
9371.9813	1.6345e-16	1.9208e-17
9374.2681	1.6492e-16	1.7917e-17
9376.5550	1.6631e-16	1.6281e-17
9378.8418	1.6751e-16	1.4648e-17
9381.1286	1.6853e-16	1.3370e-17
9383.4155	1.6935e-16	1.2514e-17
9385.7023	1.7002e-16	1.2088e-17
9387.9891	1.7063e-16	1.1965e-17
9390.2759	1.7117e-16	1.1965e-17
9392.5628	1.7162e-16	1.1926e-17
9394.8496	1.7198e-16	1.1823e-17
9397.1364	1.7226e-16	1.1504e-17
9399.4232	1.7242e-16	1.0495e-17
9401.7101	1.7243e-16	8.8265e-18
9403.9969	1.7230e-16	7.0268e-18
9406.2837	1.7204e-16	5.8154e-18
9408.5705	1.7168e-16	5.7710e-18
9410.8574	1.7123e-16	6.4722e-18
9413.1442	1.7068e-16	7.5732e-18
9415.4310	1.7013e-16	8.6528e-18
9417.7179	1.6972e-16	9.3062e-18
9420.0047	1.6954e-16	9.6596e-18
9422.2915	1.6968e-16	9.8045e-18
9424.5783	1.7016e-16	9.7663e-18
9426.8652	1.7082e-16	9.5808e-18
9429.1520	1.7146e-16	9.3736e-18
9431.4388	1.7194e-16	9.4251e-18
9433.7256	1.7226e-16	9.6838e-18
9436.0125	1.7248e-16	9.8798e-18
9438.2993	1.7263e-16	9.8807e-18
9440.5861	1.7272e-16	9.8235e-18
9442.8729	1.7269e-16	9.8623e-18
9445.1598	1.7248e-16	9.5758e-18
9447.4466	1.7207e-16	9.0661e-18
9449.7334	1.7147e-16	8.6392e-18
9452.0203	1.7081e-16	8.2870e-18
9454.3071	1.7020e-16	8.2425e-18
9456.5939	1.6970e-16	8.2528e-18
9458.8807	1.6931e-16	8.0778e-18
9461.1676	1.6900e-16	7.6984e-18
9463.4544	1.6872e-16	7.2318e-18
9465.7412	1.6846e-16	7.0144e-18
9468.0280	1.6821e-16	7.0453e-18
9470.3149	1.6797e-16	7.1342e-18
9472.6017	1.6787e-16	7.1640e-18
9474.8885	1.6796e-16	7.1680e-18
9477.1753	1.6823e-16	7.1946e-18
9479.4622	1.6863e-16	7.0462e-18
9481.7490	1.6911e-16	6.7144e-18
9484.0358	1.6952e-16	6.4672e-18
9486.3227	1.6978e-16	6.3526e-18
9488.6095	1.6989e-16	6.4135e-18
9490.8963	1.6990e-16	6.3654e-18
9493.1831	1.6990e-16	6.3268e-18
9495.4700	1.6993e-16	6.3563e-18
9497.7568	1.7003e-16	6.0202e-18
9500.0436	1.7027e-16	5.7756e-18
9502.3304	1.7066e-16	5.9612e-18
9504.6173	1.7114e-16	6.8704e-18
9506.9041	1.7160e-16	7.9810e-18
9509.1909	1.7190e-16	8.2969e-18
9511.4777	1.7200e-16	8.0034e-18
9513.7646	1.7201e-16	7.4651e-18
9516.0514	1.7192e-16	6.7337e-18
9518.3382	1.7164e-16	6.2726e-18
9520.6251	1.7119e-16	6.4918e-18
9522.9119	1.7062e-16	7.3202e-18
9525.1987	1.6991e-16	8.4603e-18
9527.4855	1.6915e-16	9.3521e-18
9529.7724	1.6845e-16	9.7500e-18
9532.0592	1.6787e-16	9.7705e-18
9534.3460	1.6745e-16	9.7285e-18
9536.6328	1.6723e-16	9.8511e-18
9538.9197	1.6713e-16	1.0063e-17
9541.2065	1.6711e-16	1.0217e-17
9543.4933	1.6723e-16	1.0175e-17
9545.7801	1.6747e-16	1.0107e-17
9548.0670	1.6767e-16	1.0168e-17
9550.3538	1.6783e-16	1.0258e-17
9552.6406	1.6797e-16	1.0049e-17
9554.9275	1.6805e-16	9.3352e-18
9557.2143	1.6811e-16	8.6345e-18
9559.5011	1.6825e-16	8.2328e-18
9561.7879	1.6843e-16	7.9602e-18
9564.0748	1.6868e-16	7.8403e-18
9566.3616	1.6913e-16	7.9487e-18
9568.6484	1.6967e-16	8.3638e-18
9570.9352	1.7013e-16	8.8818e-18
9573.2221	1.7055e-16	9.0130e-18
9575.5089	1.7111e-16	8.6823e-18
9577.7957	1.7183e-16	8.6454e-18
9580.0825	1.7273e-16	9.6799e-18
9582.3694	1.7382e-16	1.1152e-17
9584.6562	1.7500e-16	1.2039e-17
9586.9430	1.7613e-16	1.2215e-17
9589.2299	1.7709e-16	1.2073e-17
9591.5167	1.7787e-16	1.1960e-17
9593.8035	1.7859e-16	1.1960e-17
9596.0903	1.7936e-16	1.1971e-17
9598.3772	1.8031e-16	1.1917e-17
9600.6640	1.8158e-16	1.1740e-17
9602.9508	1.8325e-16	1.1578e-17
9605.2376	1.8521e-16	1.1543e-17
9607.5245	1.8722e-16	1.1543e-17
9609.8113	1.8900e-16	1.1542e-17
9612.0981	1.9031e-16	1.1501e-17
9614.3849	1.9104e-16	1.1262e-17
9616.6718	1.9138e-16	1.0557e-17
9618.9586	1.9154e-16	9.2747e-18
9621.2454	1.9169e-16	7.8576e-18
9623.5322	1.9193e-16	7.1311e-18
9625.8191	1.9217e-16	7.1291e-18
9628.1059	1.9225e-16	6.6847e-18
9630.3927	1.9210e-16	5.2109e-18
9632.6796	1.9186e-16	3.4043e-18
9634.9664	1.9154e-16	2.4489e-18
9637.2532	1.9111e-16	2.3724e-18
9639.5400	1.9064e-16	2.7079e-18
9641.8269	1.9026e-16	3.3299e-18
9644.1137	1.9001e-16	4.1024e-18
9646.4005	1.9000e-16	5.0137e-18
9648.6873	1.9037e-16	5.7643e-18
9650.9742	1.9110e-16	6.1908e-18
9653.2610	1.9200e-16	6.3319e-18
9655.5478	1.9283e-16	6.3018e-18
9657.8346	1.9349e-16	6.4930e-18
9660.1215	1.9401e-16	6.7865e-18
9662.4083	1.9450e-16	6.8792e-18
9664.6951	1.9511e-16	6.9678e-18
9666.9820	1.9599e-16	8.1375e-18
9669.2688	1.9723e-16	1.0367e-17
9671.5556	1.9879e-16	1.2544e-17
9673.8424	2.0057e-16	1.3962e-17
9676.1293	2.0231e-16	1.4179e-17
9678.4161	2.0369e-16	1.4063e-17
9680.7029	2.0451e-16	1.5509e-17
9682.9897	2.0469e-16	1.9063e-17
9685.2766	2.0439e-16	2.3249e-17
9687.5634	2.0407e-16	2.6167e-17
9689.8502	2.0439e-16	2.7373e-17
9692.1370	2.0554e-16	2.7577e-17
9694.4239	2.0716e-16	2.7426e-17
9696.7107	2.0881e-16	2.7213e-17
9698.9975	2.1000e-16	2.7067e-17
9701.2844	2.1024e-16	2.7086e-17
9703.5712	2.0942e-16	2.7279e-17
9705.8580	2.0794e-16	2.7489e-17
9708.1448	2.0629e-16	2.7620e-17
9710.4317	2.0472e-16	2.7646e-17
9712.7185	2.0327e-16	2.7452e-17
9715.0053	2.0188e-16	2.6658e-17
9717.2921	2.0043e-16	2.5040e-17
9719.5790	1.9886e-16	2.3047e-17
9721.8658	1.9718e-16	2.1422e-17
9724.1526	1.9538e-16	2.0982e-17
9726.4394	1.9348e-16	2.1636e-17
9728.7263	1.9153e-16	2.2275e-17
9731.0131	1.8962e-16	2.1916e-17
9733.2999	1.8781e-16	2.0422e-17
9735.5868	1.8614e-16	1.9119e-17
9737.8736	1.8465e-16	1.9188e-17
9740.1604	1.8327e-16	1.9892e-17
9742.4472	1.8183e-16	2.0233e-17
9744.7341	1.8024e-16	2.0072e-17
9747.0209	1.7850e-16	1.9733e-17
9749.3077	1.7671e-16	1.9841e-17
9751.5945	1.7500e-16	2.0326e-17
9753.8814	1.7345e-16	2.0536e-17
9756.1682	1.7208e-16	2.0186e-17
9758.4550	1.7090e-16	1.9500e-17
9760.7418	1.6998e-16	1.9551e-17
9763.0287	1.6927e-16	2.0225e-17
9765.3155	1.6865e-16	2.0244e-17
9767.6023	1.6812e-16	2.1089e-17
9769.8892	1.6775e-16	2.3876e-17
9772.1760	1.6739e-16	2.7491e-17
9774.4628	1.6688e-16	3.0439e-17
9776.7496	1.6627e-16	3.1529e-17
9779.0365	1.6565e-16	3.1352e-17
9781.3233	1.6509e-16	3.0797e-17
9783.6101	1.6478e-16	2.9832e-17
9785.8969	1.6496e-16	2.8339e-17
9788.1838	1.6571e-16	2.6698e-17
9790.4706	1.6697e-16	2.5505e-17
9792.7574	1.6859e-16	2.4984e-17
9795.0442	1.7054e-16	2.4985e-17
9797.3311	1.7276e-16	2.4945e-17
9799.6179	1.7492e-16	2.4684e-17
9801.9047	1.7666e-16	2.4583e-17
9804.1916	1.7781e-16	2.4821e-17
9806.4784	1.7825e-16	2.5038e-17
9808.7652	1.7797e-16	2.4141e-17
9811.0520	1.7733e-16	2.2233e-17
9813.3389	1.7682e-16	2.1486e-17
9815.6257	1.7661e-16	2.1430e-17
9817.9125	1.7655e-16	2.0023e-17
9820.1993	1.7645e-16	1.6551e-17
9822.4862	1.7610e-16	1.1356e-17
9824.7730	1.7539e-16	7.5471e-18
9827.0598	1.7435e-16	7.0688e-18
9829.3466	1.7298e-16	7.1531e-18
9831.6335	1.7114e-16	7.0838e-18
9833.9203	1.6890e-16	7.0791e-18
9836.2071	1.6652e-16	7.5438e-18
9838.4940	1.6411e-16	8.3683e-18
9840.7808	1.6174e-16	8.9426e-18
9843.0676	1.5973e-16	9.3077e-18
9845.3544	1.5816e-16	9.6181e-18
9847.6413	1.5673e-16	9.6019e-18
9849.9281	1.5515e-16	9.5876e-18
9852.2149	1.5351e-16	1.0472e-17
9854.5017	1.5200e-16	1.1915e-17
9856.7886	1.5076e-16	1.3444e-17
9859.0754	1.4992e-16	1.4441e-17
9861.3622	1.4949e-16	1.4579e-17
9863.6490	1.4925e-16	1.4434e-17
9865.9359	1.4901e-16	1.4234e-17
9868.2227	1.4862e-16	1.3999e-17
9870.5095	1.4789e-16	1.3999e-17
9872.7964	1.4685e-16	1.4242e-17
9875.0832	1.4580e-16	1.4566e-17
9877.3700	1.4499e-16	1.4826e-17
9879.6568	1.4458e-16	1.5050e-17
9881.9437	1.4489e-16	1.5170e-17
9884.2305	1.4618e-16	1.5009e-17
9886.5173	1.4824e-16	1.4645e-17
9888.8041	1.5041e-16	1.4226e-17
9891.0910	1.5202e-16	1.3913e-17
9893.3778	1.5275e-16	1.3727e-17
9895.6646	1.5258e-16	1.3930e-17
9897.9514	1.5179e-16	1.4318e-17
9900.2383	1.5098e-16	1.4003e-17
9902.5251	1.5066e-16	1.2936e-17
9904.8119	1.5068e-16	1.1070e-17
9907.0987	1.5083e-16	8.6322e-18
9909.3856	1.5100e-16	7.7726e-18
9911.6724	1.5110e-16	8.4968e-18
9913.9592	1.5113e-16	9.8492e-18
9916.2461	1.5109e-16	1.1629e-17
9918.5329	1.5100e-16	1.2559e-17
9920.8197	1.5088e-16	1.2579e-17
9923.1065	1.5080e-16	1.2394e-17
9925.3934	1.5078e-16	1.2193e-17
9927.6802	1.5084e-16	1.1986e-17
9929.9670	1.5092e-16	1.1880e-17
9932.2538	1.5098e-16	1.1870e-17
9934.5407	1.5091e-16	1.1719e-17
9936.8275	1.5068e-16	1.1720e-17
9939.1143	1.5027e-16	1.1764e-17
9941.4011	1.4969e-16	1.1732e-17
9943.6880	1.4901e-16	1.1700e-17
9945.9748	1.4838e-16	1.1940e-17
9948.2616	1.4787e-16	1.2345e-17
9950.5485	1.4744e-16	1.2075e-17
9952.8353	1.4701e-16	1.1147e-17
9955.1221	1.4656e-16	1.0687e-17
9957.4089	1.4599e-16	1.0658e-17
9959.6958	1.4517e-16	1.0765e-17
9961.9826	1.4411e-16	1.1328e-17
9964.2694	1.4295e-16	1.2447e-17
9966.5562	1.4171e-16	1.4218e-17
9968.8431	1.4034e-16	1.5487e-17
9971.1299	1.3900e-16	1.5753e-17
9973.4167	1.3795e-16	1.5753e-17
9975.7035	1.3729e-16	1.5825e-17
9977.9904	1.3694e-16	1.5861e-17
9980.2772	1.3686e-16	1.5861e-17
9982.5640	1.3692e-16	1.5861e-17
9984.8509	1.3688e-16	1.5861e-17
9987.1377	1.3664e-16	1.5861e-17
9989.4245	1.3632e-16	1.5861e-17
9991.7113	1.3607e-16	1.5861e-17
9993.9982	1.3584e-16	1.5861e-17
9996.2850	1.3553e-16	1.5861e-17
9998.5718	1.3514e-16	1.5861e-17
10000.8590	1.3476e-16	1.5861e-17
