#wls	flux	fluxerr
1.600000E+03	-3.108857E-17	-0.000000E+00
1.640000E+03	-3.122245E-17	-0.000000E+00
1.680000E+03	-3.135556E-17	-0.000000E+00
1.720000E+03	-3.148781E-17	-0.000000E+00
1.760000E+03	-3.161906E-17	-0.000000E+00
1.800000E+03	-3.174925E-17	-0.000000E+00
1.840000E+03	-3.187822E-17	-0.000000E+00
1.880000E+03	-3.200593E-17	-0.000000E+00
1.920000E+03	-3.213222E-17	-0.000000E+00
1.960000E+03	-3.225705E-17	-0.000000E+00
2.000000E+03	-3.238031E-17	-0.000000E+00
2.040000E+03	-3.250195E-17	-0.000000E+00
2.080000E+03	-3.262190E-17	-0.000000E+00
2.120000E+03	-3.274013E-17	-0.000000E+00
2.160000E+03	-3.285659E-17	-0.000000E+00
2.200000E+03	-3.297127E-17	-0.000000E+00
2.240000E+03	-3.308419E-17	-0.000000E+00
2.280000E+03	-3.319538E-17	-0.000000E+00
2.320000E+03	-3.330487E-17	-0.000000E+00
2.360000E+03	-3.341276E-17	-0.000000E+00
2.400000E+03	-3.351918E-17	-0.000000E+00
2.440000E+03	-3.362426E-17	-0.000000E+00
2.480000E+03	-3.372816E-17	-0.000000E+00
2.520000E+03	-3.383115E-17	-0.000000E+00
2.560000E+03	-3.393345E-17	-0.000000E+00
2.600000E+03	-3.403542E-17	-0.000000E+00
2.640000E+03	-3.413737E-17	-0.000000E+00
2.680000E+03	-3.423974E-17	-0.000000E+00
2.720000E+03	-3.434299E-17	-0.000000E+00
2.760000E+03	-3.444765E-17	-0.000000E+00
2.800000E+03	-3.455429E-17	-0.000000E+00
2.840000E+03	-3.466355E-17	-0.000000E+00
2.880000E+03	-3.477618E-17	-0.000000E+00
2.920000E+03	-3.489289E-17	-0.000000E+00
2.960000E+03	-3.501456E-17	-0.000000E+00
3.000000E+03	-3.514206E-17	-0.000000E+00
3.010000E+03	-3.517497E-17	-0.000000E+00
3.020000E+03	-3.520830E-17	-0.000000E+00
3.030000E+03	-3.524211E-17	-0.000000E+00
3.040000E+03	-3.527638E-17	-0.000000E+00
3.050000E+03	-3.531114E-17	-0.000000E+00
3.060000E+03	-3.534640E-17	-0.000000E+00
3.070000E+03	-3.538219E-17	-0.000000E+00
3.080000E+03	-3.541851E-17	-0.000000E+00
3.090000E+03	-3.545539E-17	-0.000000E+00
3.100000E+03	-3.549285E-17	-0.000000E+00
3.110000E+03	-3.553088E-17	-0.000000E+00
3.120000E+03	-3.556953E-17	-0.000000E+00
3.130000E+03	-3.560881E-17	-0.000000E+00
3.140000E+03	-3.564874E-17	-0.000000E+00
3.150000E+03	-3.568932E-17	-0.000000E+00
3.160000E+03	-3.573058E-17	-0.000000E+00
3.170000E+03	-3.577255E-17	-0.000000E+00
3.180000E+03	-3.581523E-17	-0.000000E+00
3.190000E+03	-3.585866E-17	-0.000000E+00
3.200000E+03	-3.590282E-17	-0.000000E+00
3.210000E+03	-3.594777E-17	-0.000000E+00
3.220000E+03	-3.599351E-17	-0.000000E+00
3.230000E+03	-3.604007E-17	-0.000000E+00
3.240000E+03	-3.608745E-17	-0.000000E+00
3.250000E+03	-3.613570E-17	-0.000000E+00
3.260000E+03	-3.618480E-17	-0.000000E+00
3.270000E+03	-3.623480E-17	-0.000000E+00
3.280000E+03	-3.628571E-17	-0.000000E+00
3.290000E+03	-3.633756E-17	-0.000000E+00
3.300000E+03	-3.639034E-17	-0.000000E+00
3.310000E+03	-3.644410E-17	-0.000000E+00
3.320000E+03	-3.649884E-17	-0.000000E+00
3.330000E+03	-3.655459E-17	-0.000000E+00
3.340000E+03	-3.661139E-17	-0.000000E+00
3.350000E+03	-3.666921E-17	-0.000000E+00
3.360000E+03	-3.672810E-17	-0.000000E+00
3.370000E+03	-3.678807E-17	-0.000000E+00
3.380000E+03	-3.684915E-17	-0.000000E+00
3.390000E+03	-3.691137E-17	-0.000000E+00
3.400000E+03	-3.697471E-17	-0.000000E+00
3.410000E+03	-3.703921E-17	-0.000000E+00
3.420000E+03	-3.710490E-17	-0.000000E+00
3.430000E+03	-3.717178E-17	-0.000000E+00
3.440000E+03	-3.723988E-17	-0.000000E+00
3.450000E+03	-3.730919E-17	-0.000000E+00
3.460000E+03	-3.737978E-17	-0.000000E+00
3.470000E+03	-3.745163E-17	-0.000000E+00
3.480000E+03	-3.752474E-17	-0.000000E+00
3.490000E+03	-3.759918E-17	-0.000000E+00
3.500000E+03	-3.767493E-17	-0.000000E+00
3.510000E+03	-3.775199E-17	-0.000000E+00
3.520000E+03	-3.783042E-17	-0.000000E+00
3.530000E+03	-3.791021E-17	-0.000000E+00
3.540000E+03	-3.799137E-17	-0.000000E+00
3.550000E+03	-3.807391E-17	-0.000000E+00
3.560000E+03	-3.815787E-17	-0.000000E+00
3.570000E+03	-3.824325E-17	-0.000000E+00
3.580000E+03	-3.833004E-17	-0.000000E+00
3.590000E+03	-3.841829E-17	-0.000000E+00
3.600000E+03	-3.850798E-17	-0.000000E+00
3.610000E+03	-3.859914E-17	-0.000000E+00
3.620000E+03	-3.869176E-17	-0.000000E+00
3.630000E+03	-3.878585E-17	-0.000000E+00
3.640000E+03	-3.888145E-17	-0.000000E+00
3.650000E+03	-3.897854E-17	-0.000000E+00
3.660000E+03	-3.907714E-17	-0.000000E+00
3.670000E+03	-3.917723E-17	-0.000000E+00
3.680000E+03	-3.927885E-17	-0.000000E+00
3.690000E+03	-3.938197E-17	-0.000000E+00
3.700000E+03	-3.948663E-17	-0.000000E+00
3.710000E+03	-3.959281E-17	-0.000000E+00
3.720000E+03	-3.970050E-17	-0.000000E+00
3.730000E+03	-3.980972E-17	-0.000000E+00
3.740000E+03	-3.992047E-17	-0.000000E+00
3.750000E+03	-4.003274E-17	-0.000000E+00
3.760000E+03	-4.014653E-17	-0.000000E+00
3.770000E+03	-4.026183E-17	-0.000000E+00
3.780000E+03	-4.037864E-17	-0.000000E+00
3.790000E+03	-4.049696E-17	-0.000000E+00
3.800000E+03	-4.061676E-17	-0.000000E+00
3.810000E+03	-4.073807E-17	-0.000000E+00
3.820000E+03	-4.086084E-17	-0.000000E+00
3.830000E+03	-4.098508E-17	-0.000000E+00
3.840000E+03	-4.111077E-17	-0.000000E+00
3.850000E+03	-4.123790E-17	-0.000000E+00
3.860000E+03	-4.136645E-17	-0.000000E+00
3.870000E+03	-4.149640E-17	-0.000000E+00
3.880000E+03	-4.162775E-17	-0.000000E+00
3.890000E+03	-4.176046E-17	-0.000000E+00
3.900000E+03	-4.189452E-17	-0.000000E+00
3.910000E+03	-4.202989E-17	-0.000000E+00
3.920000E+03	-4.216657E-17	-0.000000E+00
3.930000E+03	-4.230453E-17	-0.000000E+00
3.940000E+03	-4.244372E-17	-0.000000E+00
3.950000E+03	-4.258413E-17	-0.000000E+00
3.960000E+03	-4.272573E-17	-0.000000E+00
3.970000E+03	-4.286848E-17	-0.000000E+00
3.980000E+03	-4.301235E-17	-0.000000E+00
3.990000E+03	-4.315730E-17	-0.000000E+00
4.000000E+03	-4.330330E-17	-0.000000E+00
4.010000E+03	-4.345031E-17	-0.000000E+00
4.020000E+03	-4.359828E-17	-0.000000E+00
4.030000E+03	-4.374717E-17	-0.000000E+00
4.040000E+03	-4.389695E-17	-0.000000E+00
4.050000E+03	-4.404757E-17	-0.000000E+00
4.060000E+03	-4.419896E-17	-0.000000E+00
4.070000E+03	-4.435110E-17	-0.000000E+00
4.080000E+03	-4.450391E-17	-0.000000E+00
4.090000E+03	-4.465737E-17	-0.000000E+00
4.100000E+03	-4.481140E-17	-0.000000E+00
4.110000E+03	-4.496596E-17	-0.000000E+00
4.120000E+03	-4.512100E-17	-0.000000E+00
4.130000E+03	-4.527643E-17	-0.000000E+00
4.140000E+03	-4.543222E-17	-0.000000E+00
4.150000E+03	-4.558828E-17	-0.000000E+00
4.160000E+03	-4.574457E-17	-0.000000E+00
4.170000E+03	-4.590100E-17	-0.000000E+00
4.180000E+03	-4.605753E-17	-0.000000E+00
4.190000E+03	-4.621409E-17	-0.000000E+00
4.200000E+03	-4.637059E-17	-0.000000E+00
4.210000E+03	-4.652698E-17	-0.000000E+00
4.220000E+03	-4.668316E-17	-0.000000E+00
4.230000E+03	-4.683908E-17	-0.000000E+00
4.240000E+03	-4.699467E-17	-0.000000E+00
4.250000E+03	-4.714983E-17	-0.000000E+00
4.260000E+03	-4.730450E-17	-0.000000E+00
4.270000E+03	-4.745858E-17	-0.000000E+00
4.280000E+03	-4.761203E-17	-0.000000E+00
4.290000E+03	-4.776472E-17	-0.000000E+00
4.300000E+03	-4.791662E-17	-0.000000E+00
4.310000E+03	-4.806761E-17	-0.000000E+00
4.320000E+03	-4.821762E-17	-0.000000E+00
4.330000E+03	-4.836657E-17	-0.000000E+00
4.340000E+03	-4.851436E-17	-0.000000E+00
4.350000E+03	-4.866093E-17	-0.000000E+00
4.360000E+03	-4.880618E-17	-0.000000E+00
4.370000E+03	-4.895002E-17	-0.000000E+00
4.380000E+03	-4.909238E-17	-0.000000E+00
4.390000E+03	-4.923316E-17	-0.000000E+00
4.400000E+03	-4.937229E-17	-0.000000E+00
4.410000E+03	-4.950965E-17	-0.000000E+00
4.420000E+03	-4.964519E-17	-0.000000E+00
4.430000E+03	-4.977882E-17	-0.000000E+00
4.440000E+03	-4.991045E-17	-0.000000E+00
4.450000E+03	-5.003997E-17	-0.000000E+00
4.460000E+03	-5.016733E-17	-0.000000E+00
4.470000E+03	-5.029243E-17	-0.000000E+00
4.480000E+03	-5.041520E-17	-0.000000E+00
4.490000E+03	-5.053554E-17	-0.000000E+00
4.500000E+03	-5.065336E-17	-0.000000E+00
4.510000E+03	-5.076862E-17	-0.000000E+00
4.520000E+03	-5.088121E-17	-0.000000E+00
4.530000E+03	-5.099104E-17	-0.000000E+00
4.540000E+03	-5.109808E-17	-0.000000E+00
4.550000E+03	-5.120220E-17	-0.000000E+00
4.560000E+03	-5.130337E-17	-0.000000E+00
4.570000E+03	-5.140149E-17	-0.000000E+00
4.580000E+03	-5.149648E-17	-0.000000E+00
4.590000E+03	-5.158831E-17	-0.000000E+00
4.600000E+03	-5.167688E-17	-0.000000E+00
4.610000E+03	-5.176213E-17	-0.000000E+00
4.620000E+03	-5.184401E-17	-0.000000E+00
4.630000E+03	-5.192244E-17	-0.000000E+00
4.640000E+03	-5.199736E-17	-0.000000E+00
4.650000E+03	-5.206872E-17	-0.000000E+00
4.660000E+03	-5.213647E-17	-0.000000E+00
4.670000E+03	-5.220055E-17	-0.000000E+00
4.680000E+03	-5.226090E-17	-0.000000E+00
4.690000E+03	-5.231749E-17	-0.000000E+00
4.700000E+03	-5.237026E-17	-0.000000E+00
4.710000E+03	-5.241917E-17	-0.000000E+00
4.720000E+03	-5.246418E-17	-0.000000E+00
4.730000E+03	-5.250524E-17	-0.000000E+00
4.740000E+03	-5.254234E-17	-0.000000E+00
4.750000E+03	-5.257541E-17	-0.000000E+00
4.760000E+03	-5.260444E-17	-0.000000E+00
4.770000E+03	-5.262940E-17	-0.000000E+00
4.780000E+03	-5.265026E-17	-0.000000E+00
4.790000E+03	-5.266699E-17	-0.000000E+00
4.800000E+03	-5.267960E-17	-0.000000E+00
4.810000E+03	-5.268802E-17	-0.000000E+00
4.820000E+03	-5.269227E-17	-0.000000E+00
4.830000E+03	-5.269233E-17	-0.000000E+00
4.840000E+03	-5.268820E-17	-0.000000E+00
4.850000E+03	-5.267984E-17	-0.000000E+00
4.860000E+03	-5.266728E-17	-0.000000E+00
4.870000E+03	-5.265050E-17	-0.000000E+00
4.880000E+03	-5.262949E-17	-0.000000E+00
4.890000E+03	-5.260427E-17	-0.000000E+00
4.900000E+03	-5.257483E-17	-0.000000E+00
4.910000E+03	-5.254119E-17	-0.000000E+00
4.920000E+03	-5.250335E-17	-0.000000E+00
4.930000E+03	-5.246132E-17	-0.000000E+00
4.940000E+03	-5.241512E-17	-0.000000E+00
4.950000E+03	-5.236476E-17	-0.000000E+00
4.960000E+03	-5.231027E-17	-0.000000E+00
4.970000E+03	-5.225165E-17	-0.000000E+00
4.980000E+03	-5.218895E-17	-0.000000E+00
4.990000E+03	-5.212217E-17	-0.000000E+00
5.000000E+03	-5.205134E-17	-0.000000E+00
5.010000E+03	-5.197651E-17	-0.000000E+00
5.020000E+03	-5.189768E-17	-0.000000E+00
5.030000E+03	-5.181490E-17	-0.000000E+00
5.040000E+03	-5.172820E-17	-0.000000E+00
5.050000E+03	-5.163762E-17	-0.000000E+00
5.060000E+03	-5.154320E-17	-0.000000E+00
5.070000E+03	-5.144496E-17	-0.000000E+00
5.080000E+03	-5.134296E-17	-0.000000E+00
5.090000E+03	-5.123725E-17	-0.000000E+00
5.100000E+03	-5.112786E-17	-0.000000E+00
5.110000E+03	-5.101482E-17	-0.000000E+00
5.120000E+03	-5.089821E-17	-0.000000E+00
5.130000E+03	-5.077805E-17	-0.000000E+00
5.140000E+03	-5.065441E-17	-0.000000E+00
5.150000E+03	-5.052731E-17	-0.000000E+00
5.160000E+03	-5.039685E-17	-0.000000E+00
5.170000E+03	-5.026306E-17	-0.000000E+00
5.180000E+03	-5.012597E-17	-0.000000E+00
5.190000E+03	-4.998568E-17	-0.000000E+00
5.200000E+03	-4.984220E-17	-0.000000E+00
5.210000E+03	-4.969562E-17	-0.000000E+00
5.220000E+03	-4.954599E-17	-0.000000E+00
5.230000E+03	-4.939337E-17	-0.000000E+00
5.240000E+03	-4.923781E-17	-0.000000E+00
5.250000E+03	-4.907938E-17	-0.000000E+00
5.260000E+03	-4.891814E-17	-0.000000E+00
5.270000E+03	-4.875415E-17	-0.000000E+00
5.280000E+03	-4.858748E-17	-0.000000E+00
5.290000E+03	-4.841817E-17	-0.000000E+00
5.300000E+03	-4.824632E-17	-0.000000E+00
5.310000E+03	-4.807196E-17	-0.000000E+00
5.320000E+03	-4.789518E-17	-0.000000E+00
5.330000E+03	-4.771603E-17	-0.000000E+00
5.340000E+03	-4.753459E-17	-0.000000E+00
5.350000E+03	-4.735091E-17	-0.000000E+00
5.360000E+03	-4.716507E-17	-0.000000E+00
5.370000E+03	-4.697712E-17	-0.000000E+00
5.380000E+03	-4.678714E-17	-0.000000E+00
5.390000E+03	-4.659521E-17	-0.000000E+00
5.400000E+03	-4.640137E-17	-0.000000E+00
5.410000E+03	-4.620570E-17	-0.000000E+00
5.420000E+03	-4.600828E-17	-0.000000E+00
5.430000E+03	-4.580916E-17	-0.000000E+00
5.440000E+03	-4.560840E-17	-0.000000E+00
5.450000E+03	-4.540611E-17	-0.000000E+00
5.460000E+03	-4.520230E-17	-0.000000E+00
5.470000E+03	-4.499709E-17	-0.000000E+00
5.480000E+03	-4.479053E-17	-0.000000E+00
5.490000E+03	-4.458267E-17	-0.000000E+00
5.500000E+03	-4.437361E-17	-0.000000E+00
5.510000E+03	-4.416339E-17	-0.000000E+00
5.520000E+03	-4.395208E-17	-0.000000E+00
5.530000E+03	-4.373976E-17	-0.000000E+00
5.540000E+03	-4.352651E-17	-0.000000E+00
5.550000E+03	-4.331235E-17	-0.000000E+00
5.560000E+03	-4.309740E-17	-0.000000E+00
5.570000E+03	-4.288170E-17	-0.000000E+00
5.580000E+03	-4.266530E-17	-0.000000E+00
5.590000E+03	-4.244830E-17	-0.000000E+00
5.600000E+03	-4.223074E-17	-0.000000E+00
5.610000E+03	-4.201270E-17	-0.000000E+00
5.620000E+03	-4.179422E-17	-0.000000E+00
5.630000E+03	-4.157540E-17	-0.000000E+00
5.640000E+03	-4.135628E-17	-0.000000E+00
5.650000E+03	-4.113693E-17	-0.000000E+00
5.660000E+03	-4.091740E-17	-0.000000E+00
5.670000E+03	-4.069778E-17	-0.000000E+00
5.680000E+03	-4.047810E-17	-0.000000E+00
5.690000E+03	-4.025843E-17	-0.000000E+00
5.700000E+03	-4.003882E-17	-0.000000E+00
5.710000E+03	-3.981935E-17	-0.000000E+00
5.720000E+03	-3.960008E-17	-0.000000E+00
5.730000E+03	-3.938104E-17	-0.000000E+00
5.740000E+03	-3.916232E-17	-0.000000E+00
5.750000E+03	-3.894394E-17	-0.000000E+00
5.760000E+03	-3.872598E-17	-0.000000E+00
5.770000E+03	-3.850851E-17	-0.000000E+00
5.780000E+03	-3.829153E-17	-0.000000E+00
5.790000E+03	-3.807516E-17	-0.000000E+00
5.800000E+03	-3.785939E-17	-0.000000E+00
5.810000E+03	-3.764430E-17	-0.000000E+00
5.820000E+03	-3.742995E-17	-0.000000E+00
5.830000E+03	-3.721637E-17	-0.000000E+00
5.840000E+03	-3.700362E-17	-0.000000E+00
5.850000E+03	-3.679175E-17	-0.000000E+00
5.860000E+03	-3.658079E-17	-0.000000E+00
5.870000E+03	-3.637082E-17	-0.000000E+00
5.880000E+03	-3.616184E-17	-0.000000E+00
5.890000E+03	-3.595391E-17	-0.000000E+00
5.900000E+03	-3.574709E-17	-0.000000E+00
5.910000E+03	-3.554140E-17	-0.000000E+00
5.920000E+03	-3.533689E-17	-0.000000E+00
5.930000E+03	-3.513361E-17	-0.000000E+00
5.940000E+03	-3.493158E-17	-0.000000E+00
5.950000E+03	-3.473085E-17	-0.000000E+00
5.960000E+03	-3.453146E-17	-0.000000E+00
5.970000E+03	-3.433342E-17	-0.000000E+00
5.980000E+03	-3.413680E-17	-0.000000E+00
5.990000E+03	-3.394160E-17	-0.000000E+00
6.000000E+03	-3.374789E-17	-0.000000E+00
6.010000E+03	-3.355567E-17	-0.000000E+00
6.020000E+03	-3.336499E-17	-0.000000E+00
6.030000E+03	-3.317587E-17	-0.000000E+00
6.040000E+03	-3.298834E-17	-0.000000E+00
6.050000E+03	-3.280242E-17	-0.000000E+00
6.060000E+03	-3.261815E-17	-0.000000E+00
6.070000E+03	-3.243557E-17	-0.000000E+00
6.080000E+03	-3.225467E-17	-0.000000E+00
6.090000E+03	-3.207549E-17	-0.000000E+00
6.100000E+03	-3.189805E-17	-0.000000E+00
6.110000E+03	-3.172239E-17	-0.000000E+00
6.120000E+03	-3.154851E-17	-0.000000E+00
6.130000E+03	-3.137643E-17	-0.000000E+00
6.140000E+03	-3.120619E-17	-0.000000E+00
6.150000E+03	-3.103777E-17	-0.000000E+00
6.160000E+03	-3.087123E-17	-0.000000E+00
6.170000E+03	-3.070655E-17	-0.000000E+00
6.180000E+03	-3.054378E-17	-0.000000E+00
6.190000E+03	-3.038291E-17	-0.000000E+00
6.200000E+03	-3.022396E-17	-0.000000E+00
6.210000E+03	-3.006694E-17	-0.000000E+00
6.220000E+03	-2.991188E-17	-0.000000E+00
6.230000E+03	-2.975877E-17	-0.000000E+00
6.240000E+03	-2.960762E-17	-0.000000E+00
6.250000E+03	-2.945847E-17	-0.000000E+00
6.260000E+03	-2.931129E-17	-0.000000E+00
6.270000E+03	-2.916611E-17	-0.000000E+00
6.280000E+03	-2.902293E-17	-0.000000E+00
6.290000E+03	-2.888177E-17	-0.000000E+00
6.300000E+03	-2.874261E-17	-0.000000E+00
6.310000E+03	-2.860547E-17	-0.000000E+00
6.320000E+03	-2.847036E-17	-0.000000E+00
6.330000E+03	-2.833728E-17	-0.000000E+00
6.340000E+03	-2.820624E-17	-0.000000E+00
6.350000E+03	-2.807722E-17	-0.000000E+00
6.360000E+03	-2.795025E-17	-0.000000E+00
6.370000E+03	-2.782532E-17	-0.000000E+00
6.380000E+03	-2.770242E-17	-0.000000E+00
6.390000E+03	-2.758156E-17	-0.000000E+00
6.400000E+03	-2.746274E-17	-0.000000E+00
6.410000E+03	-2.734597E-17	-0.000000E+00
6.420000E+03	-2.723122E-17	-0.000000E+00
6.430000E+03	-2.711852E-17	-0.000000E+00
6.440000E+03	-2.700785E-17	-0.000000E+00
6.450000E+03	-2.689919E-17	-0.000000E+00
6.460000E+03	-2.679259E-17	-0.000000E+00
6.470000E+03	-2.668799E-17	-0.000000E+00
6.480000E+03	-2.658541E-17	-0.000000E+00
6.490000E+03	-2.648484E-17	-0.000000E+00
6.500000E+03	-2.638629E-17	-0.000000E+00
6.510000E+03	-2.628975E-17	-0.000000E+00
6.520000E+03	-2.619520E-17	-0.000000E+00
6.530000E+03	-2.610263E-17	-0.000000E+00
6.540000E+03	-2.601205E-17	-0.000000E+00
6.550000E+03	-2.592345E-17	-0.000000E+00
6.560000E+03	-2.583682E-17	-0.000000E+00
6.570000E+03	-2.575215E-17	-0.000000E+00
6.580000E+03	-2.566944E-17	-0.000000E+00
6.590000E+03	-2.558867E-17	-0.000000E+00
6.600000E+03	-2.550984E-17	-0.000000E+00
6.610000E+03	-2.543293E-17	-0.000000E+00
6.620000E+03	-2.535794E-17	-0.000000E+00
6.630000E+03	-2.528487E-17	-0.000000E+00
6.640000E+03	-2.521369E-17	-0.000000E+00
6.650000E+03	-2.514440E-17	-0.000000E+00
6.660000E+03	-2.507699E-17	-0.000000E+00
6.670000E+03	-2.501144E-17	-0.000000E+00
6.680000E+03	-2.494776E-17	-0.000000E+00
6.690000E+03	-2.488593E-17	-0.000000E+00
6.700000E+03	-2.482592E-17	-0.000000E+00
6.710000E+03	-2.476773E-17	-0.000000E+00
6.720000E+03	-2.471137E-17	-0.000000E+00
6.730000E+03	-2.465680E-17	-0.000000E+00
6.740000E+03	-2.460402E-17	-0.000000E+00
6.750000E+03	-2.455301E-17	-0.000000E+00
6.760000E+03	-2.450378E-17	-0.000000E+00
6.770000E+03	-2.445628E-17	-0.000000E+00
6.780000E+03	-2.441053E-17	-0.000000E+00
6.790000E+03	-2.436651E-17	-0.000000E+00
6.800000E+03	-2.432420E-17	-0.000000E+00
6.810000E+03	-2.428358E-17	-0.000000E+00
6.820000E+03	-2.424465E-17	-0.000000E+00
6.830000E+03	-2.420740E-17	-0.000000E+00
6.840000E+03	-2.417180E-17	-0.000000E+00
6.850000E+03	-2.413784E-17	-0.000000E+00
6.860000E+03	-2.410553E-17	-0.000000E+00
6.870000E+03	-2.407481E-17	-0.000000E+00
6.880000E+03	-2.404572E-17	-0.000000E+00
6.890000E+03	-2.401820E-17	-0.000000E+00
6.900000E+03	-2.399226E-17	-0.000000E+00
6.910000E+03	-2.396789E-17	-0.000000E+00
6.920000E+03	-2.394506E-17	-0.000000E+00
6.930000E+03	-2.392376E-17	-0.000000E+00
6.940000E+03	-2.390397E-17	-0.000000E+00
6.950000E+03	-2.388571E-17	-0.000000E+00
6.960000E+03	-2.386891E-17	-0.000000E+00
6.970000E+03	-2.385360E-17	-0.000000E+00
6.980000E+03	-2.383974E-17	-0.000000E+00
6.990000E+03	-2.382732E-17	-0.000000E+00
7.000000E+03	-2.381634E-17	-0.000000E+00
7.010000E+03	-2.380676E-17	-0.000000E+00
7.020000E+03	-2.379860E-17	-0.000000E+00
7.030000E+03	-2.379180E-17	-0.000000E+00
7.040000E+03	-2.378638E-17	-0.000000E+00
7.050000E+03	-2.378232E-17	-0.000000E+00
7.060000E+03	-2.377958E-17	-0.000000E+00
7.070000E+03	-2.377818E-17	-0.000000E+00
7.080000E+03	-2.377808E-17	-0.000000E+00
7.090000E+03	-2.377929E-17	-0.000000E+00
7.100000E+03	-2.378175E-17	-0.000000E+00
7.110000E+03	-2.378549E-17	-0.000000E+00
7.120000E+03	-2.379048E-17	-0.000000E+00
7.130000E+03	-2.379670E-17	-0.000000E+00
7.140000E+03	-2.380414E-17	-0.000000E+00
7.150000E+03	-2.381277E-17	-0.000000E+00
7.160000E+03	-2.382260E-17	-0.000000E+00
7.170000E+03	-2.383360E-17	-0.000000E+00
7.180000E+03	-2.384576E-17	-0.000000E+00
7.190000E+03	-2.385906E-17	-0.000000E+00
7.200000E+03	-2.387349E-17	-0.000000E+00
7.210000E+03	-2.388903E-17	-0.000000E+00
7.220000E+03	-2.390567E-17	-0.000000E+00
7.230000E+03	-2.392340E-17	-0.000000E+00
7.240000E+03	-2.394219E-17	-0.000000E+00
7.250000E+03	-2.396204E-17	-0.000000E+00
7.260000E+03	-2.398292E-17	-0.000000E+00
7.270000E+03	-2.400483E-17	-0.000000E+00
7.280000E+03	-2.402774E-17	-0.000000E+00
7.290000E+03	-2.405166E-17	-0.000000E+00
7.300000E+03	-2.407656E-17	-0.000000E+00
7.310000E+03	-2.410242E-17	-0.000000E+00
7.320000E+03	-2.412923E-17	-0.000000E+00
7.330000E+03	-2.415699E-17	-0.000000E+00
7.340000E+03	-2.418567E-17	-0.000000E+00
7.350000E+03	-2.421525E-17	-0.000000E+00
7.360000E+03	-2.424574E-17	-0.000000E+00
7.370000E+03	-2.427710E-17	-0.000000E+00
7.380000E+03	-2.430933E-17	-0.000000E+00
7.390000E+03	-2.434242E-17	-0.000000E+00
7.400000E+03	-2.437635E-17	-0.000000E+00
7.410000E+03	-2.441110E-17	-0.000000E+00
7.420000E+03	-2.444667E-17	-0.000000E+00
7.430000E+03	-2.448303E-17	-0.000000E+00
7.440000E+03	-2.452020E-17	-0.000000E+00
7.450000E+03	-2.455811E-17	-0.000000E+00
7.460000E+03	-2.459680E-17	-0.000000E+00
7.470000E+03	-2.463623E-17	-0.000000E+00
7.480000E+03	-2.467640E-17	-0.000000E+00
7.490000E+03	-2.471730E-17	-0.000000E+00
7.500000E+03	-2.475888E-17	-0.000000E+00
7.510000E+03	-2.480118E-17	-0.000000E+00
7.520000E+03	-2.484416E-17	-0.000000E+00
7.530000E+03	-2.488780E-17	-0.000000E+00
7.540000E+03	-2.493209E-17	-0.000000E+00
7.550000E+03	-2.497704E-17	-0.000000E+00
7.560000E+03	-2.502261E-17	-0.000000E+00
7.570000E+03	-2.506880E-17	-0.000000E+00
7.580000E+03	-2.511561E-17	-0.000000E+00
7.590000E+03	-2.516302E-17	-0.000000E+00
7.600000E+03	-2.521099E-17	-0.000000E+00
7.610000E+03	-2.525955E-17	-0.000000E+00
7.620000E+03	-2.530867E-17	-0.000000E+00
7.630000E+03	-2.535832E-17	-0.000000E+00
7.640000E+03	-2.540853E-17	-0.000000E+00
7.650000E+03	-2.545926E-17	-0.000000E+00
7.660000E+03	-2.551050E-17	-0.000000E+00
7.670000E+03	-2.556224E-17	-0.000000E+00
7.680000E+03	-2.561447E-17	-0.000000E+00
7.690000E+03	-2.566719E-17	-0.000000E+00
7.700000E+03	-2.572037E-17	-0.000000E+00
7.710000E+03	-2.577400E-17	-0.000000E+00
7.720000E+03	-2.582810E-17	-0.000000E+00
7.730000E+03	-2.588263E-17	-0.000000E+00
7.740000E+03	-2.593757E-17	-0.000000E+00
7.750000E+03	-2.599294E-17	-0.000000E+00
7.760000E+03	-2.604872E-17	-0.000000E+00
7.770000E+03	-2.610489E-17	-0.000000E+00
7.780000E+03	-2.616145E-17	-0.000000E+00
7.790000E+03	-2.621838E-17	-0.000000E+00
7.800000E+03	-2.627566E-17	-0.000000E+00
7.810000E+03	-2.633333E-17	-0.000000E+00
7.820000E+03	-2.639132E-17	-0.000000E+00
7.830000E+03	-2.644965E-17	-0.000000E+00
7.840000E+03	-2.650832E-17	-0.000000E+00
7.850000E+03	-2.656730E-17	-0.000000E+00
7.860000E+03	-2.662660E-17	-0.000000E+00
7.870000E+03	-2.668620E-17	-0.000000E+00
7.880000E+03	-2.674608E-17	-0.000000E+00
7.890000E+03	-2.680624E-17	-0.000000E+00
7.900000E+03	-2.686670E-17	-0.000000E+00
7.910000E+03	-2.692741E-17	-0.000000E+00
7.920000E+03	-2.698838E-17	-0.000000E+00
7.930000E+03	-2.704962E-17	-0.000000E+00
7.940000E+03	-2.711108E-17	-0.000000E+00
7.950000E+03	-2.717279E-17	-0.000000E+00
7.960000E+03	-2.723473E-17	-0.000000E+00
7.970000E+03	-2.729689E-17	-0.000000E+00
7.980000E+03	-2.735928E-17	-0.000000E+00
7.990000E+03	-2.742186E-17	-0.000000E+00
8.000000E+03	-2.748465E-17	-0.000000E+00
8.010000E+03	-2.754763E-17	-0.000000E+00
8.020000E+03	-2.761081E-17	-0.000000E+00
8.030000E+03	-2.767417E-17	-0.000000E+00
8.040000E+03	-2.773770E-17	-0.000000E+00
8.050000E+03	-2.780141E-17	-0.000000E+00
8.060000E+03	-2.786530E-17	-0.000000E+00
8.070000E+03	-2.792933E-17	-0.000000E+00
8.080000E+03	-2.799354E-17	-0.000000E+00
8.090000E+03	-2.805789E-17	-0.000000E+00
8.100000E+03	-2.812240E-17	-0.000000E+00
8.110000E+03	-2.818705E-17	-0.000000E+00
8.120000E+03	-2.825185E-17	-0.000000E+00
8.130000E+03	-2.831678E-17	-0.000000E+00
8.140000E+03	-2.838184E-17	-0.000000E+00
8.150000E+03	-2.844704E-17	-0.000000E+00
8.160000E+03	-2.851236E-17	-0.000000E+00
8.170000E+03	-2.857782E-17	-0.000000E+00
8.180000E+03	-2.864340E-17	-0.000000E+00
8.190000E+03	-2.870909E-17	-0.000000E+00
8.200000E+03	-2.877490E-17	-0.000000E+00
8.210000E+03	-2.884084E-17	-0.000000E+00
8.220000E+03	-2.890689E-17	-0.000000E+00
8.230000E+03	-2.897306E-17	-0.000000E+00
8.240000E+03	-2.903934E-17	-0.000000E+00
8.250000E+03	-2.910574E-17	-0.000000E+00
8.260000E+03	-2.917225E-17	-0.000000E+00
8.270000E+03	-2.923888E-17	-0.000000E+00
8.280000E+03	-2.930561E-17	-0.000000E+00
8.290000E+03	-2.937246E-17	-0.000000E+00
8.300000E+03	-2.943942E-17	-0.000000E+00
8.310000E+03	-2.950650E-17	-0.000000E+00
8.320000E+03	-2.957369E-17	-0.000000E+00
8.330000E+03	-2.964102E-17	-0.000000E+00
8.340000E+03	-2.970846E-17	-0.000000E+00
8.350000E+03	-2.977601E-17	-0.000000E+00
8.360000E+03	-2.984369E-17	-0.000000E+00
8.370000E+03	-2.991149E-17	-0.000000E+00
8.380000E+03	-2.997943E-17	-0.000000E+00
8.390000E+03	-3.004750E-17	-0.000000E+00
8.400000E+03	-3.011571E-17	-0.000000E+00
8.410000E+03	-3.018405E-17	-0.000000E+00
8.420000E+03	-3.025254E-17	-0.000000E+00
8.430000E+03	-3.032117E-17	-0.000000E+00
8.440000E+03	-3.038997E-17	-0.000000E+00
8.450000E+03	-3.045891E-17	-0.000000E+00
8.460000E+03	-3.052801E-17	-0.000000E+00
8.470000E+03	-3.059728E-17	-0.000000E+00
8.480000E+03	-3.066672E-17	-0.000000E+00
8.490000E+03	-3.073635E-17	-0.000000E+00
8.500000E+03	-3.080614E-17	-0.000000E+00
8.510000E+03	-3.087613E-17	-0.000000E+00
8.520000E+03	-3.094632E-17	-0.000000E+00
8.530000E+03	-3.101670E-17	-0.000000E+00
8.540000E+03	-3.108730E-17	-0.000000E+00
8.550000E+03	-3.115811E-17	-0.000000E+00
8.560000E+03	-3.122914E-17	-0.000000E+00
8.570000E+03	-3.130040E-17	-0.000000E+00
8.580000E+03	-3.137189E-17	-0.000000E+00
8.590000E+03	-3.144363E-17	-0.000000E+00
8.600000E+03	-3.151563E-17	-0.000000E+00
8.610000E+03	-3.158789E-17	-0.000000E+00
8.620000E+03	-3.166042E-17	-0.000000E+00
8.630000E+03	-3.173323E-17	-0.000000E+00
8.640000E+03	-3.180633E-17	-0.000000E+00
8.650000E+03	-3.187972E-17	-0.000000E+00
8.660000E+03	-3.195342E-17	-0.000000E+00
8.670000E+03	-3.202744E-17	-0.000000E+00
8.680000E+03	-3.210178E-17	-0.000000E+00
8.690000E+03	-3.217646E-17	-0.000000E+00
8.700000E+03	-3.225147E-17	-0.000000E+00
8.710000E+03	-3.232685E-17	-0.000000E+00
8.720000E+03	-3.240259E-17	-0.000000E+00
8.730000E+03	-3.247870E-17	-0.000000E+00
8.740000E+03	-3.255522E-17	-0.000000E+00
8.750000E+03	-3.263212E-17	-0.000000E+00
8.760000E+03	-3.270943E-17	-0.000000E+00
8.770000E+03	-3.278715E-17	-0.000000E+00
8.780000E+03	-3.286531E-17	-0.000000E+00
8.790000E+03	-3.294390E-17	-0.000000E+00
8.800000E+03	-3.302296E-17	-0.000000E+00
8.810000E+03	-3.310248E-17	-0.000000E+00
8.820000E+03	-3.318245E-17	-0.000000E+00
8.830000E+03	-3.326293E-17	-0.000000E+00
8.840000E+03	-3.334390E-17	-0.000000E+00
8.850000E+03	-3.342538E-17	-0.000000E+00
8.860000E+03	-3.350738E-17	-0.000000E+00
8.870000E+03	-3.358991E-17	-0.000000E+00
8.880000E+03	-3.367299E-17	-0.000000E+00
8.890000E+03	-3.375661E-17	-0.000000E+00
8.900000E+03	-3.384082E-17	-0.000000E+00
8.910000E+03	-3.392558E-17	-0.000000E+00
8.920000E+03	-3.401093E-17	-0.000000E+00
8.930000E+03	-3.409690E-17	-0.000000E+00
8.940000E+03	-3.418347E-17	-0.000000E+00
8.950000E+03	-3.427066E-17	-0.000000E+00
8.960000E+03	-3.435849E-17	-0.000000E+00
8.970000E+03	-3.444696E-17	-0.000000E+00
8.980000E+03	-3.453610E-17	-0.000000E+00
8.990000E+03	-3.462589E-17	-0.000000E+00
9.000000E+03	-3.471635E-17	-0.000000E+00
9.040000E+03	-3.508519E-17	-0.000000E+00
9.080000E+03	-3.546564E-17	-0.000000E+00
9.120000E+03	-3.585826E-17	-0.000000E+00
9.160000E+03	-3.626354E-17	-0.000000E+00
9.200000E+03	-3.668191E-17	-0.000000E+00
9.240000E+03	-3.711366E-17	-0.000000E+00
9.280000E+03	-3.755894E-17	-0.000000E+00
9.320000E+03	-3.801783E-17	-0.000000E+00
9.360000E+03	-3.849024E-17	-0.000000E+00
9.400000E+03	-3.897589E-17	-0.000000E+00
9.440000E+03	-3.947441E-17	-0.000000E+00
9.480000E+03	-3.998524E-17	-0.000000E+00
9.520000E+03	-4.050762E-17	-0.000000E+00
9.560000E+03	-4.104067E-17	-0.000000E+00
9.600000E+03	-4.158330E-17	-0.000000E+00
9.640000E+03	-4.213434E-17	-0.000000E+00
9.680000E+03	-4.269238E-17	-0.000000E+00
9.720000E+03	-4.325593E-17	-0.000000E+00
9.760000E+03	-4.382335E-17	-0.000000E+00
9.800000E+03	-4.439292E-17	-0.000000E+00
9.840000E+03	-4.496279E-17	-0.000000E+00
9.880000E+03	-4.553106E-17	-0.000000E+00
9.920000E+03	-4.609577E-17	-0.000000E+00
9.960000E+03	-4.665494E-17	-0.000000E+00
1.000000E+04	-4.720656E-17	-0.000000E+00
1.004000E+04	-4.774866E-17	-0.000000E+00
1.008000E+04	-4.827924E-17	-0.000000E+00
1.012000E+04	-4.879639E-17	-0.000000E+00
1.016000E+04	-4.929830E-17	-0.000000E+00
1.020000E+04	-4.978314E-17	-0.000000E+00
1.024000E+04	-5.024926E-17	-0.000000E+00
1.028000E+04	-5.069507E-17	-0.000000E+00
1.032000E+04	-5.111916E-17	-0.000000E+00
